7 20 27 44 75 89 91 92 123 129 137 214 219 259 270 298 348 413 433 450 468 553 572 587 595 607 609 652 669 679 710 750 766 792 810 839 840 885 892 897 982 985 1005 1021 1034 1069 1114 1220 1226 1279 1291 1316 1359 1370 1382 1384 1424 1437 1460 1470 1471 1511 1514 1523 1536 1567 1568 1570 1600 1601 1638 1651 1673 1681 1711 1717 1760 1767 1781 1796 1809 1861 1886 1913 1922 1990
106 151 275 552 561 723 801 820 1129 1172 1219 1504 1525 1734 1807 1882 1911 1947
36 58 88 110 217 236 238 243 271 281 292 406 513 617 665 701 752 838 951 1002 1061 1073 1132 1183 1354 1365 1372 1411 1485 1493 1520 1593 1594 1650 1669 1686 1701 1713 1723 1825 1902 1903 1995
61 112 156 239 301 302 318 368 383 390 401 456 482 504 584 664 714 815 834 887 903 916 928 934 962 967 1016 1022 1042 1089 1095 1105 1184 1202 1206 1229 1266 1269 1303 1421 1515 1540 1609 1627 1643 1668 1670 1731 1774 1795 1876 1932
31 150 175 185 187 287 328 333 361 379 403 454 475 479 501 544 668 926 1013 1071 1109 1217 1221 1308 1318 1751 1849 1860
78 149 279 385 405 545 565 581 784 803 930 945 953 989 1031 1036 1075 1085 1113 1194 1205 1208 1249 1322 1658 1790 1793 1810 1814 1835 1857 1910 1942 1943 1994
177 237 491 492 536 628 658 667 689 940 1654 1697 1803 1812 1863
19 26 39 57 77 458 462 539 579 717 719 794 846 900 956 974 994 1023 1045 1215 1347 1379 1392 1555 1664 1855 1896
234 399 585 586 742 806 814 1063 1127 1290 1655 1772 1817 1856 1873 1904 1986
79 256 341 445 451 500 812 816 852 877 1084 1133 1278 1428 1480 1606 1737
76 174 195 199 209 276 286 391 402 439 446 486 677 698 808 889 893 902 1009 1037 1092 1182 1256 1287 1348 1430 1436 1508 1513 1562 1580 1700 1736 1833 1949 1958 1997
6 17 25 43 115 300 320 414 510 526 597 726 730 734 785 923 1137 1161 1200 1235 1475 1492 1579 1642 1671 1683 1707 1740 1759 1829 1852 1953
4 42 100 160 162 170 205 232 274 283 294 331 352 467 472 542 600 615 633 682 703 749 796 821 828 844 870 875 952 954 976 980 992 1006 1066 1067 1097 1116 1146 1201 1210 1238 1242 1254 1264 1282 1325 1329 1350 1378 1413 1431 1487 1521 1557 1595 1621 1784 1801 1827 1831 1845 1875 1901 1917 1921 1963 1987
2 62 121 145 157 324 339 423 523 612 712 780 791 984 1019 1060 1143 1257 1261 1328 1414 1620 1775 1866
153 166 180 193 310 317 588 589 706 855 857 874 896 964 1171 1179 1450 1556 1561 1762 1979 1984
1 18 72 73 82 107 142 146 169 173 188 216 220 227 253 260 312 363 387 400 411 425 443 459 473 485 487 518 528 533 582 618 653 655 670 694 725 744 771 819 843 856 886 901 909 912 971 1033 1087 1093 1096 1106 1110 1126 1130 1135 1151 1170 1173 1178 1191 1203 1211 1223 1228 1239 1252 1297 1309 1357 1389 1410 1420 1456 1484 1501 1509 1531 1546 1573 1587 1687 1770 1920 1935 1939 1950 1988
48 55 194 223 727 743 754 1230 1364 1465 1534 1574 1745 1777
33 120 181 351 381 440 849 914 949 1260 1360 1383 1386 1429 1435 1722 1738 1752 1787 1887
69 70 108 154 280 382 564 675 761 782 783 835 978 1025 1050 1139 1255 1265 1301 1380 1569 1571 1607 1614 1630 1682 1868 1985
5 16 35 52 54 59 87 132 152 222 224 226 263 290 323 369 395 438 480 519 593 605 623 676 774 825 845 866 869 876 894 895 937 1049 1072 1121 1134 1186 1193 1198 1232 1253 1307 1327 1373 1400 1409 1412 1434 1448 1454 1524 1553 1563 1591 1617 1631 1661 1667 1677 1693 1705 1720 1735 1739 1806 1808 1837 1865 1895 1977 1998
30 85 111 140 179 304 307 329 332 367 374 409 419 452 556 563 602 631 674 681 684 685 721 722 860 872 921 941 950 955 1010 1020 1100 1111 1142 1176 1187 1246 1247 1248 1263 1283 1289 1349 1361 1396 1418 1419 1441 1467 1526 1544 1552 1560 1755 1764 1778 1799 1836 1883 1951 1989
21 50 208 288 384 463 498 620 647 715 776 824 973 1081 1099 1158 1190 1368 1403 1858 1894 1956 1982
98 113 128 136 144 230 235 254 508 559 603 699 746 800 851 883 904 910 966 1017 1026 1053 1058 1118 1160 1174 1192 1244 1339 1457 1482 1490 1610 1636 1639 1652 1656 1666 1744 1757 1758 1819 1847 1888 1933 1966
196 356 493 548 622 932 1074 1148 1335 1375 1542 1577 1624 1754 1832
84 191 244 249 308 353 360 370 569 635 762 827 996 1024 1216 1280 1324 1330 1395 1439 1466 1488 1496 1505 1507 1603 1632 1657 1871 1877 1879
161 619 644 649 826 988 1333 1385 1433 1453 1547 1716 1783
34 67 96 197 210 240 250 293 309 327 355 388 408 418 427 430 460 497 512 554 555 567 570 575 608 611 624 645 696 705 709 737 798 822 831 836 841 842 958 987 1030 1043 1056 1082 1088 1117 1120 1122 1123 1125 1141 1152 1156 1166 1222 1258 1259 1294 1336 1341 1506 1510 1554 1583 1592 1596 1599 1602 1611 1674 1675 1708 1749 1780 1844 1912 1944 1955 1957
15 65 125 342 429 435 494 503 507 532 538 592 711 890 1011 1059 1147 1227 1268 1334 1358 1363 1366 1402 1463 1468 1634 1672 1703 1919 1983 1991
315 337 365 420 448 583 662 769 858 995 1136 1391
8 38 64 116 124 138 172 198 212 261 277 311 340 343 346 372 392 404 477 483 509 527 530 557 659 692 733 745 751 764 799 802 805 832 848 853 880 884 899 925 942 969 986 1007 1035 1052 1098 1140 1199 1245 1270 1274 1296 1343 1367 1406 1416 1444 1461 1478 1502 1538 1558 1578 1590 1605 1626 1663 1690 1695 1709 1733 1771 1805 1842 1850 1923 1926 1981 1996
45 101 155 168 231 245 273 284 314 344 349 359 547 573 604 613 713 729 767 833 965 1040 1051 1119 1162 1207 1369 1404 1543 1622 1629 1660 1725 1768 1853 1907
49 165 171 218 285 325 366 394 474 591 625 642 691 1041 1047 1177 1548 1645 1648 1676 1694 1743 1763 1818 1878
99 118 182 267 373 407 415 505 506 511 634 637 756 768 773 859 862 960 1004 1390 1401 1458 1653 1804 1862 1969 1974
41 60 74 322 393 417 465 478 515 529 558 614 666 686 747 757 830 913 924 938 961 999 1038 1214 1321 1326 1342 1362 1374 1387 1399 1408 1438 1440 1462 1473 1551 1581 1589 1625 1644 1692 1706 1747 1750 1773 1914 1968
23 158 164 203 305 350 422 437 469 470 549 560 656 693 707 720 755 759 781 933 991 993 1212 1241 1243 1262 1298 1356 1432 1451 1459 1486 1519 1533 1730 1786 1830 1870 1980
51 66 97 102 133 183 184 186 211 229 246 268 278 295 316 338 376 441 447 466 488 489 521 546 562 578 580 596 639 646 651 671 735 741 753 763 772 811 813 865 867 888 898 915 922 927 946 1076 1124 1138 1153 1154 1169 1213 1224 1272 1312 1319 1320 1332 1351 1376 1427 1442 1447 1494 1512 1527 1633 1637 1641 1680 1688 1691 1696 1721 1756 1761 1769 1794 1802 1822 1826 1834 1854 1891 1915 1927 1952 1971
29 47 56 68 81 90 109 130 131 189 215 319 358 424 428 471 516 610 663 702 731 736 739 758 765 818 854 943 957 970 972 979 1039 1048 1115 1181 1185 1295 1310 1337 1352 1353 1371 1377 1477 1495 1564 1566 1576 1646 1649 1662 1689 1710 1753 1766 1789 1800 1811 1828 1841 1848 1869 1872 1892 1918 1993
24 53 83 95 126 202 266 282 289 321 335 357 389 444 455 517 577 599 643 697 738 770 861 908 1012 1028 1054 1195 1344 1405 1423 1449 1464 1469 1472 1483 1584 1615 1698 1724 1728 1746 1779 1843 1905 1954 1960 1967 1992
9 94 241 678 700 807 878 1234 1273 1452 1549 1559 1712 1851 1859 1885 1889
134 804 983 1003 1062 1091 1150 1240 1455 1491 1530 1582
14 139 163 167 242 257 258 396 412 496 520 566 627 654 673 823 837 905 919 929 939 1057 1065 1068 1102 1168 1180 1231 1237 1251 1317 1323 1340 1355 1443 1498 1516 1545 1608 1684 1715 1719 1726 1824 1880 1924 1925 1961
13 201 207 213 233 377 421 481 514 534 535 576 779 797 936 963 968 1080 1090 1196 1250 1422 1481 1497 1640 1647 1702 1714 1928 1930 1959
247 334 490 524 640 718 788 795 809 911 1064 1101 1189 1236 1275 1286 1313 1407 1476 1598 1742 1791 1813 1874 1929 1946
12 22 105 135 225 228 252 262 306 336 345 362 397 431 476 522 568 598 630 632 641 724 790 868 882 906 920 948 959 990 997 1094 1103 1112 1288 1292 1304 1426 1541 1704 1821 1867 1931
117 127 386 449 543 672 708 760 850 1163 1489 1503 1586 1839
32 221 326 364 442 453 502 571 687 793 829 1032 1044 1144 1331 1381 1479 1565 1604 1616 1785 1846 1897 1975
3 37 40 80 122 148 159 190 206 248 264 296 297 303 313 380 398 410 531 540 551 574 590 606 621 688 695 704 716 732 777 863 864 871 873 907 931 944 975 1014 1046 1070 1104 1131 1145 1175 1218 1271 1277 1284 1300 1302 1306 1338 1345 1397 1446 1518 1522 1528 1535 1537 1539 1575 1659 1732 1782 1792 1798 1823 1881 1899 1937 1938 1940 1948 1973
11 71 143 176 251 255 269 272 330 378 432 457 461 499 636 648 740 789 817 847 879 891 1029 1079 1165 1285 1293 1346 1398 1417 1425 1445 1474 1529 1532 1550 1597 1628 1665 1678 1699 1729 1776 1820 1838 1840 1864 1898 1908 1909 1945 1964 1965 1978 1999
28 46 63 86 104 114 119 141 147 204 265 371 434 436 464 484 550 650 660 690 728 881 917 935 947 981 998 1000 1018 1055 1077 1078 1128 1167 1188 1225 1276 1299 1305 1500 1517 1585 1612 1613 1618 1623 1679 1685 1748 1797 1884 1893 1916 1934 1941 1972
192 525 541 616 626 638 661 683 775 778 918 1008 1015 1083 1107 1108 1149 1159 1197 1233 1311 1499 1572 1588 1635 1718 1727 1970
0 10 93 103 178 200 291 299 347 354 375 416 426 495 537 594 601 629 657 680 748 786 787 977 1001 1027 1086 1155 1157 1164 1204 1209 1267 1281 1314 1315 1388 1393 1394 1415 1619 1741 1765 1788 1815 1816 1890 1900 1906 1936 1962 1976
