0 69
1 2
2 17
3 6
4 72
5 17
6 19
7 51
8 28
9 27
10 59
11 85
12 97
13 95
14 50
15 47
16 96
17 66
18 72
19 3
20 68
21 64
22 50
23 8
24 37
25 26
26 51
27 37
28 74
29 32
30 44
31 39
32 70
33 65
34 102
35 13
36 67
37 86
38 71
39 36
40 83
41 70
42 55
43 38
44 72
45 92
46 66
47 17
48 9
49 60
50 46
51 12
52 2
53 53
54 69
55 10
56 15
57 12
58 60
59 41
60 95
61 86
62 98
63 34
64 76
65 85
66 87
67 77
68 73
69 95
70 101
71 69
72 42
73 22
74 85
75 29
76 57
77 77
78 67
79 80
80 80
81 60
82 5
83 88
84 56
85 70
86 42
87 39
88 59
89 59
90 43
91 17
92 22
93 80
94 11
95 87
96 2
97 69
98 71
99 14
100 97
101 41
102 70
103 65
104 82
105 103
106 53
107 5
108 46
109 97
110 55
111 27
112 53
113 69
114 7
115 42
116 69
117 31
118 64
119 97
120 31
121 62
122 23
123 59
124 70
125 98
126 62
127 97
128 60
129 101
130 36
131 1
132 16
133 48
134 17
135 76
136 70
137 21
138 66
139 29
140 51
141 87
142 28
143 57
144 13
145 102
146 32
147 55
148 5
149 56
150 98
151 50
152 99
153 10
154 60
155 45
156 14
157 84
158 27
159 10
160 80
161 99
162 20
163 42
164 62
165 66
166 75
167 65
168 48
169 6
170 101
171 90
172 13
173 74
174 13
175 70
176 101
177 56
178 17
179 77
180 84
181 88
182 14
183 48
184 15
185 30
186 97
187 71
188 80
189 88
190 65
191 80
192 77
193 26
194 86
195 48
196 59
197 29
198 53
199 86
200 102
201 67
202 10
203 55
204 101
205 40
206 80
207 6
208 59
209 36
210 57
211 76
212 80
213 83
214 27
215 29
216 55
217 26
218 92
219 13
220 92
221 82
222 11
223 12
224 54
225 2
226 36
227 97
228 41
229 47
230 28
231 97
232 88
233 26
234 47
235 12
236 2
237 97
238 17
239 10
240 102
241 6
242 66
243 97
244 18
245 55
246 23
247 48
248 32
249 52
250 92
251 32
252 17
253 100
254 46
255 28
256 16
257 60
258 27
259 5
260 6
261 101
262 71
263 18
264 18
265 6
266 92
267 80
268 80
269 101
270 102
271 36
272 83
273 57
274 62
275 10
276 51
277 52
278 5
279 77
280 72
281 36
282 88
283 71
284 9
285 60
286 15
287 69
288 47
289 97
290 17
291 39
292 65
293 102
294 59
295 60
296 67
297 84
298 70
299 84
300 51
301 5
302 80
303 88
304 70
305 86
306 7
307 97
308 37
309 60
310 69
311 57
312 56
313 30
314 40
315 88
316 90
317 59
318 15
319 57
320 97
321 14
322 95
323 30
324 44
325 58
326 29
327 103
328 85
329 48
330 71
331 93
332 36
333 8
334 48
335 20
336 56
337 100
338 85
339 19
340 11
341 46
342 57
343 53
344 32
345 67
346 77
347 1
348 63
349 72
350 2
351 48
352 49
353 80
354 17
355 48
356 104
357 97
358 51
359 96
360 15
361 3
362 88
363 36
364 82
365 56
366 2
367 50
368 76
369 67
370 48
371 30
372 80
373 39
374 70
375 60
376 66
377 92
378 42
379 95
380 41
381 5
382 85
383 41
384 22
385 85
386 70
387 44
388 84
389 101
390 75
391 33
392 69
393 67
394 53
395 90
396 66
397 97
398 5
399 80
400 56
401 50
402 69
403 8
404 32
405 77
406 2
407 18
408 50
409 70
410 57
411 83
412 49
413 69
414 15
415 30
416 66
417 60
418 60
419 30
420 92
421 53
422 90
423 49
424 70
425 64
426 90
427 32
428 26
429 40
430 49
431 97
432 13
433 71
434 43
435 61
436 9
437 100
438 37
439 9
440 13
441 7
442 88
443 55
444 4
445 48
446 28
447 55
448 1
449 21
450 1
451 29
452 87
453 71
454 13
455 19
456 46
457 42
458 62
459 9
460 55
461 17
462 2
463 102
464 92
465 36
466 4
467 41
468 5
469 50
470 95
471 57
472 54
473 13
474 98
475 2
476 56
477 30
478 53
479 64
480 50
481 55
482 66
483 67
484 48
485 9
486 52
487 38
488 104
489 66
490 59
491 43
492 44
493 8
494 77
495 72
496 85
497 20
498 28
499 9
500 64
501 33
502 51
503 97
504 97
505 69
506 75
507 99
508 48
509 86
510 80
511 97
512 65
513 26
514 76
515 9
516 67
517 60
518 70
519 36
520 1
521 18
522 24
523 50
524 23
525 101
526 97
527 60
528 25
529 27
530 87
531 92
532 56
533 30
534 101
535 2
536 53
537 29
538 77
539 86
540 97
541 24
542 86
543 65
544 50
545 48
546 83
547 32
548 57
549 86
550 17
551 16
552 92
553 12
554 2
555 41
556 73
557 6
558 2
559 74
560 62
561 2
562 50
563 68
564 17
565 41
566 14
567 87
568 27
569 22
570 18
571 82
572 72
573 77
574 41
575 72
576 72
577 14
578 84
579 81
580 18
581 103
582 27
583 61
584 35
585 88
586 61
587 75
588 87
589 5
590 7
591 85
592 27
593 28
594 63
595 81
596 88
597 29
598 67
599 97
600 101
601 94
602 89
603 52
604 71
605 2
606 92
607 59
608 92
609 21
610 91
611 80
612 10
613 67
614 80
615 41
616 27
617 81
618 37
619 30
620 79
621 59
622 35
623 57
624 66
625 26
626 17
627 41
628 15
629 39
630 25
631 93
632 66
633 97
634 62
635 56
636 29
637 56
638 3
639 49
640 56
641 7
642 68
643 49
644 50
645 98
646 68
647 66
648 59
649 50
650 12
651 59
652 88
653 93
654 46
655 89
656 72
657 17
658 5
659 46
660 45
661 57
662 66
663 59
664 72
665 92
666 12
667 2
668 48
669 20
670 22
671 12
672 101
673 36
674 36
675 17
676 25
677 50
678 23
679 89
680 77
681 88
682 36
683 85
684 11
685 101
686 28
687 29
688 82
689 92
690 59
691 70
692 30
693 97
694 92
695 27
696 17
697 88
698 7
699 97
700 70
701 69
702 83
703 56
704 70
705 36
706 20
707 10
708 71
709 28
710 53
711 14
712 31
713 66
714 48
715 101
716 56
717 85
718 17
719 57
720 10
721 12
722 10
723 57
724 51
725 53
726 42
727 50
728 97
729 88
730 56
731 84
732 97
733 76
734 21
735 2
736 10
737 68
738 7
739 67
740 60
741 7
742 71
743 36
744 69
745 82
746 51
747 53
748 29
749 28
750 55
751 40
752 3
753 65
754 69
755 61
756 40
757 83
758 51
759 22
760 53
761 94
762 88
763 30
764 28
765 44
766 74
767 59
768 28
769 27
770 72
771 92
772 80
773 100
774 5
775 48
776 51
777 59
778 13
779 85
780 29
781 1
782 87
783 65
784 81
785 84
786 19
787 42
788 41
789 69
790 41
791 60
792 87
793 95
794 62
795 5
796 41
797 5
798 16
799 79
800 96
801 84
802 6
803 56
804 82
805 57
806 95
807 25
808 96
809 60
810 103
811 61
812 66
813 88
814 52
815 65
816 2
817 5
818 79
819 59
820 56
821 101
822 2
823 73
824 36
825 88
826 36
827 21
828 75
829 65
830 30
831 8
832 36
833 10
834 87
835 86
836 30
837 36
838 2
839 50
840 66
841 65
842 98
843 48
844 70
845 98
846 30
847 97
848 24
849 64
850 71
851 97
852 80
853 84
854 53
855 92
856 46
857 101
858 75
859 9
860 84
861 17
862 33
863 55
864 71
865 103
866 10
867 4
868 69
869 30
870 17
871 69
872 102
873 37
874 15
875 10
876 17
877 67
878 23
879 83
880 13
881 92
882 29
883 41
884 102
885 73
886 88
887 54
888 60
889 102
890 86
891 56
892 50
893 97
894 9
895 54
896 31
897 66
898 60
899 48
900 49
901 5
902 1
903 80
904 71
905 60
906 55
907 86
908 86
909 51
910 66
911 28
912 43
913 15
914 17
915 28
916 68
917 42
918 29
919 97
920 51
921 35
922 101
923 90
924 50
925 53
926 70
927 69
928 56
929 17
930 77
931 6
932 86
933 36
934 71
935 55
936 51
937 30
938 70
939 48
940 12
941 96
942 87
943 6
944 88
945 36
946 30
947 13
948 9
949 98
950 43
951 13
952 72
953 41
954 15
955 60
956 71
957 97
958 55
959 83
960 59
961 53
962 60
963 48
964 71
965 42
966 56
967 42
968 97
969 10
970 26
971 50
972 97
973 14
974 92
975 87
976 66
977 64
978 17
979 62
980 80
981 80
982 84
983 21
984 64
985 20
986 57
987 59
988 17
989 97
990 89
991 26
992 88
993 17
994 41
995 87
996 8
997 58
998 71
999 92
1000 91
1001 80
1002 71
1003 78
1004 84
1005 97
1006 9
1007 41
1008 97
1009 16
1010 91
1011 11
1012 41
1013 3
1014 36
1015 10
1016 32
1017 41
1018 50
1019 2
1020 27
1021 103
1022 102
1023 25
1024 53
1025 62
1026 11
1027 9
1028 5
1029 97
1030 81
1031 72
1032 5
1033 53
1034 94
1035 92
1036 77
1037 63
1038 101
1039 69
1040 28
1041 101
1042 85
1043 89
1044 32
1045 29
1046 92
1047 27
1048 44
1049 49
1050 78
1051 85
1052 92
1053 50
1054 86
1055 71
1056 101
1057 34
1058 101
1059 13
1060 7
1061 29
1062 42
1063 92
1064 9
1065 60
1066 87
1067 92
1068 73
1069 49
1070 68
1071 60
1072 85
1073 48
1074 88
1075 100
1076 46
1077 97
1078 53
1079 71
1080 93
1081 86
1082 97
1083 32
1084 29
1085 48
1086 56
1087 84
1088 36
1089 41
1090 97
1091 2
1092 64
1093 6
1094 54
1095 87
1096 8
1097 76
1098 60
1099 97
1100 77
1101 7
1102 31
1103 85
1104 85
1105 28
1106 45
1107 77
1108 10
1109 60
1110 56
1111 20
1112 70
1113 57
1114 8
1115 53
1116 100
1117 66
1118 72
1119 12
1120 88
1121 63
1122 8
1123 55
1124 49
1125 71
1126 21
1127 83
1128 28
1129 65
1130 41
1131 41
1132 13
1133 6
1134 11
1135 17
1136 87
1137 10
1138 30
1139 98
1140 24
1141 57
1142 101
1143 66
1144 11
1145 64
1146 43
1147 70
1148 42
1149 53
1150 16
1151 92
1152 101
1153 102
1154 84
1155 66
1156 87
1157 66
1158 80
1159 59
1160 65
1161 30
1162 71
1163 10
1164 51
1165 30
1166 21
1167 50
1168 97
1169 73
1170 92
1171 42
1172 29
1173 5
1174 20
1175 29
1176 17
1177 80
1178 80
1179 42
1180 21
1181 60
1182 100
1183 72
1184 21
1185 83
1186 30
1187 10
1188 36
1189 56
1190 71
1191 41
1192 54
1193 96
1194 101
1195 100
1196 99
1197 7
1198 32
1199 78
1200 67
1201 59
1202 51
1203 67
1204 34
1205 56
1206 10
1207 39
1208 21
1209 92
1210 41
1211 72
1212 65
1213 9
1214 59
1215 15
1216 40
1217 81
1218 100
1219 95
1220 82
1221 77
1222 87
1223 100
1224 17
1225 24
1226 70
1227 92
1228 18
1229 41
1230 11
1231 8
1232 47
1233 36
1234 59
1235 92
1236 72
1237 17
1238 33
1239 74
1240 5
1241 51
1242 59
1243 96
1244 86
1245 63
1246 83
1247 98
1248 60
1249 66
1250 15
1251 33
1252 100
1253 9
1254 50
1255 33
1256 60
1257 72
1258 5
1259 27
1260 14
1261 72
1262 48
1263 53
1264 69
1265 88
1266 42
1267 31
1268 77
1269 98
1270 101
1271 55
1272 21
1273 30
1274 66
1275 34
1276 59
1277 98
1278 80
1279 48
1280 32
1281 5
1282 17
1283 56
1284 54
1285 87
1286 48
1287 22
1288 21
1289 60
1290 21
1291 65
1292 83
1293 71
1294 101
1295 101
1296 69
1297 53
1298 62
1299 68
1300 88
1301 69
1302 95
1303 29
1304 21
1305 5
1306 51
1307 5
1308 84
1309 17
1310 5
1311 10
1312 5
1313 53
1314 68
1315 36
1316 51
1317 66
1318 6
1319 65
1320 15
1321 71
1322 29
1323 15
1324 51
1325 72
1326 97
1327 84
1328 102
1329 36
1330 11
1331 60
1332 103
1333 77
1334 60
1335 69
1336 99
1337 11
1338 90
1339 83
1340 22
1341 48
1342 97
1343 98
1344 38
1345 59
1346 59
1347 72
1348 54
1349 41
1350 29
1351 67
1352 80
1353 25
1354 56
1355 53
1356 71
1357 86
1358 101
1359 97
1360 26
1361 34
1362 50
1363 88
1364 28
1365 50
1366 88
1367 79
1368 90
1369 41
1370 13
1371 102
1372 55
1373 30
1374 13
1375 8
1376 66
1377 62
1378 56
1379 4
1380 71
1381 88
1382 36
1383 62
1384 65
1385 4
1386 41
1387 69
1388 15
1389 63
1390 34
1391 50
1392 50
1393 42
1394 59
1395 37
1396 46
1397 42
1398 75
1399 56
1400 30
1401 86
1402 87
1403 59
1404 42
1405 56
1406 52
1407 19
1408 87
1409 60
1410 17
1411 66
1412 66
1413 69
1414 79
1415 34
1416 84
1417 51
1418 88
1419 30
1420 41
1421 88
1422 15
1423 98
1424 82
1425 32
1426 34
1427 27
1428 10
1429 77
1430 10
1431 103
1432 101
1433 5
1434 75
1435 85
1436 77
1437 29
1438 55
1439 42
1440 71
1441 101
1442 53
1443 78
1444 53
1445 41
1446 84
1447 50
1448 24
1449 37
1450 44
1451 32
1452 34
1453 59
1454 60
1455 54
1456 83
1457 44
1458 60
1459 5
1460 27
1461 72
1462 34
1463 34
1464 66
1465 14
1466 46
1467 71
1468 30
1469 92
1470 11
1471 66
1472 56
1473 72
1474 102
1475 33
1476 41
1477 99
1478 56
1479 41
1480 85
1481 59
1482 20
1483 27
1484 95
1485 12
1486 84
1487 53
1488 32
1489 50
1490 11
1491 26
1492 98
1493 42
1494 44
1495 8
1496 12
1497 59
1498 79
1499 27
1500 71
1501 81
1502 48
1503 11
1504 101
1505 97
1506 41
1507 84
1508 71
1509 41
1510 64
1511 30
1512 29
1513 47
1514 53
1515 2
1516 51
1517 7
1518 9
1519 78
1520 41
1521 22
1522 31
1523 84
1524 2
1525 20
1526 80
1527 53
1528 38
1529 72
1530 41
1531 12
1532 87
1533 102
1534 51
1535 56
1536 61
1537 101
1538 56
1539 56
1540 42
1541 9
1542 101
1543 53
1544 101
1545 28
1546 9
1547 66
1548 102
1549 101
1550 90
1551 9
1552 9
1553 86
1554 42
1555 69
1556 101
1557 86
1558 69
1559 98
1560 58
1561 101
1562 62
1563 59
1564 9
1565 80
1566 60
1567 67
1568 97
1569 53
1570 5
1571 6
1572 9
1573 83
1574 32
1575 59
1576 66
1577 27
1578 9
1579 32
1580 102
1581 51
1582 45
1583 66
1584 86
1585 25
1586 77
1587 81
1588 98
1589 36
1590 8
1591 69
1592 15
1593 70
1594 55
1595 36
1596 71
1597 36
1598 95
1599 91
1600 97
1601 15
1602 73
1603 35
1604 70
1605 56
1606 53
1607 62
1608 47
1609 91
1610 1
1611 65
1612 54
1613 71
1614 44
1615 48
1616 67
1617 49
1618 65
1619 13
1620 17
1621 100
1622 101
1623 67
1624 29
1625 30
1626 36
1627 87
1628 51
1629 80
1630 14
1631 81
1632 101
1633 78
1634 81
1635 96
1636 97
1637 26
1638 74
1639 84
1640 51
1641 71
1642 72
1643 48
1644 80
1645 9
1646 1
1647 7
1648 63
1649 48
1650 36
1651 48
1652 97
1653 7
1654 23
1655 8
1656 5
1657 36
1658 67
1659 50
1660 7
1661 104
1662 27
1663 96
1664 84
1665 2
1666 65
1667 71
1668 31
1669 17
1670 62
1671 30
1672 36
1673 71
1674 59
1675 23
1676 101
1677 91
1678 89
1679 31
1680 74
1681 97
1682 66
1683 93
1684 85
1685 28
1686 42
1687 71
1688 59
1689 103
1690 47
1691 44
1692 66
1693 66
1694 15
1695 46
1696 56
1697 67
1698 28
1699 51
1700 30
1701 67
1702 80
1703 76
1704 52
1705 101
1706 88
1707 14
1708 102
1709 74
1710 59
1711 101
1712 87
1713 71
1714 17
1715 17
1716 47
1717 92
1718 100
1719 86
1720 66
1721 63
1722 10
1723 10
1724 72
1725 58
1726 20
1727 101
1728 22
1729 66
1730 80
1731 30
1732 56
1733 17
1734 72
1735 95
1736 8
1737 97
1738 38
1739 50
1740 88
1741 8
1742 61
1743 85
1744 56
1745 9
1746 11
1747 47
1748 41
1749 14
1750 21
1751 41
1752 88
1753 84
1754 65
1755 71
1756 59
1757 20
1758 44
1759 18
1760 95
1761 71
1762 21
1763 74
1764 72
1765 80
1766 94
1767 50
1768 72
1769 101
1770 60
1771 72
1772 84
1773 9
1774 17
1775 104
1776 55
1777 89
1778 48
1779 72
1780 71
1781 33
1782 69
1783 66
1784 36
1785 92
1786 59
1787 102
1788 3
1789 55
1790 87
1791 20
1792 29
1793 102
1794 27
1795 62
1796 28
1797 36
1798 66
1799 97
1800 13
1801 103
1802 41
1803 92
1804 77
1805 33
1806 97
1807 41
1808 93
1809 56
1810 86
1811 57
1812 62
1813 98
1814 30
1815 25
1816 48
1817 28
1818 62
1819 63
1820 62
1821 81
1822 29
1823 27
1824 63
1825 72
1826 18
1827 78
1828 77
1829 78
1830 11
1831 59
1832 60
1833 93
1834 23
1835 6
1836 87
1837 101
1838 70
1839 53
1840 43
1841 36
1842 71
1843 38
1844 92
1845 98
1846 69
1847 51
1848 66
1849 60
1850 69
1851 30
1852 68
1853 84
1854 70
1855 8
1856 41
1857 36
1858 97
1859 98
1860 5
1861 59
1862 41
1863 75
1864 20
1865 2
1866 84
1867 67
1868 21
1869 10
1870 7
1871 78
1872 14
1873 49
1874 35
1875 65
1876 15
1877 5
1878 46
1879 50
1880 80
1881 71
1882 4
1883 74
1884 88
1885 41
1886 55
1887 96
1888 15
1889 87
1890 62
1891 56
1892 62
1893 35
1894 21
1895 35
1896 65
1897 80
1898 56
1899 36
1900 62
1901 38
1902 59
1903 46
1904 28
1905 2
1906 39
1907 36
1908 51
1909 97
1910 76
1911 28
1912 58
1913 41
1914 65
1915 56
1916 69
1917 53
1918 88
1919 101
1920 83
1921 95
1922 25
1923 21
1924 80
1925 66
1926 64
1927 9
1928 82
1929 47
1930 57
1931 42
1932 80
1933 56
1934 1
1935 51
1936 69
1937 42
1938 10
1939 52
1940 48
1941 55
1942 32
1943 24
1944 85
1945 60
1946 91
1947 99
1948 2
1949 67
1950 64
1951 53
1952 25
1953 100
1954 48
1955 56
1956 60
1957 32
1958 67
1959 104
1960 29
1961 30
1962 71
1963 5
1964 70
1965 47
1966 5
1967 69
1968 44
1969 82
1970 59
1971 99
1972 14
1973 67
1974 44
1975 85
1976 87
1977 81
1978 59
1979 62
1980 71
1981 104
1982 84
1983 80
1984 41
1985 51
1986 87
1987 80
1988 72
1989 2
1990 101
1991 16
1992 88
1993 80
1994 96
1995 13
1996 69
1997 81
1998 39
1999 60
2000 84
2001 2
2002 97
2003 10
2004 51
2005 17
2006 59
2007 98
2008 42
2009 13
2010 92
2011 66
2012 55
2013 103
2014 41
2015 49
2016 92
2017 67
2018 67
2019 76
2020 74
2021 92
2022 31
2023 30
2024 69
2025 70
2026 14
2027 38
2028 84
2029 36
2030 35
2031 41
2032 5
2033 97
2034 4
2035 77
2036 12
2037 101
2038 42
2039 60
2040 66
2041 2
2042 7
2043 97
2044 57
2045 62
2046 45
2047 83
2048 5
2049 54
2050 80
2051 42
2052 36
2053 14
2054 54
2055 20
2056 51
2057 97
2058 93
2059 14
2060 86
2061 74
2062 51
2063 17
2064 26
2065 13
2066 14
2067 18
2068 92
2069 5
2070 65
2071 41
2072 2
2073 59
2074 56
2075 53
2076 80
2077 46
2078 41
2079 60
2080 2
2081 5
2082 59
2083 12
2084 81
2085 6
2086 41
2087 72
2088 67
2089 86
2090 11
2091 30
2092 1
2093 4
2094 6
2095 69
2096 80
2097 92
2098 3
2099 85
2100 5
2101 87
2102 66
2103 9
2104 9
2105 12
2106 15
2107 5
2108 21
2109 69
2110 6
2111 56
2112 87
2113 7
2114 30
2115 35
2116 55
2117 86
2118 84
2119 5
2120 66
2121 81
2122 14
2123 49
2124 71
2125 13
2126 20
2127 67
2128 27
2129 15
2130 5
2131 69
2132 34
2133 3
2134 97
2135 2
2136 88
2137 80
2138 86
2139 66
2140 47
2141 8
2142 67
2143 28
2144 99
2145 14
2146 101
2147 13
2148 98
2149 21
2150 65
2151 13
2152 56
2153 51
2154 92
2155 71
2156 50
2157 45
2158 92
2159 13
2160 41
2161 60
2162 2
2163 56
2164 41
2165 50
2166 69
2167 3
2168 92
2169 29
2170 48
2171 92
2172 92
2173 21
2174 5
2175 60
2176 48
2177 87
2178 88
2179 41
2180 90
2181 30
2182 50
2183 41
2184 86
2185 85
2186 69
2187 22
2188 80
2189 101
2190 53
2191 6
2192 84
2193 64
2194 56
2195 85
2196 56
2197 101
2198 84
2199 87
2200 32
2201 74
2202 6
2203 66
2204 70
2205 48
2206 4
2207 98
2208 52
2209 81
2210 27
2211 73
2212 13
2213 72
2214 96
2215 36
2216 41
2217 50
2218 82
2219 53
2220 92
2221 88
2222 54
2223 80
2224 84
2225 2
2226 63
2227 61
2228 48
2229 28
2230 89
2231 84
2232 84
2233 57
2234 54
2235 98
2236 101
2237 10
2238 56
2239 101
2240 67
2241 59
2242 30
2243 29
2244 46
2245 20
2246 78
2247 34
2248 55
2249 41
2250 71
2251 92
2252 59
2253 85
2254 88
2255 92
2256 10
2257 94
2258 88
2259 31
2260 101
2261 31
2262 92
2263 10
2264 102
2265 50
2266 50
2267 24
2268 3
2269 67
2270 95
2271 51
2272 79
2273 83
2274 12
2275 70
2276 46
2277 62
2278 89
2279 85
2280 25
2281 11
2282 48
2283 51
2284 25
2285 26
2286 54
2287 30
2288 101
2289 72
2290 2
2291 59
2292 49
2293 82
2294 82
2295 95
2296 41
2297 84
2298 36
2299 55
2300 85
2301 41
2302 97
2303 53
2304 26
2305 5
2306 49
2307 17
2308 55
2309 62
2310 48
2311 50
2312 51
2313 101
2314 98
2315 5
2316 88
2317 59
2318 15
2319 56
2320 92
2321 56
2322 55
2323 56
2324 94
2325 101
2326 43
2327 4
2328 80
2329 50
2330 30
2331 79
2332 45
2333 17
2334 69
2335 57
2336 84
2337 74
2338 71
2339 51
2340 100
2341 56
2342 59
2343 99
2344 98
2345 36
2346 48
2347 3
2348 32
2349 84
2350 68
2351 73
2352 41
2353 23
2354 16
2355 11
2356 5
2357 101
2358 1
2359 72
2360 58
2361 59
2362 55
2363 72
2364 33
2365 63
2366 68
2367 87
2368 26
2369 13
2370 47
2371 76
2372 70
2373 21
2374 62
2375 50
2376 17
2377 5
2378 41
2379 29
2380 87
2381 50
2382 70
2383 101
2384 50
2385 58
2386 4
2387 71
2388 27
2389 39
2390 43
2391 49
2392 86
2393 93
2394 102
2395 72
2396 3
2397 102
2398 42
2399 87
2400 56
2401 51
2402 37
2403 88
2404 48
2405 59
2406 19
2407 59
2408 82
2409 71
2410 14
2411 66
2412 71
2413 13
2414 12
2415 92
2416 50
2417 92
2418 66
2419 80
2420 95
2421 19
2422 17
2423 36
2424 10
2425 55
2426 103
2427 77
2428 13
2429 30
2430 13
2431 17
2432 77
2433 88
2434 101
2435 77
2436 66
2437 70
2438 5
2439 32
2440 17
2441 51
2442 101
2443 28
2444 72
2445 55
2446 5
2447 22
2448 28
2449 51
2450 2
2451 87
2452 76
2453 31
2454 58
2455 60
2456 28
2457 17
2458 41
2459 80
2460 46
2461 61
2462 97
2463 42
2464 88
2465 42
2466 98
2467 71
2468 97
2469 48
2470 102
2471 77
2472 21
2473 36
2474 66
2475 17
2476 69
2477 22
2478 59
2479 83
2480 3
2481 1
2482 101
2483 32
2484 30
2485 84
2486 14
2487 101
2488 77
2489 70
2490 17
2491 101
2492 41
2493 30
2494 60
2495 41
2496 86
2497 21
2498 66
2499 19
2500 69
2501 51
2502 11
2503 92
2504 70
2505 9
2506 42
2507 71
2508 53
2509 11
2510 86
2511 87
2512 67
2513 36
2514 45
2515 38
2516 20
2517 54
2518 53
2519 88
2520 17
2521 56
2522 9
2523 6
2524 57
2525 3
2526 57
2527 20
2528 65
2529 58
2530 97
2531 27
2532 67
2533 62
2534 87
2535 28
2536 37
2537 5
2538 59
2539 26
2540 30
2541 56
2542 27
2543 80
2544 5
2545 46
2546 79
2547 48
2548 103
2549 93
2550 14
2551 36
2552 8
2553 5
2554 80
2555 102
2556 32
2557 15
2558 59
2559 95
2560 45
2561 69
2562 16
2563 70
2564 51
2565 79
2566 21
2567 77
2568 77
2569 101
2570 17
2571 80
2572 55
2573 29
2574 36
2575 53
2576 35
2577 60
2578 3
2579 50
2580 88
2581 92
2582 64
2583 72
2584 26
2585 17
2586 101
2587 99
2588 36
2589 4
2590 85
2591 77
2592 85
2593 39
2594 96
2595 68
2596 82
2597 65
2598 70
2599 51
2600 70
2601 80
2602 9
2603 103
2604 46
2605 71
2606 55
2607 2
2608 66
2609 81
2610 41
2611 86
2612 2
2613 86
2614 29
2615 69
2616 5
2617 92
2618 62
2619 14
2620 102
2621 21
2622 5
2623 14
2624 2
2625 29
2626 15
2627 29
2628 92
2629 5
2630 29
2631 71
2632 86
2633 92
2634 36
2635 13
2636 13
2637 24
2638 53
2639 97
2640 57
2641 70
2642 84
2643 11
2644 46
2645 102
2646 80
2647 88
2648 27
2649 92
2650 71
2651 83
2652 62
2653 100
2654 65
2655 102
2656 70
2657 10
2658 71
2659 65
2660 88
2661 101
2662 53
2663 56
2664 4
2665 63
2666 29
2667 31
2668 29
2669 62
2670 67
2671 1
2672 77
2673 97
2674 59
2675 77
2676 40
2677 56
2678 86
2679 41
2680 80
2681 27
2682 12
2683 51
2684 101
2685 104
2686 73
2687 69
2688 62
2689 98
2690 56
2691 95
2692 81
2693 51
2694 28
2695 56
2696 50
2697 50
2698 72
2699 57
2700 92
2701 87
2702 80
2703 101
2704 77
2705 95
2706 74
2707 54
2708 98
2709 80
2710 64
2711 86
2712 88
2713 75
2714 45
2715 29
2716 25
2717 95
2718 56
2719 80
2720 13
2721 11
2722 42
2723 11
2724 60
2725 70
2726 88
2727 22
2728 69
2729 2
2730 101
2731 84
2732 84
2733 41
2734 29
2735 8
2736 93
2737 56
2738 17
2739 46
2740 60
2741 86
2742 87
2743 70
2744 9
2745 9
2746 2
2747 77
2748 14
2749 3
2750 48
2751 102
2752 28
2753 11
2754 88
2755 33
2756 91
2757 32
2758 104
2759 13
2760 33
2761 103
2762 17
2763 9
2764 102
2765 48
2766 101
2767 71
2768 41
2769 80
2770 80
2771 2
2772 35
2773 62
2774 2
2775 36
2776 8
2777 88
2778 67
2779 88
2780 13
2781 7
2782 92
2783 9
2784 34
2785 9
2786 97
2787 77
2788 56
2789 17
2790 10
2791 69
2792 72
2793 56
2794 10
2795 13
2796 84
2797 9
2798 90
2799 41
2800 100
2801 31
2802 102
2803 61
2804 80
2805 86
2806 16
2807 17
2808 2
2809 89
2810 71
2811 86
2812 89
2813 5
2814 51
2815 27
2816 86
2817 66
2818 69
2819 51
2820 24
2821 85
2822 37
2823 88
2824 104
2825 66
2826 57
2827 61
2828 69
2829 64
2830 48
2831 57
2832 37
2833 36
2834 82
2835 104
2836 13
2837 5
2838 62
2839 65
2840 52
2841 77
2842 88
2843 41
2844 56
2845 86
2846 97
2847 57
2848 85
2849 36
2850 59
2851 54
2852 100
2853 21
2854 94
2855 52
2856 20
2857 66
2858 46
2859 31
2860 5
2861 17
2862 98
2863 97
2864 89
2865 10
2866 19
2867 27
2868 20
2869 67
2870 99
2871 27
2872 17
2873 2
2874 31
2875 66
2876 48
2877 12
2878 26
2879 44
2880 101
2881 77
2882 5
2883 35
2884 50
2885 72
2886 14
2887 17
2888 66
2889 56
2890 88
2891 27
2892 71
2893 60
2894 45
2895 103
2896 72
2897 57
2898 31
2899 40
2900 51
2901 97
2902 41
2903 87
2904 26
2905 57
2906 80
2907 30
2908 15
2909 51
2910 92
2911 23
2912 55
2913 67
2914 71
2915 66
2916 51
2917 27
2918 101
2919 49
2920 88
2921 48
2922 27
2923 72
2924 32
2925 57
2926 42
2927 14
2928 41
2929 88
2930 102
2931 12
2932 102
2933 2
2934 57
2935 84
2936 92
2937 17
2938 10
2939 10
2940 30
2941 20
2942 50
2943 23
2944 82
2945 5
2946 51
2947 100
2948 31
2949 31
2950 57
2951 51
2952 70
2953 5
2954 97
2955 101
2956 43
2957 66
2958 36
2959 28
2960 83
2961 58
2962 59
2963 55
2964 4
2965 65
2966 40
2967 81
2968 77
2969 46
2970 59
2971 11
2972 50
2973 82
2974 13
2975 88
2976 8
2977 57
2978 56
2979 50
2980 34
2981 80
2982 54
2983 10
2984 8
2985 74
2986 55
2987 3
2988 65
2989 69
2990 84
2991 62
2992 9
2993 7
2994 17
2995 30
2996 27
2997 3
2998 62
2999 42
3000 31
3001 92
3002 97
3003 64
3004 2
3005 74
3006 70
3007 59
3008 104
3009 41
3010 48
3011 36
3012 78
3013 56
3014 17
3015 62
3016 97
3017 57
3018 51
3019 72
3020 101
3021 89
3022 2
3023 9
3024 62
3025 19
3026 66
3027 66
3028 86
3029 29
3030 48
3031 94
3032 97
3033 102
3034 62
3035 65
3036 103
3037 32
3038 60
3039 71
3040 60
3041 51
3042 67
3043 15
3044 40
3045 22
3046 92
3047 85
3048 95
3049 59
3050 48
3051 9
3052 48
3053 65
3054 55
3055 71
3056 97
3057 80
3058 59
3059 71
3060 22
3061 64
3062 41
3063 41
3064 41
3065 5
3066 59
3067 10
3068 9
3069 56
3070 5
3071 48
3072 80
3073 100
3074 73
3075 86
3076 45
3077 28
3078 56
3079 91
3080 85
3081 39
3082 41
3083 54
3084 28
3085 66
3086 34
3087 29
3088 4
3089 57
3090 84
3091 71
3092 29
3093 59
3094 74
3095 97
3096 15
3097 31
3098 48
3099 18
3100 53
3101 25
3102 95
3103 42
3104 66
3105 22
3106 20
3107 66
3108 5
3109 70
3110 47
3111 83
3112 53
3113 13
3114 98
3115 13
3116 51
3117 17
3118 90
3119 66
3120 71
3121 9
3122 5
3123 48
3124 6
3125 81
3126 72
3127 99
3128 53
3129 81
3130 66
3131 13
3132 48
3133 14
3134 46
3135 2
3136 30
3137 97
3138 51
3139 28
3140 92
3141 17
3142 9
3143 48
3144 89
3145 44
3146 2
3147 38
3148 89
3149 91
3150 6
3151 47
3152 27
3153 84
3154 63
3155 88
3156 84
3157 64
3158 59
3159 27
3160 62
3161 42
3162 59
3163 46
3164 8
3165 71
3166 11
3167 91
3168 104
3169 88
3170 15
3171 60
3172 41
3173 66
3174 41
3175 102
3176 53
3177 13
3178 59
3179 56
3180 46
3181 32
3182 59
3183 53
3184 41
3185 69
3186 48
3187 59
3188 41
3189 72
3190 94
3191 70
3192 84
3193 49
3194 86
3195 79
3196 75
3197 36
3198 28
3199 32
3200 28
3201 78
3202 57
3203 2
3204 41
3205 2
3206 71
3207 9
3208 56
3209 52
3210 41
3211 42
3212 57
3213 75
3214 67
3215 29
3216 66
3217 55
3218 57
3219 66
3220 66
3221 14
3222 44
3223 97
3224 2
3225 65
3226 95
3227 2
3228 99
3229 97
3230 62
3231 95
3232 97
3233 71
3234 77
3235 88
3236 70
3237 86
3238 51
3239 60
3240 27
3241 28
3242 95
3243 62
3244 15
3245 42
3246 21
3247 51
3248 30
3249 94
3250 14
3251 30
3252 59
3253 59
3254 3
3255 70
3256 99
3257 97
3258 64
3259 66
3260 84
3261 65
3262 88
3263 66
3264 56
3265 30
3266 28
3267 72
3268 36
3269 51
3270 92
3271 59
3272 32
3273 51
3274 100
3275 10
3276 46
3277 102
3278 83
3279 51
3280 91
3281 36
3282 97
3283 66
3284 9
3285 7
3286 42
3287 50
3288 98
3289 1
3290 41
3291 57
3292 26
3293 48
3294 3
3295 85
3296 45
3297 51
3298 102
3299 15
3300 65
3301 72
3302 13
3303 3
3304 10
3305 17
3306 85
3307 56
3308 2
3309 49
3310 47
3311 27
3312 9
3313 31
3314 30
3315 5
3316 5
3317 17
3318 15
3319 87
3320 30
3321 69
3322 98
3323 48
3324 69
3325 34
3326 13
3327 51
3328 17
3329 1
3330 23
3331 52
3332 7
3333 44
3334 32
3335 79
3336 66
3337 70
3338 97
3339 44
3340 42
3341 68
3342 66
3343 56
3344 64
3345 101
3346 28
3347 85
3348 59
3349 29
3350 29
3351 84
3352 92
3353 31
3354 24
3355 10
3356 70
3357 27
3358 24
3359 23
3360 71
3361 56
3362 55
3363 17
3364 50
3365 101
3366 29
3367 94
3368 8
3369 36
3370 36
3371 69
3372 80
3373 10
3374 80
3375 12
3376 101
3377 101
3378 5
3379 72
3380 24
3381 64
3382 66
3383 1
3384 83
3385 59
3386 72
3387 7
3388 46
3389 41
3390 82
3391 3
3392 64
3393 96
3394 67
3395 84
3396 1
3397 45
3398 60
3399 28
3400 25
3401 17
3402 41
3403 98
3404 2
3405 41
3406 28
3407 10
3408 42
3409 97
3410 66
3411 38
3412 34
3413 60
3414 27
3415 36
3416 89
3417 17
3418 41
3419 26
3420 17
3421 66
3422 92
3423 36
3424 74
3425 10
3426 14
3427 96
3428 97
3429 66
3430 30
3431 5
3432 30
3433 36
3434 4
3435 32
3436 30
3437 49
3438 74
3439 55
3440 94
3441 15
3442 15
3443 62
3444 30
3445 48
3446 47
3447 70
3448 60
3449 17
3450 76
3451 49
3452 36
3453 87
3454 80
3455 3
3456 20
3457 85
3458 56
3459 72
3460 17
3461 4
3462 50
3463 65
3464 66
3465 7
3466 13
3467 37
3468 75
3469 86
3470 29
3471 15
3472 15
3473 5
3474 50
3475 92
3476 30
3477 29
3478 10
3479 13
3480 15
3481 102
3482 63
3483 41
3484 9
3485 55
3486 67
3487 41
3488 11
3489 101
3490 86
3491 48
3492 59
3493 51
3494 45
3495 64
3496 68
3497 62
3498 29
3499 101
3500 34
3501 80
3502 50
3503 56
3504 11
3505 36
3506 102
3507 69
3508 57
3509 97
3510 47
3511 102
3512 84
3513 60
3514 53
3515 53
3516 69
3517 46
3518 101
3519 69
3520 103
3521 69
3522 5
3523 11
3524 84
3525 53
3526 80
3527 53
3528 42
3529 98
3530 72
3531 29
3532 67
3533 13
3534 12
3535 42
3536 29
3537 57
3538 32
3539 2
3540 70
3541 56
3542 28
3543 44
3544 5
3545 63
3546 90
3547 48
3548 56
3549 51
3550 101
3551 10
3552 5
3553 102
3554 84
3555 51
3556 92
3557 75
3558 62
3559 66
3560 2
3561 86
3562 13
3563 50
3564 25
3565 28
3566 95
3567 36
3568 50
3569 42
3570 66
3571 15
3572 51
3573 41
3574 48
3575 88
3576 70
3577 66
3578 100
3579 21
3580 85
3581 29
3582 77
3583 54
3584 63
3585 5
3586 9
3587 66
3588 66
3589 72
3590 25
3591 81
3592 60
3593 85
3594 38
3595 92
3596 84
3597 9
3598 28
3599 56
3600 80
3601 5
3602 65
3603 85
3604 9
3605 5
3606 84
3607 67
3608 69
3609 60
3610 17
3611 41
3612 21
3613 53
3614 62
3615 71
3616 7
3617 102
3618 70
3619 92
3620 101
3621 7
3622 41
3623 30
3624 66
3625 71
3626 44
3627 97
3628 30
3629 69
3630 87
3631 11
3632 77
3633 97
3634 15
3635 57
3636 30
3637 42
3638 55
3639 55
3640 28
3641 103
3642 77
3643 98
3644 68
3645 48
3646 81
3647 25
3648 17
3649 15
3650 59
3651 50
3652 5
3653 97
3654 89
3655 69
3656 86
3657 35
3658 32
3659 20
3660 68
3661 97
3662 68
3663 87
3664 30
3665 80
3666 22
3667 80
3668 101
3669 80
3670 98
3671 102
3672 98
3673 56
3674 66
3675 77
3676 70
3677 32
3678 69
3679 17
3680 86
3681 86
3682 51
3683 86
3684 41
3685 100
3686 38
3687 69
3688 8
3689 5
3690 90
3691 35
3692 27
3693 67
3694 70
3695 48
3696 80
3697 42
3698 14
3699 92
3700 12
3701 46
3702 81
3703 48
3704 80
3705 97
3706 3
3707 87
3708 34
3709 35
3710 65
3711 38
3712 1
3713 3
3714 42
3715 100
3716 53
3717 50
3718 56
3719 101
3720 70
3721 88
3722 48
3723 63
3724 15
3725 17
3726 72
3727 56
3728 72
3729 84
3730 83
3731 72
3732 66
3733 71
3734 69
3735 92
3736 84
3737 9
3738 2
3739 14
3740 81
3741 50
3742 72
3743 41
3744 17
3745 17
3746 56
3747 92
3748 8
3749 97
3750 5
3751 98
3752 53
3753 56
3754 48
3755 65
3756 17
3757 35
3758 77
3759 17
3760 9
3761 97
3762 41
3763 103
3764 101
3765 92
3766 55
3767 9
3768 12
3769 66
3770 28
3771 27
3772 1
3773 10
3774 46
3775 67
3776 38
3777 66
3778 29
3779 51
3780 9
3781 14
3782 71
3783 14
3784 38
3785 1
3786 44
3787 10
3788 36
3789 84
3790 49
3791 14
3792 2
3793 17
3794 51
3795 22
3796 59
3797 56
3798 72
3799 69
3800 48
3801 97
3802 50
3803 32
3804 8
3805 57
3806 11
3807 72
3808 60
3809 86
3810 44
3811 67
3812 4
3813 20
3814 80
3815 9
3816 101
3817 70
3818 32
3819 56
3820 81
3821 25
3822 48
3823 74
3824 42
3825 41
3826 84
3827 9
3828 83
3829 92
3830 84
3831 48
3832 55
3833 10
3834 92
3835 88
3836 50
3837 44
3838 3
3839 81
3840 17
3841 48
3842 66
3843 84
3844 9
3845 77
3846 38
3847 95
3848 60
3849 98
3850 32
3851 92
3852 50
3853 42
3854 59
3855 30
3856 26
3857 70
3858 12
3859 22
3860 17
3861 80
3862 56
3863 70
3864 66
3865 100
3866 87
3867 54
3868 2
3869 87
3870 69
3871 56
3872 68
3873 85
3874 77
3875 101
3876 86
3877 71
3878 70
3879 30
3880 46
3881 46
3882 101
3883 65
3884 17
3885 89
3886 21
3887 59
3888 95
3889 102
3890 48
3891 101
3892 102
3893 97
3894 36
3895 48
3896 85
3897 86
3898 12
3899 7
3900 102
3901 5
3902 2
3903 68
3904 29
3905 103
3906 72
3907 69
3908 88
3909 53
3910 89
3911 69
3912 21
3913 88
3914 53
3915 41
3916 13
3917 48
3918 101
3919 62
3920 69
3921 98
3922 42
3923 36
3924 44
3925 13
3926 31
3927 71
3928 77
3929 59
3930 101
3931 97
3932 87
3933 14
3934 15
3935 22
3936 71
3937 97
3938 32
3939 51
3940 72
3941 63
3942 88
3943 62
3944 87
3945 87
3946 60
3947 8
3948 70
3949 98
3950 12
3951 103
3952 69
3953 2
3954 101
3955 98
3956 41
3957 5
3958 101
3959 51
3960 17
3961 60
3962 44
3963 69
3964 14
3965 72
3966 53
3967 27
3968 35
3969 72
3970 53
3971 59
3972 100
3973 9
3974 36
3975 71
3976 9
3977 59
3978 54
3979 17
3980 103
3981 88
3982 77
3983 92
3984 96
3985 60
3986 80
3987 11
3988 8
3989 13
3990 84
3991 26
3992 6
3993 44
3994 13
3995 9
3996 95
3997 98
3998 96
3999 55
