0 128 130 132 133 136 137 10 11 140 141 13 143 144 16 18 145 148 149 150 22 151 21 154 153 156 29 30 31 32 33 162 165 41 169 43 50 52 54 58 60 61 67 68 71 72 76 77 78 82 83 87 88 92 93 94 95 96 100 103 105 106 110 111 116 117 118 120 121 122 125 127 
129 4 11 146 35 163 167 46 49 55 56 59 60 70 81 84 95 99 102 119 126 
2 131 132 135 136 11 12 15 146 20 152 25 27 35 38 169 45 46 59 80 84 89 95 99 101 102 104 109 115 119 123 
66 163 5 42 74 75 109 138 28 48 82 23 124 
0 1 6 7 8 9 10 11 14 16 18 19 21 22 26 29 31 32 33 37 39 41 43 44 50 52 54 58 60 65 67 68 71 73 77 79 83 85 86 87 90 91 92 93 94 96 100 103 105 106 110 111 113 116 118 120 121 122 123 125 127 128 130 132 133 134 136 137 140 141 143 147 148 149 150 151 153 156 157 158 160 162 166 169 
164 11 141 111 18 
96 34 131 102 122 136 10 11 77 113 18 21 118 87 58 124 94 
128 98 72 114 52 88 57 154 62 159 
128 136 10 11 140 17 18 19 149 21 154 169 52 53 60 62 63 65 70 71 83 87 88 103 111 122 124 
1 2 3 4 7 8 9 10 11 12 14 15 17 20 21 24 25 26 27 29 32 34 35 36 37 38 39 40 42 44 45 46 47 49 51 55 56 57 59 64 65 66 68 69 73 75 77 79 80 81 82 83 84 85 87 90 93 94 95 97 98 99 101 102 104 105 107 108 109 111 112 113 115 118 119 123 126 127 128 129 130 131 135 137 139 140 141 142 143 146 148 152 155 158 159 160 161 162 163 166 167 
168 165 30 111 
131 4 163 38 135 104 15 18 115 84 118 119 152 27 
133 134 139 11 140 145 18 149 21 154 29 32 33 162 41 43 50 52 54 58 60 68 71 76 83 94 96 100 103 106 110 111 112 116 121 122 127 
128 134 7 136 137 10 11 135 141 140 15 18 148 149 150 22 151 21 156 29 30 32 165 168 41 169 50 58 60 62 68 71 85 92 93 94 96 100 102 103 104 111 113 114 118 121 122 125 127 
