0 4
1 9
2 9
3 9
4 11
5 3
6 4
7 13
8 9
9 9
10 13
11 13
12 9
13 0
14 9
15 13
16 4
17 9
18 13
19 8
20 9
21 13
22 13
23 3
24 9
25 9
26 9
27 11
28 3
29 13
30 13
31 4
32 13
33 12
34 9
35 9
36 9
37 9
38 11
39 9
40 9
41 13
42 9
43 12
44 9
45 9
46 9
47 9
48 3
49 9
50 13
51 9
52 12
53 8
54 12
55 9
56 9
57 9
58 13
59 9
60 13
61 0
62 13
63 8
64 9
65 9
66 9
67 4
68 13
69 9
70 8
71 13
72 7
73 9
74 3
75 9
76 12
77 9
78 0
79 9
80 9
81 9
82 9
83 12
84 11
85 13
86 4
87 9
88 8
89 2
90 9
91 4
92 13
93 13
94 13
95 9
96 13
97 9
98 9
99 9
100 13
101 9
102 13
103 13
104 13
105 9
106 12
107 9
108 9
109 9
110 12
111 13
112 12
113 13
114 13
115 11
116 12
117 0
118 13
119 11
120 4
121 13
122 13
123 9
124 8
125 13
126 9
127 13
128 13
129 9
130 9
131 11
132 4
133 12
134 13
135 13
136 13
137 13
138 3
139 12
140 13
141 13
142 9
143 9
144 0
145 12
146 9
147 4
148 13
149 13
150 13
151 13
152 11
153 4
154 12
155 9
156 13
157 4
158 9
159 9
160 9
161 9
162 12
163 11
164 5
165 13
166 9
167 9
168 13
169 13
