1 121
0 167
3 78
4 95 149
5 78 122
2 7 12 58 66 72 75 76 113 144 182
6 76 144
7 76 182
8 94
9 103 104
10 112 126
11 74
12 5 13 14 21 22 30 34 40 41 42 43 44 45 46 47 48 49 50 51 52 55 56 57 62 63 64 66 68 70 72 75 77 81 82 84 86 87 88 92 91 94 96 99 100 101 104 105 106 107 108 109 110 112 113 114 115 116 117 118 119 121 127 128 129 132 135 136 138 139 142 143 145 148 150 151 152 153 154 155 158 161 163 165 167 168 169 170 171 172 174 175 176 177
16 15
18 61 65 70 85 178
20 123 178
21 70
23 61 65 70 85 94 136 148
24 83 120
25 61 65 83 85 118 123
26 94
27 120
28 164
29 63 164
30 178
31 62 102 103 105 110 147 157 171
32 53
33 147
34 19
35 115
36 99
37 110 149
38 102 105 171
39 79 105 140 148 178
40 67
41 63
42 151
49 135
53 10 60 96 155
54 72 107
56 59 85
60 85
61 85
62 59
65 85
66 108
69 179 188
71 73
76 182
77 121
80 139 142
88 179 187 188
90 171
92 140
94 85
96 31 191
99 24 36 72
101 140
103 59
107 72
108 66
111 140
114 114
115 72 83
121 1 0 77
124 125
132 133
133 132
130 131
134 135
135 168
137 136
139 142
140 39 92 101
145 10 58 109 112 126 162 181
146 17 169
151 5
154 135 168
155 63
159 161
160 161
161 159
164 10 63 88 179 188
166 167
167 0 166
168 135
173 174
179 88 164 187 188
180 66 101 108
181 183
182 156
184 185
185 72 89 97 107
186 141
187 38 88
188 88 164 187
189 63 88 126 164 179
190 98 155
193 121 193
194 194 191 192
191 59 93 95 110 148 149 157 172 192
192 59 95 110 148 149 157 191