170 427 171 140 206 399 81 50 505 
353 514 349 189 
516 461 530 338 249 506 190 
515 140 397 399 529 18 152 170 427 171 50 447 320 199 206 81 84 217 474 222 108 241 244 505 
288 256 515 108 397 16 244 84 152 158 447 
288 131 515 529 18 116 152 
462 
109 342 
257 401 183 
397 
330 
38 326 460 366 242 178 403 404 411 
56 257 183 
325 69 377 123 159 
512 129 257 131 514 133 390 386 392 256 16 401 272 403 410 285 286 159 288 170 428 178 183 56 189 69 326 325 330 460 333 462 337 338 211 119 344 349 353 97 358 103 370 242 244 116 247 120 377 123 
320 32 358 44 333 272 84 181 118 474 
386 132 479 
81 39 
514 69 325 247 377 285 
288 199 108 529 18 152 505 
120 
401 
272 244 181 118 
530 
506 515 
546 226 109 113 370 241 342 410 158 
152 199 
81 
244 
428 
189 
346 339 39 
