3438	0
3439	1
3440	2
3441	3
3442	4
3443	5
3444	6
3445	7
3446	8
3447	9
3448	10
3449	11
3450	12
3451	13
3452	14
3453	15
3454	16
3455	17
3456	18
3457	19
3458	20
3459	21
3460	22
3461	23
3462	24
3463	25
3464	26
3465	27
3466	28
3467	29
3468	30
3469	31
3470	32
3471	33
3472	34
3473	35
3474	36
3475	37
3476	38
3477	39
3478	40
3479	41
3480	42
3481	43
3482	44
3483	45
3484	46
3485	47
3486	48
3487	49
3488	50
3489	51
3490	52
3491	53
3492	54
3493	55
3494	56
698	57
3495	58
3496	59
3497	60
3498	61
3499	62
3500	63
3501	64
3502	65
3503	66
3504	67
3505	68
3506	69
3507	70
3508	71
3509	72
3510	73
3511	74
3512	75
3513	76
3514	77
3515	78
3516	79
3517	80
3518	81
3519	82
3520	83
3521	84
3522	85
3523	86
3524	87
3525	88
3526	89
3527	90
3528	91
3529	92
3530	93
3531	94
3532	95
3533	96
3534	97
3535	98
3536	99
3537	100
3538	101
857	102
3539	103
3540	104
3541	105
3542	106
3543	107
1085	108
3544	109
3545	110
3546	111
3547	112
3548	113
3549	114
3550	115
3551	116
3552	117
3553	118
3554	119
3555	120
3556	121
3557	122
3558	123
3559	124
3560	125
3561	126
3562	127
3563	128
3564	129
3565	130
3566	131
3567	132
3568	133
3569	134
567	135
3570	136
3571	137
3572	138
3573	139
3574	140
3575	141
3576	142
3577	143
3578	144
3579	145
3580	146
3581	147
3582	148
3583	149
3584	150
3585	151
3586	152
3587	153
3588	154
3589	155
3590	156
3591	157
3592	158
3593	159
3594	160
3595	161
3596	162
3597	163
3598	164
3599	165
3600	166
3601	167
3602	168
3603	169
3604	170
3605	171
3606	172
3607	173
3608	174
3609	175
3610	176
3611	177
3612	178
3613	179
3614	180
3615	181
3616	182
3617	183
3618	184
3619	185
3620	186
3621	187
3622	188
3623	189
3624	190
3625	191
3626	192
3627	193
3628	194
3629	195
3630	196
3631	197
3632	198
3633	199
3634	200
3635	201
3636	202
3637	203
3638	204
3639	205
3640	206
3641	207
3642	208
3643	209
3644	210
3645	211
3646	212
3647	213
3648	214
3649	215
3650	216
3651	217
3652	218
3653	219
3654	220
3655	221
3656	222
3657	223
3658	224
3659	225
3660	226
3661	227
862	228
3662	229
3663	230
3664	231
3665	232
3666	233
3667	234
3668	235
3669	236
3670	237
3671	238
3672	239
3673	240
3674	241
3675	242
3676	243
3677	244
3678	245
3679	246
3680	247
3681	248
3682	249
3683	250
3684	251
3685	252
3686	253
3687	254
3688	255
3689	256
3690	257
3691	258
3692	259
3693	260
3694	261
3695	262
3696	263
3697	264
3698	265
3699	266
3700	267
3701	268
3702	269
3703	270
3704	271
3705	272
3706	273
3707	274
3708	275
3709	276
3710	277
3711	278
3712	279
3713	280
3714	281
3715	282
3716	283
3717	284
3718	285
3719	286
3720	287
3721	288
3722	289
3723	290
3724	291
3725	292
3726	293
3727	294
3728	295
3729	296
3730	297
3731	298
3732	299
3733	300
3734	301
3735	302
3736	303
3737	304
3738	305
3739	306
3740	307
3741	308
3742	309
3743	310
3744	311
3745	312
3746	313
3747	314
3748	315
3749	316
3750	317
3751	318
3752	319
3753	320
3754	321
3755	322
3756	323
3757	324
3758	325
3759	326
3760	327
3761	328
3762	329
3763	330
3764	331
3765	332
3766	333
3767	334
3768	335
3769	336
3770	337
3771	338
3772	339
3773	340
3774	341
3775	342
3776	343
3777	344
3778	345
3779	346
3780	347
3781	348
3782	349
3783	350
3784	351
3785	352
3786	353
3787	354
3788	355
3789	356
3790	357
3791	358
3792	359
3793	360
3794	361
3795	362
3796	363
3797	364
3798	365
3799	366
3800	367
3801	368
3802	369
3803	370
3804	371
3805	372
3806	373
3807	374
3808	375
3809	376
3810	377
3811	378
3812	379
3813	380
3814	381
3815	382
3816	383
3817	384
3818	385
3819	386
3820	387
3821	388
3822	389
3823	390
3824	391
3825	392
3826	393
3827	394
3828	395
3829	396
3830	397
3831	398
3832	399
3833	400
3834	401
3835	402
3836	403
3837	404
3838	405
3839	406
3840	407
3841	408
3842	409
3843	410
3844	411
3845	412
3846	413
3847	414
3848	415
3849	416
3850	417
3851	418
3852	419
3853	420
3854	421
3855	422
3856	423
3857	424
3858	425
3859	426
3860	427
3861	428
3862	429
3863	430
3864	431
3865	432
3866	433
3867	434
3868	435
3869	436
3870	437
3871	438
3872	439
3873	440
3874	441
3875	442
3876	443
3877	444
3878	445
3879	446
3880	447
3881	448
3882	449
3883	450
3884	451
3885	452
3886	453
3887	454
3888	455
3889	456
3890	457
3891	458
3892	459
3893	460
3894	461
3895	462
3896	463
3897	464
3898	465
3899	466
3900	467
3901	468
3902	469
3903	470
3904	471
3905	472
3906	473
3907	474
3908	475
3909	476
3910	477
3911	478
3912	479
3913	480
3914	481
3915	482
3916	483
3917	484
3918	485
3919	486
3920	487
3921	488
3922	489
3923	490
3924	491
3925	492
3926	493
3927	494
3928	495
3929	496
3930	497
3931	498
3932	499
3933	500
3934	501
3935	502
3936	503
3937	504
3938	505
3939	506
3940	507
3941	508
3942	509
3943	510
3944	511
3945	512
3946	513
3947	514
3948	515
3949	516
3950	517
3951	518
3952	519
3953	520
3954	521
3955	522
3956	523
3957	524
3958	525
3959	526
3960	527
3961	528
3962	529
3963	530
3964	531
3965	532
3966	533
3967	534
3968	535
3969	536
3970	537
3971	538
3972	539
3973	540
3974	541
3975	542
3976	543
3977	544
3978	545
3979	546
