340	320
340	4
340	118
340	345
340	89
340	369
340	17
340	84
340	289
340	68
340	165
340	32
340	417
543	422
543	48
543	476
543	467
543	473
543	463
543	400
543	389
543	491
543	514
543	209
543	150
543	360
543	393
2	364
2	64
2	301
2	535
2	162
2	444
2	270
2	418
2	347
2	88
2	199
2	372
2	110
2	538
2	251
2	142
2	166
2	108
2	264
2	58
2	505
2	104
2	453
2	322
2	409
80	152
80	64
80	75
80	323
80	397
80	228
80	11
80	96
80	327
80	444
80	515
80	418
80	143
80	0
80	199
80	244
190	373
190	99
190	430
190	516
190	472
190	111
190	246
190	8
190	114
190	9
190	229
190	52
190	381
463	518
463	72
463	285
463	74
463	536
463	278
463	400
463	351
463	69
463	491
463	377
463	385
463	470
463	209
463	437
463	150
463	360
463	389
463	393
33	46
33	177
33	444
33	107
33	419
33	405
33	505
33	507
33	269
33	412
33	47
33	469
33	110
33	538
33	533
33	37
33	418
33	89
33	10
33	440
33	104
33	497
33	251
33	239
534	40
534	527
534	358
534	531
534	63
534	314
534	221
534	36
534	343
534	153
534	487
534	481
534	207
534	500
534	263
139	364
139	533
139	444
139	142
139	458
139	117
139	177
139	89
139	50
139	14
139	419
139	405
139	124
139	84
139	497
139	88
139	191
139	115
139	269
139	239
139	469
372	517
372	11
372	483
452	368
295	280
295	4
295	118
295	174
295	302
295	156
295	382
295	84
295	289
295	230
295	429
295	277
295	320
295	474
295	202
295	61
295	265
295	434
295	307
295	17
295	195
295	488
295	402
295	71
295	336
295	165
295	233
47	50
47	533
47	371
47	177
47	77
47	357
47	91
47	10
47	405
47	124
47	497
47	81
47	37
47	193
47	412
47	248
47	384
355	110
355	152
355	241
355	53
355	162
355	244
355	199
355	11
355	170
355	301
355	408
131	347
131	49
131	114
131	290
131	229
131	528
131	74
131	78
251	323
251	535
251	162
251	444
251	303
251	269
251	64
251	317
251	42
251	529
251	53
251	308
251	54
251	409
251	191
251	440
251	469
251	533
251	37
251	234
251	59
251	89
251	10
251	439
251	104
251	128
251	301
251	288
251	384
251	46
251	259
251	152
251	398
251	397
251	187
251	83
251	121
251	395
251	493
251	419
251	505
251	143
251	515
251	115
251	364
251	112
251	408
251	110
251	538
251	260
251	347
251	418
251	222
251	228
251	11
251	108
251	264
251	58
251	199
251	453
251	84
251	184
251	244
251	239
76	182
76	366
76	519
76	499
76	1
148	5
148	319
312	172
312	229
312	379
312	516
312	294
27	404
27	485
27	268
27	137
27	524
27	324
27	275
27	542
27	38
27	145
27	82
27	242
27	341
27	403
27	326
281	159
281	134
281	473
281	400
281	273
281	389
281	138
281	25
281	361
281	518
281	48
281	72
281	467
281	396
281	247
281	69
281	436
281	491
281	370
281	186
281	157
281	272
281	437
281	360
281	390
282	280
282	4
282	434
282	277
282	61
282	156
282	307
282	382
282	474
282	17
282	488
282	402
282	165
97	159
97	21
97	473
97	30
97	377
97	183
97	129
97	337
97	62
97	392
97	178
97	325
97	504
97	328
97	448
97	396
97	98
97	180
97	69
97	272
97	133
97	360
440	46
440	391
440	58
440	64
440	397
440	217
440	535
440	288
440	444
440	515
440	419
440	533
440	143
440	303
440	88
440	409
440	191
440	469
440	259
440	538
440	75
440	37
440	234
440	510
440	301
440	11
440	18
440	505
440	199
440	128
440	453
440	418
440	184
440	304
440	529
525	69
525	238
525	518
525	334
525	123
525	78
525	247
525	393
271	458
226	342
226	347
226	176
226	414
226	437
497	346
497	508
497	177
497	451
497	66
497	162
497	444
497	220
497	152
497	54
497	274
497	469
497	85
497	425
497	505
497	397
497	24
497	91
497	23
497	106
497	10
497	225
497	201
497	58
497	458
497	501
497	493
497	405
497	208
497	427
497	90
497	37
497	110
497	50
497	329
497	142
497	332
497	12
497	124
497	304
497	371
497	244
497	239
411	204
411	182
411	366
411	415
523	338
523	92
523	95
523	26
523	30
523	31
523	482
523	120
523	28
523	328
523	200
523	512
523	22
523	531
523	5
523	235
523	293
523	36
523	396
523	539
523	119
523	305
523	390
213	485
213	283
213	366
213	499
213	204
213	182
213	1
21	512
21	392
21	211
21	330
21	180
21	129
21	337
21	31
21	92
21	325
21	379
21	360
21	349
82	404
82	145
82	268
82	137
82	524
82	324
82	275
82	542
82	38
82	485
82	242
82	341
82	272
82	403
82	326
280	4
280	277
280	302
280	156
280	369
280	84
280	272
280	230
280	429
280	174
280	320
280	474
280	202
280	61
280	89
280	307
280	488
280	17
280	195
280	434
280	402
280	289
280	165
545	58
545	191
545	481
200	512
200	73
200	22
200	539
200	92
200	26
200	168
200	5
200	396
200	31
200	482
200	36
200	319
200	196
200	28
200	504
200	159
200	328
200	119
200	305
302	320
302	4
302	202
302	174
302	277
302	307
302	488
302	84
302	17
302	434
302	230
302	165
302	195
203	39
203	225
203	323
203	130
288	58
288	64
288	323
288	397
288	187
288	535
288	162
288	444
288	515
288	269
288	505
288	143
288	427
288	308
288	88
288	191
288	364
288	175
288	259
288	425
288	256
288	170
288	228
288	11
288	108
288	199
288	363
260	152
260	301
260	323
260	537
260	121
260	162
260	0
260	405
260	42
260	418
260	143
260	515
260	199
260	412
260	408
260	259
260	538
260	505
260	16
260	112
260	11
260	241
260	18
260	10
260	104
260	53
260	244
419	110
419	533
419	493
419	453
419	37
419	234
419	538
419	60
419	106
419	444
419	405
419	177
419	128
419	170
419	308
419	469
419	239
208	346
208	298
208	206
208	395
208	162
208	405
208	143
208	297
208	427
208	225
208	224
208	142
208	140
208	505
208	37
208	16
208	122
208	10
208	12
208	304
208	110
303	505
303	298
303	352
303	397
303	409
303	535
303	515
303	398
303	234
415	485
415	182
415	366
415	204
28	73
28	218
28	396
28	92
28	26
28	149
28	31
28	351
28	504
28	482
28	512
28	22
28	328
28	448
28	168
28	305
28	235
28	388
28	247
28	293
28	539
28	119
28	5
129	494
129	286
129	392
129	445
129	95
129	388
129	247
129	133
129	183
129	62
129	188
129	245
129	370
129	257
238	335
238	337
238	62
238	449
238	388
238	360
238	74
1	283
1	366
1	499
1	204
1	182
1	266
513	348
513	257
513	390
262	147
262	79
262	486
262	397
262	205
262	465
262	43
262	160
262	41
262	215
262	127
262	86
262	450
262	179
96	301
96	29
96	397
96	241
96	327
96	496
96	515
96	444
96	64
96	199
96	362
96	0
96	75
75	397
75	367
75	327
75	496
75	304
75	143
75	170
75	88
75	68
137	404
137	485
137	268
137	524
137	532
137	324
137	275
137	542
137	145
137	466
137	242
137	341
137	403
137	326
222	259
222	301
222	199
222	323
222	397
222	244
222	535
222	496
222	515
222	234
222	317
222	104
222	128
222	453
222	88
222	143
222	191
222	409
222	250
222	408
12	110
12	91
12	298
12	480
12	357
12	170
12	162
12	405
12	304
12	297
12	371
12	60
12	171
12	427
12	239
509	126
511	58
511	156
511	323
511	367
511	10
511	405
511	124
511	529
511	143
511	515
511	19
511	250
255	121
532	268
532	326
331	494
331	159
331	176
331	211
331	133
331	26
331	30
331	31
331	482
331	62
331	36
331	178
331	286
331	325
331	150
331	498
331	448
331	334
331	388
331	360
331	319
331	186
331	377
331	539
331	392
331	401
331	385
331	462
104	241
104	397
104	535
104	121
104	162
104	0
104	317
104	42
104	418
104	53
104	347
104	88
104	409
104	364
104	408
104	259
104	538
104	533
104	529
104	234
104	108
104	10
104	128
104	453
104	327
104	184
104	301
104	244
381	249
381	516
381	114
381	229
381	52
381	8
487	40
487	358
487	531
487	63
487	314
487	500
487	221
487	343
487	527
487	376
487	153
487	207
487	350
487	263
402	4
402	118
402	488
402	156
402	369
402	382
402	84
402	272
402	429
402	277
402	320
402	474
402	202
402	181
402	61
402	307
402	17
402	195
402	434
402	289
402	165
402	417
163	4
163	84
401	448
401	133
401	388
401	183
401	62
74	291
74	471
74	433
74	476
74	467
74	330
74	305
74	388
74	273
74	69
74	120
74	337
74	286
74	214
74	93
74	78
74	361
74	70
528	116
528	290
528	492
528	49
528	135
494	392
494	176
494	95
494	98
494	30
494	31
494	286
494	188
494	150
494	349
494	512
494	457
494	257
494	334
494	126
494	410
494	388
494	183
494	321
494	70
494	390
529	259
529	58
529	64
529	397
529	535
529	162
529	444
529	515
529	194
529	143
529	88
529	199
529	191
529	364
529	175
529	408
529	110
529	323
529	84
529	505
529	234
529	11
529	241
529	108
529	18
529	128
529	367
529	170
529	453
529	327
529	53
529	244
529	301
529	239
441	484
441	101
441	35
441	132
441	435
441	306
441	292
441	194
441	386
441	310
441	105
441	459
441	479
323	339
323	367
323	217
323	535
323	156
323	162
323	152
323	515
323	64
323	317
323	42
323	170
323	54
323	274
323	191
323	224
323	505
323	24
323	510
323	241
323	10
323	259
323	18
323	250
323	391
323	58
323	397
323	130
323	395
323	456
323	169
323	418
323	143
323	352
323	88
323	364
323	175
323	408
323	110
323	453
323	444
323	142
323	11
323	108
323	264
323	451
323	199
323	39
323	301
323	171
323	496
323	244
201	237
201	298
201	206
201	177
201	77
201	367
201	162
201	515
201	269
201	405
201	171
201	297
201	399
201	140
201	493
201	505
201	397
201	170
201	253
201	357
201	106
201	81
201	371
201	122
201	193
35	438
35	101
35	132
35	424
35	435
35	306
35	292
35	194
35	386
35	310
35	105
35	161
35	484
35	459
35	479
49	135
49	67
49	116
49	290
49	93
49	492
49	59
515	64
515	451
515	535
515	308
515	162
515	444
515	269
515	317
515	84
515	409
515	227
515	191
515	505
515	37
515	234
515	113
515	241
515	10
515	18
515	128
515	301
515	259
515	152
515	397
515	217
515	327
515	250
515	496
515	143
515	88
515	364
515	175
515	408
515	237
515	538
515	453
515	510
515	418
515	228
515	11
515	108
515	58
515	199
515	170
515	171
515	244
138	389
138	436
138	48
138	272
138	361
138	273
472	373
472	246
472	114
472	146
472	229
472	52
6	471
6	416
6	309
6	428
480	110
480	391
480	425
480	298
480	397
480	177
480	77
480	357
480	170
480	162
480	50
480	367
480	371
480	274
480	427
480	297
84	118
84	44
84	252
84	156
84	369
84	407
84	54
84	4
84	409
84	191
84	115
84	336
84	320
84	265
84	59
84	89
84	32
84	488
84	272
84	417
84	46
84	398
84	277
84	345
84	121
84	174
84	71
84	289
84	364
84	184
84	158
84	474
84	181
84	164
84	382
84	443
84	434
84	503
84	307
84	61
84	34
84	17
84	195
84	68
84	394
84	233
84	239
52	430
52	461
52	94
52	111
52	338
52	151
52	249
52	114
52	229
52	146
52	8
349	159
349	45
349	211
349	473
349	123
349	30
349	87
349	335
349	133
349	377
349	514
349	189
349	433
349	403
349	150
349	448
349	512
349	498
349	22
349	257
349	330
349	334
349	305
349	98
349	353
349	167
349	325
349	360
349	385
291	26
291	45
291	103
291	183
147	86
147	43
147	215
147	179
147	465
147	160
147	450
147	41
147	79
147	127
256	187
448	73
448	22
448	433
448	167
448	98
448	278
448	30
448	388
448	62
448	31
448	377
448	123
24	391
24	493
24	329
24	458
24	501
24	170
24	162
24	444
24	14
24	405
24	177
24	533
24	367
24	124
24	142
24	239
24	50
182	485
182	204
182	283
182	366
182	499
182	266
59	428
59	398
59	244
59	83
59	317
59	384
59	342
59	195
59	54
59	289
59	68
59	115
59	112
59	116
59	239
367	64
367	177
367	77
367	66
367	162
367	352
367	269
367	206
367	505
367	510
367	122
367	106
367	10
367	493
367	18
367	298
367	254
367	301
367	391
367	152
367	81
367	397
367	91
367	405
367	418
367	143
367	297
367	224
367	90
367	110
367	50
367	329
367	142
367	11
367	170
367	199
367	371
367	171
367	304
367	357
367	244
414	339
414	158
414	241
414	176
414	483
414	192
414	342
414	520
414	39
414	546
414	244
99	294
99	246
99	172
99	249
99	114
99	3
99	229
99	379
99	489
454	376
454	100
454	442
454	498
527	40
527	358
527	474
527	63
527	314
527	231
527	350
527	221
527	343
527	263
527	376
527	207
527	500
527	153
186	212
186	69
186	473
186	536
186	278
186	467
186	359
186	285
186	377
186	214
186	150
186	123
186	437
51	243
51	218
51	232
51	392
379	249
379	114
379	229
500	40
500	173
500	358
500	531
500	63
500	314
500	263
500	231
500	376
500	388
500	221
500	71
500	333
500	468
500	343
500	153
500	207
500	350
79	41
79	397
79	486
79	465
79	43
79	215
79	127
79	179
79	86
79	450
79	205
30	433
30	92
30	133
30	95
30	167
30	87
30	20
30	285
30	377
30	189
30	188
30	393
30	150
30	445
30	512
30	467
30	211
30	98
30	247
30	344
30	325
30	390
45	257
45	87
45	388
45	183
45	462
45	62
45	321
45	504
45	360
45	445
397	64
397	177
397	217
397	142
397	162
397	220
397	485
397	237
397	171
397	127
397	409
397	191
397	267
397	425
397	533
397	247
397	160
397	183
397	311
397	128
397	254
397	322
397	450
397	250
397	110
397	152
397	486
397	538
397	537
397	270
397	86
397	362
397	391
397	364
397	431
397	408
397	140
397	50
397	41
397	11
397	170
397	478
397	199
397	205
397	371
397	19
397	77
397	535
397	65
397	269
397	317
397	42
397	308
397	236
397	469
397	284
397	524
397	510
397	241
397	10
397	125
397	117
397	447
397	18
397	215
397	301
397	58
397	398
397	327
397	418
397	143
397	264
397	399
397	427
397	175
397	259
397	144
397	493
397	453
397	29
397	179
397	332
397	357
397	108
397	380
397	258
397	43
397	465
397	81
83	538
83	234
83	115
83	89
83	191
83	32
83	239
542	404
542	145
542	268
542	524
542	275
542	324
542	38
542	485
542	341
542	403
542	326
14	110
14	391
14	50
14	533
14	142
14	458
14	162
14	444
14	405
14	169
14	177
14	224
14	469
375	109
533	298
533	177
533	77
533	162
533	444
533	352
533	269
533	53
533	308
533	409
533	412
533	469
533	224
533	106
533	10
533	505
533	304
533	254
533	391
533	458
533	395
533	50
533	405
533	418
533	60
533	427
533	90
533	37
533	110
533	538
533	493
533	347
533	142
533	170
533	507
533	239
143	64
143	177
143	217
143	535
143	162
143	152
143	308
143	409
143	191
143	444
143	510
143	241
143	10
143	505
143	18
143	301
143	110
143	58
143	395
143	496
143	418
143	456
143	88
143	364
143	175
143	408
143	259
143	347
143	142
143	228
143	11
143	170
143	108
143	199
143	453
143	184
143	244
286	159
286	55
286	123
286	20
286	337
286	62
286	377
286	462
286	188
286	150
286	518
286	212
286	183
286	491
286	214
286	325
286	209
286	278
88	58
88	64
88	162
88	217
88	535
88	537
88	456
88	517
88	108
88	347
88	409
88	191
88	115
88	408
88	259
88	453
88	418
88	241
88	128
88	301
88	304
88	250
88	116
88	244
399	91
399	297
399	77
399	206
399	81
399	357
399	269
399	162
399	44
427	391
427	58
427	298
427	371
427	451
427	395
427	162
427	425
427	352
427	405
427	199
427	469
427	110
427	144
427	91
427	142
427	170
427	122
427	77
427	206
427	50
427	10
427	505
427	177
427	304
427	81
427	254
427	171
427	357
112	194
112	314
112	16
112	113
112	517
112	317
112	342
112	346
112	244
512	396
512	92
512	73
512	26
512	123
512	22
512	31
512	482
512	36
512	178
512	319
512	504
512	328
512	335
512	196
512	476
512	168
512	126
512	235
512	180
512	293
512	353
512	325
512	539
512	119
512	305
144	237
144	298
144	77
144	371
144	391
144	395
144	162
144	444
144	405
144	297
144	206
144	110
144	425
144	505
144	177
144	357
144	170
144	199
144	81
144	304
144	250
91	391
91	170
91	206
91	177
91	77
91	162
91	493
91	269
91	405
91	171
91	297
91	60
91	274
91	90
91	248
91	110
91	425
91	505
91	142
91	357
91	106
91	50
91	81
91	124
91	304
91	371
91	254
91	122
91	193
202	4
202	277
202	156
202	369
202	382
202	289
202	429
202	336
202	320
202	474
202	181
202	61
202	307
202	488
202	17
202	195
202	434
202	272
202	165
202	233
179	486
179	160
179	41
179	465
179	43
179	215
179	205
179	86
179	450
179	127
332	152
132	101
132	223
132	161
132	435
132	306
132	292
132	194
132	310
132	484
132	424
132	479
357	110
357	206
357	177
357	451
357	162
357	269
357	412
357	469
357	425
357	505
357	122
357	106
357	298
357	254
357	250
357	391
357	81
357	395
357	77
357	50
357	405
357	169
357	418
357	297
357	60
357	248
357	237
357	493
357	142
357	170
357	304
357	371
357	171
357	193
166	428
166	149
166	178
166	120
166	392
264	110
264	391
264	58
264	538
264	425
264	451
264	152
264	398
264	220
264	505
264	18
264	10
264	54
264	409
264	364
264	244
309	416
309	428
309	521
135	290
135	16
135	428
418	64
418	177
418	217
418	535
418	162
418	444
418	152
418	317
418	53
418	308
418	409
418	191
418	412
418	505
418	37
418	510
418	175
418	241
418	10
418	18
418	301
418	384
418	110
418	58
418	398
418	121
418	0
418	456
418	405
418	199
418	364
418	90
418	408
418	259
418	538
418	347
418	11
418	170
418	108
418	244
418	184
418	363
418	239
23	58
23	124
23	398
23	535
23	501
23	18
153	40
153	358
153	531
153	63
153	314
153	350
153	221
153	343
153	263
153	376
153	207
153	333
249	9
249	114
249	229
249	516
119	73
119	328
119	92
119	26
119	126
119	5
119	396
119	247
119	31
119	482
119	293
119	36
119	319
119	539
119	361
119	70
459	223
459	101
459	435
459	306
459	292
459	194
459	310
459	105
459	484
459	479
385	325
385	335
385	159
385	433
385	133
385	167
385	189
385	272
385	150
385	360
193	110
193	391
193	206
193	77
193	122
193	170
193	162
193	50
193	248
193	124
193	297
193	371
193	274
193	269
338	422
338	294
338	94
338	516
406	192
406	67
406	152
406	244
451	391
451	58
451	301
451	206
451	77
451	535
451	162
451	50
451	405
451	317
451	398
451	64
451	505
451	469
451	110
451	538
451	425
451	199
451	217
451	493
451	124
451	18
451	298
451	371
451	254
451	304
451	329
473	540
473	159
473	433
473	92
473	134
473	167
473	123
473	87
473	272
473	133
473	400
473	285
473	377
473	189
473	504
473	370
473	536
473	351
473	498
473	335
473	25
473	48
473	476
473	72
473	467
473	361
473	5
473	388
473	273
473	353
473	436
473	491
473	150
473	325
473	437
473	360
473	389
473	393
3	111
3	229
3	516
3	101
496	58
496	217
496	444
496	347
496	409
496	362
496	301
496	408
151	246
151	8
151	114
151	146
151	430
151	516
392	218
392	232
392	167
392	98
392	149
392	31
392	183
392	62
392	178
392	498
392	243
392	133
392	126
392	410
392	388
392	180
392	460
392	325
392	360
53	152
53	177
53	535
53	0
53	405
53	42
53	505
53	10
53	409
53	364
53	412
53	110
53	538
53	11
53	279
189	335
189	159
189	433
189	211
189	133
189	353
189	167
189	98
189	87
189	69
189	377
189	514
189	325
189	360
188	257
188	370
188	445
188	95
188	498
188	388
188	183
115	538
115	439
115	234
115	117
115	535
115	108
115	517
115	199
115	228
115	191
115	364
115	239
150	540
150	159
150	433
150	87
150	359
150	183
150	285
150	377
150	514
150	361
150	335
150	518
150	212
150	536
150	351
150	197
150	491
150	103
150	388
150	325
150	209
150	360
150	437
150	123
150	55
150	278
150	400
150	20
150	120
150	470
150	471
150	257
150	467
150	330
150	98
150	69
150	460
150	393
374	356
78	422
78	22
78	120
78	159
78	69
78	396
78	273
113	464
113	304
113	227
113	58
113	475
354	287
354	198
354	490
354	318
366	330
366	283
366	485
366	204
366	42
366	499
366	519
426	428
426	5
426	305
426	107
426	437
524	404
524	145
524	268
524	324
524	275
524	38
524	485
524	466
524	242
524	341
524	403
524	326
450	41
450	486
450	465
450	160
450	43
450	215
450	127
450	86
450	205
155	158
384	46
384	538
384	177
384	409
384	121
384	106
384	398
544	4
544	230
544	195
544	307
544	336
277	4
277	118
277	174
277	233
277	156
277	230
277	429
277	336
277	320
277	474
277	307
277	488
277	17
277	195
277	434
277	289
277	165
277	32
458	140
458	298
458	177
458	493
458	405
458	274
458	269
458	412
458	224
458	469
458	110
458	158
458	50
458	142
458	483
458	124
458	239
210	173
210	4
210	118
210	44
210	314
210	252
210	265
210	407
210	34
210	71
210	68
210	417
278	159
278	123
278	20
278	359
278	285
278	377
278	470
278	361
278	351
278	214
278	518
278	48
278	212
278	69
278	536
278	247
278	197
278	491
278	55
278	325
278	209
278	393
278	437
327	152
327	77
327	241
327	194
327	199
327	185
327	64
327	301
327	0
22	133
22	167
22	31
22	482
22	36
22	319
22	504
22	92
22	328
22	498
22	335
22	196
22	467
22	168
22	5
22	396
22	293
22	26
22	353
22	539
141	439
141	239
194	7
194	223
194	424
194	306
194	386
194	438
194	484
194	101
194	161
194	435
194	106
194	292
194	310
194	105
194	479
464	227
464	475
453	217
453	535
453	444
453	409
453	191
453	364
453	175
453	259
453	538
453	117
453	234
453	241
453	108
453	17
453	128
453	250
362	317
376	40
376	358
376	63
376	314
376	333
376	38
376	343
376	468
376	71
376	350
287	485
287	318
287	198
287	356
287	219
287	490
287	316
287	369
38	404
38	268
38	324
38	275
38	145
38	242
38	341
38	403
38	326
333	40
333	358
333	531
333	343
333	63
333	314
257	247
257	62
257	462
257	325
257	370
257	335
257	522
257	445
257	388
257	183
257	69
257	436
257	103
257	56
257	348
257	433
257	70
257	437
237	425
237	298
237	206
237	391
237	253
237	77
237	162
237	269
237	447
237	505
237	371
237	254
237	171
237	81
237	122
237	142
521	300
521	428
50	298
50	206
50	177
50	162
50	444
50	269
50	171
50	274
50	412
50	469
50	425
50	505
50	37
50	122
50	106
50	254
50	391
50	371
50	77
50	493
50	405
50	297
50	224
50	90
50	110
50	142
50	170
50	124
50	304
50	81
50	239
117	191
117	239
126	170
126	305
126	108
126	31
126	531
126	178
126	319
126	370
273	159
273	134
273	400
273	389
273	370
273	361
273	25
273	48
273	72
273	467
273	247
273	69
273	436
273	491
273	214
273	157
273	272
273	360
273	437
130	39
356	485
356	318
356	219
356	490
356	316
69	159
69	133
69	20
69	351
69	285
69	377
69	25
69	361
69	422
69	518
69	212
69	197
69	536
69	396
69	247
69	491
69	325
69	209
69	134
69	55
69	123
69	214
69	400
69	389
69	120
69	462
69	470
69	48
69	353
69	436
69	321
69	72
69	157
69	70
69	393
283	499
283	204
429	174
429	61
429	156
429	89
429	307
429	154
429	488
429	17
429	195
429	434
429	289
429	230
429	165
205	86
205	43
205	215
205	465
205	41
205	127
455	517
455	158
455	109
455	176
455	439
455	244
455	241
455	546
455	225
32	320
32	4
32	118
32	345
32	443
32	334
32	195
32	17
32	336
32	165
32	363
475	447
475	227
475	409
475	58
339	517
339	346
339	176
339	535
339	225
461	373
461	9
461	246
461	146
461	111
461	530
461	430
211	410
211	508
211	433
211	133
211	167
211	98
211	5
211	87
211	183
211	247
211	353
211	170
380	478
380	267
380	236
380	65
380	431
308	64
308	108
308	444
308	505
308	128
308	347
308	199
308	364
308	175
369	320
369	4
369	118
369	474
369	17
369	488
369	272
369	289
369	165
317	346
317	58
317	398
317	217
317	535
317	162
317	444
317	517
317	199
317	364
317	175
317	538
317	241
317	108
317	505
317	18
317	184
7	386
7	310
7	101
7	435
7	292
477	268
477	403
477	341
514	540
514	159
514	433
514	92
514	133
514	123
514	400
514	285
514	62
514	518
514	377
514	25
514	361
514	498
514	335
514	134
514	72
514	467
514	388
514	351
514	353
514	436
514	491
514	325
514	393
514	360
514	437
240	16
240	93
240	178
428	471
428	16
428	416
428	187
428	170
428	293
428	300
428	25
412	110
412	37
412	170
412	10
412	269
412	405
412	177
412	371
412	239
412	469
253	162
94	430
94	8
94	114
94	111
94	229
94	516
85	517
85	346
85	158
85	546
85	439
85	0
85	244
358	40
358	4
358	63
358	314
358	263
358	221
358	198
358	531
358	343
358	468
358	71
358	350
358	245
546	192
546	346
546	517
546	176
546	439
546	158
546	241
546	225
445	470
445	388
445	183
445	247
510	58
510	108
510	162
510	444
510	456
510	405
510	199
510	64
510	175
510	110
510	493
510	505
510	11
510	170
510	10
510	18
510	244
530	373
530	111
530	246
530	506
122	298
122	77
122	206
122	177
122	391
122	395
122	162
122	269
122	405
122	297
122	81
122	90
122	110
122	140
122	425
122	505
122	170
122	18
122	304
122	371
122	254
180	218
180	92
180	467
180	325
180	133
125	258
505	177
505	217
505	535
505	162
505	444
505	269
505	64
505	42
505	171
505	10
505	409
505	191
505	206
505	220
505	425
505	37
505	279
505	18
505	298
505	254
505	469
505	301
505	346
505	152
505	398
505	81
505	395
505	77
505	493
505	0
505	270
505	405
505	175
505	456
505	391
505	364
505	90
505	408
505	110
505	538
505	142
505	241
505	170
505	58
505	244
505	199
505	259
505	371
505	304
505	19
505	11
505	239
310	292
310	438
310	223
310	101
310	161
310	424
310	306
310	435
310	386
310	105
310	484
310	479
18	110
18	64
18	535
18	162
18	58
18	220
18	102
18	409
18	425
18	170
18	241
18	10
18	254
18	301
18	391
18	152
18	398
18	217
18	77
18	270
18	0
18	364
18	175
18	408
18	259
18	538
18	329
18	228
18	11
18	108
18	199
18	371
18	184
18	244
103	471
103	149
103	457
103	245
103	390
103	462
325	422
325	149
325	92
325	400
325	285
325	62
325	120
325	377
325	504
325	328
325	536
325	344
325	335
325	518
325	133
325	212
325	353
325	396
325	98
325	183
325	491
325	123
325	214
325	178
325	159
325	360
378	111
378	516
123	422
123	159
123	433
123	133
123	55
123	476
123	359
123	536
123	377
123	470
123	25
123	361
123	335
123	518
123	212
123	305
123	396
123	436
123	491
123	353
123	214
123	209
123	437
123	360
123	393
437	247
437	285
437	470
437	491
437	518
437	48
437	467
437	361
437	436
437	209
437	360
437	389
437	393
416	471
58	110
58	64
58	535
58	162
58	301
58	102
58	409
58	191
58	364
58	439
58	234
58	217
58	10
58	447
58	254
58	391
58	152
58	398
58	187
58	501
58	444
58	175
58	259
58	538
58	228
58	11
58	108
58	199
58	184
58	363
398	46
398	391
398	535
398	270
398	409
398	110
398	538
398	89
398	124
398	19
345	320
345	4
345	118
345	443
345	17
345	195
345	289
345	336
345	394
187	102
187	16
187	228
187	364
187	469
275	404
275	485
275	242
275	324
275	145
275	341
275	403
275	326
320	4
320	118
320	474
320	443
320	89
320	488
320	17
320	195
320	434
320	289
320	68
320	165
320	417
456	110
456	152
456	64
456	11
456	170
456	162
456	10
456	199
343	40
343	531
343	181
343	63
343	314
343	231
343	221
343	71
343	263
343	350
490	485
490	316
490	318
470	518
470	197
470	55
470	214
470	20
470	491
470	361
470	285
470	209
470	536
224	142
224	106
224	395
224	170
224	162
224	352
224	298
224	60
90	106
90	177
90	352
90	269
90	405
90	60
90	274
90	469
90	110
90	170
90	10
90	493
90	371
90	239
476	498
476	48
476	92
476	72
476	467
476	5
476	247
476	134
476	400
476	293
476	389
476	491
476	209
476	25
476	361
476	393
259	152
259	301
259	535
259	162
259	444
259	42
259	64
259	108
259	199
259	191
259	364
259	175
259	408
259	234
259	11
259	241
259	279
259	184
259	250
259	244
313	413
493	391
493	298
493	77
493	206
493	177
493	535
493	501
493	142
493	162
493	405
493	297
493	60
493	469
493	110
493	538
493	37
493	170
493	106
493	270
493	124
493	171
493	371
493	254
493	322
493	239
493	425
457	370
457	393
142	140
142	177
142	391
142	66
142	395
142	162
142	352
142	405
142	171
142	107
142	60
142	274
142	269
142	469
142	110
142	425
142	444
142	170
142	206
142	124
142	298
63	40
63	531
63	181
63	314
63	263
63	231
63	221
63	71
63	207
63	350
386	223
386	101
386	435
386	292
386	306
386	484
386	479
432	4
432	89
432	307
305	73
305	159
305	92
305	26
305	31
305	482
305	36
305	319
305	504
305	328
305	196
305	168
305	5
305	396
305	388
305	183
305	293
305	321
305	539
305	235
235	73
235	396
235	92
235	26
235	328
235	31
98	261
98	433
98	95
98	167
98	87
98	388
98	62
98	390
185	537
185	447
438	484
438	101
438	306
438	292
353	159
353	133
353	467
353	87
353	335
353	197
353	167
353	377
353	360
353	389
195	4
195	118
195	156
195	407
195	382
195	289
195	336
195	474
195	181
195	61
195	265
195	89
195	307
195	34
195	17
195	233
195	434
195	443
195	488
195	272
195	68
195	165
195	417
344	120
344	396
344	95
344	26
344	370
344	183
344	92
460	178
460	403
460	508
350	40
350	314
350	263
350	221
64	110
64	217
64	535
64	162
64	444
64	152
64	409
64	191
64	37
64	10
64	301
64	46
64	391
64	0
64	364
64	175
64	408
64	538
64	228
64	11
64	170
64	241
64	108
64	199
64	244
64	363
118	4
118	44
118	252
118	89
118	407
118	71
118	272
118	230
118	336
118	164
118	265
118	503
118	128
118	34
118	17
118	434
118	488
118	289
118	68
118	165
118	394
206	110
206	140
206	81
206	177
206	66
206	395
206	77
206	352
206	269
206	405
206	301
206	162
206	391
206	274
206	169
206	170
206	10
206	329
206	297
206	304
206	298
206	371
206	254
206	171
206	425
217	391
217	152
217	108
217	301
217	395
217	444
217	42
217	199
217	408
217	110
217	425
217	11
217	241
217	39
217	250
217	244
26	149
26	170
26	92
26	73
26	167
26	31
26	183
26	36
26	178
26	462
26	328
26	196
26	168
26	247
26	293
26	396
26	5
26	482
26	390
66	346
66	298
66	162
66	352
66	405
66	371
66	239
66	526
87	335
87	133
87	337
87	167
87	168
87	433
20	518
20	134
20	467
20	55
20	359
20	389
20	159
20	377
20	214
20	285
20	209
20	536
20	360
352	110
352	425
352	177
352	162
352	298
352	274
352	171
352	239
351	540
351	360
351	0
351	400
485	404
485	204
485	446
485	231
485	145
485	198
485	4
485	316
485	341
485	403
485	324
485	421
485	219
485	468
485	289
485	326
382	474
382	181
382	434
382	156
382	307
382	17
382	488
382	165
43	486
43	465
43	160
43	41
43	215
43	127
377	400
377	159
377	133
377	214
377	285
377	120
377	178
377	422
377	55
377	335
377	518
377	212
377	330
377	360
377	491
377	209
504	5
504	178
504	319
504	92
290	67
290	116
290	93
227	304
506	111
506	246
34	4
34	44
34	164
34	252
34	265
34	89
34	407
34	71
34	68
34	417
267	478
267	236
267	65
267	431
328	73
328	92
328	168
328	396
328	31
328	482
328	36
328	319
328	539
439	346
439	228
439	108
439	517
439	364
439	239
324	404
324	268
324	145
324	466
324	242
324	341
324	403
324	326
5	159
5	396
5	31
5	482
5	319
5	196
5	92
5	539
410	62
410	133
410	396
410	247
183	133
183	95
183	62
183	120
183	370
183	498
183	170
183	388
183	247
183	436
183	321
183	462
183	360
183	390
293	396
293	31
293	319
293	539
293	92
318	316
128	234
128	535
128	89
128	250
434	261
434	4
434	174
434	156
434	474
434	181
434	61
434	307
434	17
434	488
434	272
434	165
299	176
209	400
209	285
209	361
209	422
209	518
209	212
209	247
209	462
209	491
209	214
209	393
250	234
250	535
250	444
250	409
165	4
165	156
165	272
165	230
165	174
165	474
165	181
165	61
165	89
165	307
165	17
165	488
165	289
165	336
165	233
165	417
404	145
404	268
404	178
404	242
404	341
404	403
404	326
152	110
152	170
152	244
152	162
152	42
152	102
152	199
152	364
152	538
152	0
152	37
152	16
152	228
152	11
152	241
152	10
152	279
152	408
152	301
152	363
57	228
57	102
121	538
121	177
121	108
121	54
121	191
430	246
430	114
430	111
430	229
430	8
336	89
336	17
270	110
270	538
270	535
270	220
270	409
270	322
270	19
270	469
516	294
516	111
169	405
169	395
169	162
169	239
41	486
41	160
41	465
41	215
41	127
41	86
178	508
178	436
178	462
178	403
178	326
462	247
462	342
289	4
289	156
289	71
289	272
289	174
289	110
289	474
289	61
289	443
289	89
289	307
289	17
289	488
289	68
289	394
289	417
93	67
93	116
93	492
364	538
364	535
364	162
364	102
364	409
364	191
364	175
364	228
364	11
364	108
364	10
364	199
364	184
364	363
364	244
364	239
207	221
207	474
207	263
431	478
431	236
431	65
245	4
40	173
40	531
40	314
40	263
40	221
391	177
391	106
391	162
391	444
391	269
391	171
391	220
391	425
391	298
391	254
391	469
391	301
391	110
391	371
391	77
391	405
391	297
391	60
391	199
391	329
391	304
391	81
474	4
474	156
474	272
474	174
474	181
474	61
474	307
474	17
474	488
243	218
243	232
181	4
181	174
181	61
181	231
181	156
181	307
181	71
181	488
181	272
232	218
232	498
443	4
443	17
467	92
467	134
467	55
467	361
467	400
467	389
467	518
467	48
467	247
467	72
467	285
467	536
467	396
467	436
467	491
467	157
467	393
467	360
221	531
221	314
221	263
478	236
478	65
171	298
171	77
171	371
171	395
171	162
171	107
171	444
171	405
171	274
171	269
171	140
171	447
171	170
171	16
171	177
171	304
171	81
171	254
171	110
171	297
171	239
242	145
242	466
242	341
242	403
242	326
56	272
56	149
198	71
184	538
184	301
184	535
184	11
184	409
184	199
184	191
184	175
449	359
449	247
70	120
70	321
70	390
479	101
479	161
479	435
479	306
479	292
479	105
479	484
393	134
393	400
393	285
393	361
393	48
393	25
393	518
393	72
393	536
393	247
393	436
393	491
393	157
393	272
393	360
393	389
261	174
261	383
110	177
110	535
110	162
110	269
110	42
110	298
110	409
110	469
110	220
110	425
110	37
110	106
110	60
110	10
110	304
110	254
110	239
110	301
110	81
110	395
110	77
110	0
110	405
110	297
110	322
110	248
110	408
110	538
110	241
110	170
110	124
110	199
110	371
110	244
110	11
540	133
540	360
540	400
159	133
159	167
159	285
159	25
159	422
159	436
159	335
159	518
159	212
159	197
159	361
159	396
159	247
159	491
159	360
159	134
159	498
159	55
159	400
159	120
159	48
159	72
159	214
159	157
433	335
433	133
433	167
433	360
174	4
174	156
174	272
174	307
174	488
174	17
133	46
133	167
133	335
133	482
133	92
133	481
133	498
133	247
133	360
77	304
77	241
77	177
77	395
77	162
77	405
77	297
77	274
77	425
77	170
77	106
77	199
77	371
77	81
77	254
77	239
65	465
65	236
269	298
269	371
269	162
269	444
269	405
269	469
269	37
269	106
269	304
269	81
269	254
269	239
192	158
192	483
192	102
192	67
285	400
285	389
285	359
285	518
285	72
285	536
285	247
285	491
285	360
42	241
42	535
42	0
42	301
42	191
42	408
42	538
42	199
42	234
42	11
42	170
42	244
36	170
36	390
36	168
36	396
36	31
36	482
36	196
102	228
114	111
114	8
114	229
409	46
409	177
409	535
409	444
409	0
409	347
409	191
409	538
409	199
409	37
409	234
229	111
229	8
229	172
370	72
370	48
370	134
370	95
370	388
370	247
370	334
370	436
370	120
370	360
225	517
225	346
225	176
4	508
4	252
4	156
4	265
4	89
4	488
4	417
4	71
4	272
4	230
4	503
4	307
4	17
4	68
196	73
196	92
196	168
196	396
196	31
284	311
212	518
212	330
212	55
212	536
212	491
212	214
265	173
265	44
265	164
265	314
265	252
265	89
265	407
265	71
265	68
265	417
241	176
241	162
241	199
241	191
241	408
241	170
241	11
241	108
241	109
241	301
241	244
292	101
292	223
292	435
292	306
292	105
292	161
292	484
292	424
10	177
10	162
10	301
10	37
10	346
10	395
10	0
10	405
10	175
10	408
10	11
10	170
10	199
10	371
10	304
10	244
197	214
197	359
197	400
520	342
520	176
146	9
146	246
146	111
146	8
8	111
417	44
417	164
417	252
417	89
417	407
417	71
417	17
417	68
268	145
268	341
268	403
268	326
105	223
105	101
105	161
105	435
134	400
134	389
134	361
134	518
134	48
134	72
134	536
134	247
134	436
134	491
134	157
134	272
134	25
134	360
294	172
204	499
204	519
400	361
400	518
400	48
400	72
400	536
400	247
400	436
400	491
400	157
400	360
400	389
107	507
107	60
107	106
107	89
107	37
482	73
482	170
482	92
482	396
482	31
482	319
482	539
482	481
368	488
157	422
157	491
157	518
157	48
157	247
157	389
157	120
157	25
157	361
157	360
337	335
337	168
337	170
297	106
297	81
297	162
297	298
297	274
297	170
297	304
297	371
297	254
95	396
95	176
95	498
95	334
95	62
483	158
483	517
403	531
403	145
403	466
403	341
403	326
481	335
481	170
481	361
538	301
538	177
538	535
538	162
538	444
538	37
538	322
538	46
538	0
538	405
538	347
538	11
538	199
347	162
347	444
484	101
484	161
484	435
484	424
101	223
101	435
101	161
101	306
101	424
111	246
173	71
173	314
173	68
507	46
507	405
507	469
507	37
507	60
507	106
507	239
160	465
160	215
160	86
160	127
124	170
124	501
124	444
124	405
124	469
124	329
124	248
124	106
124	89
124	298
124	371
522	247
17	252
17	156
17	230
17	61
17	89
17	307
17	154
17	488
17	68
17	394
214	330
214	55
214	359
214	491
214	383
68	44
68	314
68	252
68	89
68	407
68	71
68	164
68	503
68	394
239	177
239	162
239	444
239	274
239	191
239	469
239	37
239	106
239	304
239	405
239	60
239	495
239	170
239	371
394	154
73	498
73	92
73	168
73	396
73	388
73	31
73	436
73	319
149	498
149	436
177	301
177	106
177	162
177	444
177	469
177	140
177	425
177	37
177	304
177	298
177	371
177	405
177	60
177	329
177	170
177	199
177	81
314	531
314	263
314	71
424	223
424	161
424	435
495	199
162	346
162	106
162	469
162	140
162	425
162	248
162	447
162	199
162	298
162	254
162	301
162	329
162	81
162	395
162	405
162	60
162	408
162	444
162	170
162	371
162	304
162	244
162	11
444	535
444	140
444	37
444	298
444	469
444	301
444	0
444	405
444	175
444	11
444	108
444	199
220	371
220	322
220	199
373	246
127	486
127	465
127	215
127	86
298	329
298	274
298	469
298	140
298	170
298	371
298	254
298	425
319	92
319	396
319	31
319	539
54	408
176	346
176	517
191	301
191	408
191	234
191	11
191	199
191	535
191	244
100	231
100	468
44	164
44	252
44	468
44	71
498	388
498	436
498	247
498	25
498	360
425	81
425	170
425	304
425	371
425	254
518	359
518	389
518	25
518	536
518	48
518	72
518	247
518	491
518	361
518	55
518	360
465	486
465	215
465	86
168	396
168	436
168	539
168	92
106	81
106	60
106	274
106	469
106	405
106	170
106	371
106	254
247	55
247	62
247	25
247	536
247	48
247	361
247	436
247	491
247	389
279	405
279	301
279	244
252	164
252	89
252	407
252	71
246	9
263	231
488	156
488	272
488	230
488	61
488	307
488	233
254	371
254	405
254	199
254	329
254	170
254	304
254	81
272	307
272	156
272	389
272	25
272	361
272	48
272	61
272	330
272	360
272	436
272	491
272	326
492	116
326	145
326	341
360	92
360	62
360	25
360	361
360	335
360	72
360	491
360	389
360	48
360	330
46	37
46	535
46	199
486	86
486	215
231	468
55	48
55	536
55	359
55	491
395	405
395	274
395	140
395	37
395	170
395	199
395	244
537	447
0	199
0	11
0	301
0	244
405	274
405	469
405	37
405	304
405	371
405	501
405	60
405	170
405	11
405	81
389	359
389	25
389	361
389	422
389	48
389	536
389	436
389	491
536	361
536	359
536	48
536	491
31	92
31	170
31	396
31	539
86	215
48	361
48	422
48	72
48	25
48	436
48	491
230	156
230	307
248	371
248	274
408	517
408	199
408	170
408	11
408	301
408	244
140	329
158	228
158	108
158	244
37	469
37	89
16	447
16	346
16	342
16	244
334	396
334	120
11	301
11	363
11	175
11	170
11	199
11	304
11	244
170	469
170	167
170	301
170	371
170	120
170	60
170	199
170	244
170	436
170	81
170	304
388	62
388	396
342	109
304	301
304	371
304	274
304	81
321	120
371	469
371	60
371	199
371	329
371	81
348	390
390	167
508	346
301	535
301	234
301	199
301	244
92	396
92	167
92	436
92	539
167	335
535	234
535	199
535	175
535	244
156	89
156	307
156	233
359	491
517	363
62	396
466	341
341	145
274	60
274	81
25	120
25	361
25	436
25	491
361	422
361	72
361	436
361	491
469	501
469	329
469	234
469	60
469	81
422	72
223	435
223	306
223	161
72	436
72	491
161	306
161	435
435	306
89	407
491	330
491	436
503	164
539	396
501	329
346	228
346	175
116	67
71	407
71	164
60	81
199	234
199	175
199	228
199	108
199	244
199	363
175	228
175	108
67	244
61	307
228	108
228	244
108	244
120	396
13	13
15	15
136	136
216	216
276	276
296	296
315	315
365	365
387	387
420	420
423	423
502	502
541	541
