4 20 68 78 88 106 122 125 133 145 157 174 213 249 262 323 343 358 363 404 425 431 456 503 505 513 516 532 545 546 580 589 601 608 621 634 695 714 716 729 731 755 766 768 772 781 818 823 824 841 851 855 901 904 917 921 933 957 974 990 992 996
2 18 36 62 74 103 113 119 147 223 259 287 295 303 333 339 341 443 453 469 500 581 618 656 674 742 746 808 914 937 941 948 964 986
9 32 47 79 87 105 140 183 197 215 270 308 319 337 379 448 498 519 557 559 566 598 630 676 677 690 697 700 704 722 769 828 838 935 938 959 980 981
5 30 89 124 216 261 280 296 366 399 614 710 784 804 807 812 840 868 946 953 954
8 17 22 26 29 34 39 46 48 56 76 90 98 114 123 130 180 195 200 205 219 242 247 250 254 265 276 289 290 309 313 334 361 373 375 383 408 413 455 461 466 472 491 501 509 536 540 567 584 587 594 602 624 635 643 653 663 664 687 703 734 737 739 745 759 798 835 837 848 852 908 922 925 926 934 955 956 960 968 991 998
10 13 27 43 58 65 81 94 115 135 138 156 164 166 170 184 190 191 194 199 201 204 230 234 241 274 291 292 299 306 315 344 346 356 368 372 390 403 432 435 440 442 446 458 464 470 476 480 496 497 506 510 523 524 528 550 574 593 603 623 637 694 717 719 725 741 748 756 770 774 776 786 790 810 813 822 829 834 843 847 850 853 864 865 903 918 950 963 979 994
7 15 24 28 37 52 86 96 102 134 143 169 178 187 188 202 220 225 228 240 246 263 264 273 336 354 376 385 387 392 397 400 406 409 410 433 436 438 441 468 477 487 488 492 502 515 517 527 530 533 534 552 569 583 607 622 625 626 636 641 679 713 715 720 747 799 814 826 833 836 859 862 884 889 898 899 902 905 929 932 939 945 947 966 978 989 997 999
70 171 172 283 286 482 561 579 633 654 660 675 783 845 910
16 42 53 95 160 181 221 258 282 380 407 414 420 459 474 542 556 562 577 652 698 702 780 803 872 876 936
1 60 99 154 332 347 367 422 434 475 522 817 879 890 943
19 44 66 80 92 93 144 161 192 193 198 203 208 235 237 279 305 326 330 419 423 424 451 494 531 560 609 627 645 661 667 668 672 691 705 706 735 778 793 809 827 856 860 875 882 930 965 983 984
49 51 67 73 107 149 152 159 163 182 186 206 207 210 253 255 256 267 281 310 316 321 365 369 371 374 384 389 393 396 415 416 421 437 447 452 463 465 467 471 512 514 521 539 549 554 564 592 597 599 600 612 613 615 629 632 638 647 648 657 670 681 682 683 685 688 723 724 726 732 736 749 754 767 773 797 806 870 891 909 915 944 949 951 969 972 988 995
33 57 118 121 175 233 318 335 430 617 789 802 830 893 971
31 35 64 71 77 84 91 104 111 126 132 136 139 142 153 158 168 173 196 211 212 217 236 243 244 252 271 284 302 314 320 322 331 340 342 345 348 353 370 377 391 401 411 429 450 485 499 507 535 548 555 570 582 586 604 610 678 680 693 701 712 728 752 761 787 795 816 839 844 846 858 866 886 892 895 940 961 962 967 970 973 977 987 993
0 6 12 25 54 55 69 83 97 128 141 150 155 167 209 222 232 239 245 268 277 293 294 300 307 311 338 360 362 395 418 454 478 479 481 486 490 493 495 504 526 547 551 553 563 565 572 578 591 596 605 606 611 616 619 639 658 671 689 709 711 718 721 740 744 750 771 777 782 788 796 800 801 825 861 863 869 871 873 881 894 897 920 927 928 952 958 982
3 229 359 511 543 573 585 669 673 686 696 727 775 811 867 874 912 919
21 116 272 285 388 462 620 642 659 666 684 692 708 753 757 758 785 792 794 883 888
11 14 38 40 41 50 59 61 63 82 85 108 110 112 117 120 127 137 146 148 151 179 185 214 224 227 238 248 251 257 275 288 298 301 317 324 325 327 328 329 349 352 378 381 382 386 402 412 426 427 428 444 445 483 484 489 508 525 529 538 541 558 568 576 588 595 631 644 646 649 662 665 707 760 762 779 805 815 819 831 842 854 878 885 896 900 907 916 924 931 975 976 985
45 100 101 129 131 176 177 189 218 226 231 260 266 269 278 297 304 351 355 357 394 398 417 449 457 460 473 518 537 571 590 628 650 651 655 699 733 743 751 763 764 765 820 832 849 857 887 911 923 942
23 72 75 109 162 165 312 350 364 405 439 520 544 575 640 730 738 791 821 877 880 906 913
