0 15
1 10
2 2
3 16
4 1
5 4
6 15
7 7
8 5
9 3
10 6
11 18
12 15
13 6
14 18
15 7
16 9
17 5
18 2
19 11
20 1
21 17
22 5
23 20
24 7
25 15
26 5
27 6
28 7
29 5
30 4
31 14
32 3
33 13
34 5
35 14
36 2
37 7
38 18
39 5
40 18
41 18
42 9
43 6
44 11
45 19
46 5
47 3
48 5
49 12
50 18
51 12
52 7
53 9
54 15
55 15
56 5
57 13
58 6
59 18
60 10
61 18
62 2
63 18
64 14
65 6
66 11
67 12
68 1
69 15
70 8
71 14
72 20
73 12
74 2
75 20
76 5
77 14
78 1
79 3
80 11
81 6
82 18
83 15
84 14
85 18
86 7
87 3
88 1
89 4
90 5
91 14
92 11
93 11
94 6
95 9
96 7
97 15
98 5
99 10
100 19
101 19
102 7
103 2
104 14
105 3
106 1
107 12
108 18
109 20
110 18
111 14
112 18
113 2
114 5
115 6
116 17
117 18
118 13
119 2
120 18
121 13
122 1
123 5
124 4
125 1
126 14
127 18
128 15
129 19
130 5
131 19
132 14
133 1
134 7
135 6
136 14
137 18
138 6
139 14
140 3
141 15
142 14
143 7
144 11
145 1
146 18
147 2
148 18
149 12
150 15
151 18
152 12
153 14
154 10
155 15
156 6
157 1
158 14
159 12
160 9
161 11
162 20
163 12
164 6
165 20
166 6
167 15
168 14
169 7
170 6
171 8
172 8
173 14
174 1
175 13
176 19
177 19
178 7
179 18
180 5
181 9
182 12
183 3
184 6
185 18
186 12
187 7
188 7
189 19
190 6
191 6
192 11
193 11
194 6
195 5
196 14
197 3
198 11
199 6
200 5
201 6
202 7
203 11
204 6
205 5
206 12
207 12
208 11
209 15
210 12
211 14
212 14
213 1
214 18
215 3
216 4
217 14
218 19
219 5
220 7
221 9
222 15
223 2
224 18
225 7
226 19
227 18
228 7
229 16
230 6
231 19
232 15
233 13
234 6
235 11
236 14
237 11
238 18
239 15
240 7
241 6
242 5
243 14
244 14
245 15
246 7
247 5
248 18
249 1
250 5
251 18
252 14
253 12
254 5
255 12
256 12
257 18
258 9
259 2
260 19
261 4
262 1
263 7
264 7
265 5
266 19
267 12
268 15
269 19
270 3
271 14
272 17
273 7
274 6
275 18
276 5
277 15
278 19
279 11
280 4
281 12
282 9
283 8
284 14
285 17
286 8
287 2
288 18
289 5
290 5
291 6
292 6
293 15
294 15
295 2
296 4
297 19
298 18
299 6
300 15
301 18
302 14
303 2
304 19
305 11
306 6
307 15
308 3
309 5
310 12
311 15
312 20
313 5
314 14
315 6
316 12
317 18
318 13
319 3
320 14
321 12
322 14
323 1
324 18
325 18
326 11
327 18
328 18
329 18
330 11
331 14
332 10
333 2
334 5
335 13
336 7
337 3
338 15
339 2
340 14
341 2
342 14
343 1
344 6
345 14
346 6
347 10
348 14
349 18
350 20
351 19
352 18
353 14
354 7
355 19
356 6
357 19
358 1
359 16
360 15
361 5
362 15
363 1
364 20
365 12
366 4
367 10
368 6
369 12
370 14
371 12
372 6
373 5
374 12
375 5
376 7
377 14
378 18
379 3
380 9
381 18
382 18
383 5
384 12
385 7
386 18
387 7
388 17
389 12
390 6
391 14
392 7
393 12
394 19
395 15
396 12
397 7
398 19
399 4
400 7
401 14
402 18
403 6
404 1
405 20
406 7
407 9
408 5
409 7
410 7
411 14
412 18
413 5
414 9
415 12
416 12
417 19
418 15
419 11
420 9
421 12
422 10
423 11
424 11
425 1
426 18
427 18
428 18
429 14
430 13
431 1
432 6
433 7
434 10
435 6
436 7
437 12
438 7
439 20
440 6
441 7
442 6
443 2
444 18
445 18
446 6
447 12
448 3
449 19
450 14
451 11
452 12
453 2
454 15
455 5
456 1
457 19
458 6
459 9
460 19
461 5
462 17
463 12
464 6
465 12
466 5
467 12
468 7
469 2
470 6
471 12
472 5
473 19
474 9
475 10
476 6
477 7
478 15
479 15
480 6
481 15
482 8
483 18
484 18
485 14
486 15
487 7
488 7
489 18
490 15
491 5
492 7
493 15
494 11
495 15
496 6
497 6
498 3
499 14
500 2
501 5
502 7
503 1
504 15
505 1
506 6
507 14
508 18
509 5
510 6
511 16
512 12
513 1
514 12
515 7
516 1
517 7
518 19
519 3
520 20
521 12
522 10
523 6
524 6
525 18
526 15
527 7
528 6
529 18
530 7
531 11
532 1
533 7
534 7
535 14
536 5
537 19
538 18
539 12
540 5
541 18
542 9
543 16
544 20
545 1
546 1
547 15
548 14
549 12
550 6
551 15
552 7
553 15
554 12
555 14
556 9
557 3
558 18
559 3
560 11
561 8
562 9
563 15
564 12
565 15
566 3
567 5
568 18
569 7
570 14
571 19
572 15
573 16
574 6
575 20
576 18
577 9
578 15
579 8
580 1
581 2
582 14
583 7
584 5
585 16
586 14
587 5
588 18
589 1
590 19
591 15
592 12
593 6
594 5
595 18
596 15
597 12
598 3
599 12
600 12
601 1
602 5
603 6
604 14
605 15
606 15
607 7
608 1
609 11
610 14
611 15
612 12
613 12
614 4
615 12
616 15
617 13
618 2
619 15
620 17
621 1
622 7
623 6
624 5
625 7
626 7
627 11
628 19
629 12
630 3
631 18
632 12
633 8
634 1
635 5
636 7
637 6
638 12
639 15
640 20
641 7
642 17
643 5
644 18
645 11
646 18
647 12
648 12
649 18
650 19
651 19
652 9
653 5
654 8
655 19
656 2
657 12
658 15
659 17
660 8
661 11
662 18
663 5
664 5
665 18
666 17
667 11
668 11
669 16
670 12
671 15
672 11
673 16
674 2
675 8
676 3
677 3
678 14
679 7
680 14
681 12
682 12
683 12
684 17
685 12
686 16
687 5
688 12
689 15
690 3
691 11
692 17
693 14
694 6
695 1
696 16
697 3
698 9
699 19
700 3
701 14
702 9
703 5
704 3
705 11
706 11
707 18
708 17
709 15
710 4
711 15
712 14
713 7
714 1
715 7
716 1
717 6
718 15
719 6
720 7
721 15
722 3
723 12
724 12
725 6
726 12
727 16
728 14
729 1
730 20
731 1
732 12
733 19
734 5
735 11
736 12
737 5
738 20
739 5
740 15
741 6
742 2
743 19
744 15
745 5
746 2
747 7
748 6
749 12
750 15
751 19
752 14
753 17
754 12
755 1
756 6
757 17
758 17
759 5
760 18
761 14
762 18
763 19
764 19
765 19
766 1
767 12
768 1
769 3
770 6
771 15
772 1
773 12
774 6
775 16
776 6
777 15
778 11
779 18
780 9
781 1
782 15
783 8
784 4
785 17
786 6
787 14
788 15
789 13
790 6
791 20
792 17
793 11
794 17
795 14
796 15
797 12
798 5
799 7
800 15
801 15
802 13
803 9
804 4
805 18
806 12
807 4
808 2
809 11
810 6
811 16
812 4
813 6
814 7
815 18
816 14
817 10
818 1
819 18
820 19
821 20
822 6
823 1
824 1
825 15
826 7
827 11
828 3
829 6
830 13
831 18
832 19
833 7
834 6
835 5
836 7
837 5
838 3
839 14
840 4
841 1
842 18
843 6
844 14
845 8
846 14
847 6
848 5
849 19
850 6
851 1
852 5
853 6
854 18
855 1
856 11
857 19
858 14
859 7
860 11
861 15
862 7
863 15
864 6
865 6
866 14
867 16
868 4
869 15
870 12
871 15
872 9
873 15
874 16
875 11
876 9
877 20
878 18
879 10
880 20
881 15
882 11
883 17
884 7
885 18
886 14
887 19
888 17
889 7
890 10
891 12
892 14
893 13
894 15
895 14
896 18
897 15
898 7
899 7
900 18
901 1
902 7
903 6
904 1
905 7
906 20
907 18
908 5
909 12
910 8
911 19
912 16
913 20
914 2
915 12
916 18
917 1
918 6
919 16
920 15
921 1
922 5
923 19
924 18
925 5
926 5
927 15
928 15
929 7
930 11
931 18
932 7
933 1
934 5
935 3
936 9
937 2
938 3
939 7
940 14
941 2
942 19
943 10
944 12
945 7
946 4
947 7
948 2
949 12
950 6
951 12
952 15
953 4
954 4
955 5
956 5
957 1
958 15
959 3
960 5
961 14
962 14
963 6
964 2
965 11
966 7
967 14
968 5
969 12
970 14
971 13
972 12
973 14
974 1
975 18
976 18
977 14
978 7
979 6
980 3
981 3
982 15
983 11
984 11
985 18
986 2
987 14
988 12
989 7
990 1
991 5
992 1
993 14
994 6
995 12
996 1
997 7
998 5
999 7
