0 69
1 47
2 51
3 22
4 84
5 131
6 125
7 10
8 66
9 32
10 77
11 123
12 13
13 130
14 19
15 129
16 49
17 55
18 26
19 131
20 53
21 94
22 44
23 23
24 40
25 105
26 59
27 129
28 61
29 77
30 44
31 117
32 97
33 16
34 16
35 103
36 97
37 5
38 48
39 107
40 53
41 83
42 63
43 61
44 84
45 98
46 115
47 121
48 82
49 122
50 6
51 91
52 55
53 15
54 116
55 50
56 110
57 121
58 95
59 26
60 104
61 66
62 21
63 57
64 43
65 55
66 45
67 100
68 84
69 45
70 83
71 16
72 116
73 56
74 85
75 121
76 107
77 45
78 16
79 104
80 34
81 52
82 61
83 45
84 34
85 13
86 108
87 107
88 51
89 26
90 14
91 63
92 107
93 61
94 31
95 63
96 41
97 41
98 38
99 83
100 44
101 115
102 55
103 13
104 34
105 68
106 103
107 96
108 66
109 92
110 118
111 53
112 21
113 126
114 30
115 56
116 60
117 34
118 111
119 39
120 120
121 84
122 13
123 129
124 4
125 9
126 17
127 108
128 21
129 25
130 72
131 47
132 13
133 13
134 103
135 98
136 131
137 57
138 121
139 45
140 85
141 125
142 6
143 124
144 59
145 68
146 107
147 32
148 56
149 83
150 16
151 102
152 56
153 127
154 88
155 102
156 131
157 34
158 38
159 15
160 49
161 45
162 132
163 89
164 122
165 30
166 39
167 118
168 40
169 104
170 90
171 84
172 18
173 20
174 130
175 110
176 55
177 50
178 5
179 55
180 111
181 103
182 85
183 84
184 78
185 17
186 17
187 102
188 34
189 100
190 1
191 98
192 103
193 74
194 72
195 30
196 21
197 50
198 112
199 80
200 6
201 130
202 16
203 105
204 118
205 47
206 57
207 118
208 134
209 122
210 106
211 118
212 34
213 7
214 126
215 112
216 119
217 15
218 74
219 121
220 102
221 45
222 107
223 21
224 85
225 16
226 3
227 45
228 49
229 13
230 21
231 68
232 5
233 9
234 86
235 53
236 22
237 31
238 32
239 106
240 63
241 3
242 25
243 79
244 61
245 31
246 61
247 51
248 50
249 12
250 113
251 41
252 45
253 17
254 37
255 13
256 46
257 17
258 53
259 46
260 110
261 59
262 112
263 56
264 129
265 34
266 14
267 76
268 115
269 76
270 129
271 99
272 41
273 100
274 125
275 129
276 35
277 15
278 38
279 30
280 123
281 85
282 71
283 45
284 109
285 94
286 49
287 89
288 55
289 16
290 56
291 64
292 107
293 118
294 59
295 38
296 69
297 85
298 49
299 12
300 35
301 2
302 55
303 98
304 64
305 58
306 80
307 38
308 7
309 31
310 6
311 39
312 69
313 46
314 99
315 84
316 48
317 57
318 49
319 19
320 85
321 30
322 17
323 44
324 35
325 61
326 57
327 53
328 25
329 131
330 85
331 53
332 110
333 103
334 80
335 42
336 78
337 31
338 74
339 17
340 102
341 109
342 15
343 102
344 85
345 55
346 46
347 66
348 11
349 49
350 82
351 31
352 71
353 63
354 59
355 127
356 50
357 130
358 11
359 72
360 129
361 46
362 66
363 61
364 10
365 104
366 115
367 61
368 33
369 45
370 29
371 53
372 21
373 41
374 5
375 11
376 58
377 58
378 8
379 126
380 60
381 30
382 13
383 15
384 56
385 85
386 95
387 101
388 14
389 34
390 103
391 67
392 30
393 90
394 82
395 38
396 8
397 46
398 110
399 30
400 88
401 121
402 55
403 105
404 107
405 85
406 47
407 83
408 1
409 45
410 92
411 103
412 33
413 60
414 71
415 101
416 46
417 15
418 72
419 8
420 102
421 107
422 56
423 133
424 80
425 17
426 19
427 60
428 46
429 75
430 105
431 126
432 112
433 17
434 134
435 115
436 107
437 18
438 75
439 113
440 58
441 4
442 103
443 125
444 90
445 107
446 133
447 121
448 55
449 115
450 101
451 119
452 121
453 132
454 79
455 129
456 64
457 53
458 82
459 38
460 88
461 30
462 13
463 6
464 56
465 69
466 5
467 60
468 61
469 22
470 78
471 121
472 66
473 69
474 103
475 71
476 122
477 38
478 33
479 104
480 74
481 2
482 69
483 107
484 127
485 41
486 85
487 110
488 126
489 82
490 36
491 45
492 129
493 17
494 131
495 89
496 21
497 80
498 115
499 5
500 129
501 80
502 75
503 110
504 124
505 55
506 66
507 14
508 59
509 72
510 29
511 115
512 57
513 18
514 59
515 9
516 46
517 130
518 106
519 66
520 82
521 35
522 57
523 47
524 92
525 57
526 53
527 102
528 132
529 112
530 46
531 21
532 129
533 71
534 56
535 67
536 13
537 67
538 90
539 43
540 31
541 118
542 66
543 51
544 105
545 35
546 75
547 39
548 58
549 90
550 92
551 24
552 1
553 114
554 69
555 41
556 36
557 3
558 133
559 43
560 56
561 64
562 56
563 30
564 45
565 123
566 71
567 132
568 14
569 131
570 58
571 13
572 56
573 64
574 125
575 31
576 113
577 105
578 44
579 104
580 85
581 61
582 56
583 7
584 53
585 4
586 79
587 90
588 2
589 69
590 122
591 91
592 14
593 16
594 115
595 119
596 125
597 101
598 115
599 125
600 55
601 23
602 85
603 79
604 76
605 85
606 16
607 130
608 85
609 23
610 115
611 90
612 17
613 110
614 56
615 38
616 43
617 19
618 14
619 5
620 118
621 61
622 5
623 38
624 117
625 79
626 75
627 123
628 79
629 31
630 21
631 107
632 50
633 30
634 69
635 101
636 45
637 67
638 84
639 56
640 32
641 106
642 80
643 96
644 122
645 123
646 53
647 14
648 33
649 30
650 102
651 8
652 129
653 102
654 14
655 13
656 1
657 79
658 59
659 71
660 7
661 103
662 80
663 51
664 112
665 75
666 63
667 118
668 38
669 85
670 45
671 78
672 15
673 31
674 107
675 17
676 76
677 71
678 58
679 76
680 124
681 56
682 53
683 38
684 72
685 110
686 4
687 69
688 45
689 16
690 13
691 23
692 116
693 53
694 40
695 34
696 76
697 49
698 45
699 90
700 102
701 6
702 60
703 103
704 30
705 53
706 49
707 23
708 34
709 90
710 49
711 45
712 44
713 85
714 58
715 46
716 122
717 110
718 45
719 69
720 121
721 79
722 49
723 129
724 5
725 38
726 112
727 2
728 43
729 41
730 2
731 71
732 103
733 20
734 107
735 129
736 49
737 5
738 135
739 5
740 112
741 110
742 97
743 85
744 85
745 63
746 106
747 56
748 30
749 19
750 129
751 83
752 105
753 41
754 61
755 78
756 107
757 115
758 5
759 11
760 112
761 19
762 14
763 88
764 47
765 108
766 56
767 25
768 87
769 16
770 33
771 5
772 58
773 49
774 9
775 60
776 50
777 30
778 56
779 11
780 80
781 115
782 80
783 97
784 83
785 17
786 120
787 120
788 32
789 65
790 75
791 17
792 81
793 15
794 32
795 19
796 64
797 15
798 45
799 123
800 129
801 43
802 111
803 23
804 21
805 19
806 21
807 34
808 129
809 45
810 66
811 117
812 37
813 112
814 118
815 55
816 103
817 34
818 5
819 32
820 30
821 46
822 45
823 115
824 56
825 83
826 66
827 4
828 133
829 19
830 33
831 93
832 66
833 52
834 118
835 103
836 57
837 73
838 57
839 75
840 74
841 20
842 15
843 79
844 107
845 38
846 92
847 50
848 33
849 7
850 72
851 90
852 33
853 37
854 14
855 69
856 82
857 64
858 58
859 55
860 73
861 34
862 115
863 50
864 71
865 76
866 38
867 58
868 134
869 82
870 28
871 17
872 53
873 128
874 126
875 106
876 5
877 110
878 112
879 5
880 90
881 8
882 38
883 55
884 69
885 48
886 45
887 105
888 50
889 122
890 115
891 82
892 85
893 34
894 118
895 24
896 66
897 115
898 71
899 104
900 64
901 121
902 129
903 29
904 128
905 94
906 55
907 13
908 110
909 35
910 57
911 69
912 129
913 61
914 90
915 102
916 135
917 19
918 21
919 106
920 81
921 38
922 71
923 46
924 18
925 113
926 120
927 99
928 89
929 112
930 49
931 86
932 84
933 53
934 133
935 109
936 82
937 78
938 108
939 76
940 17
941 121
942 59
943 68
944 70
945 62
946 116
947 7
948 21
949 75
950 115
951 73
952 34
953 131
954 5
955 43
956 116
957 105
958 93
959 22
960 45
961 46
962 25
963 56
964 13
965 107
966 75
967 81
968 84
969 56
970 115
971 43
972 19
973 57
974 38
975 89
976 54
977 61
978 84
979 105
980 5
981 5
982 9
983 131
984 43
985 79
986 97
987 75
988 80
989 129
990 112
991 81
992 76
993 4
994 30
995 71
996 50
997 21
998 21
999 28
1000 110
1001 101
1002 8
1003 17
1004 49
1005 107
1006 28
1007 116
1008 26
1009 119
1010 69
1011 98
1012 103
1013 43
1014 14
1015 71
1016 117
1017 32
1018 65
1019 54
1020 110
1021 21
1022 57
1023 128
1024 116
1025 62
1026 55
1027 61
1028 21
1029 34
1030 38
1031 83
1032 66
1033 59
1034 96
1035 61
1036 129
1037 39
1038 72
1039 131
1040 53
1041 69
1042 31
1043 64
1044 88
1045 51
1046 1
1047 13
1048 16
1049 42
1050 1
1051 121
1052 21
1053 64
1054 126
1055 98
1056 17
1057 45
1058 19
1059 13
1060 64
1061 46
1062 59
1063 131
1064 49
1065 42
1066 123
1067 56
1068 103
1069 34
1070 21
1071 71
1072 135
1073 4
1074 103
1075 27
1076 52
1077 15
1078 60
1079 5
1080 131
1081 81
1082 112
1083 30
1084 12
1085 19
1086 131
1087 6
1088 84
1089 79
1090 35
1091 66
1092 13
1093 20
1094 112
1095 77
1096 58
1097 26
1098 59
1099 53
1100 129
1101 63
1102 93
1103 5
1104 78
1105 63
1106 72
1107 58
1108 81
1109 21
1110 71
1111 105
1112 5
1113 130
1114 60
1115 50
1116 84
1117 60
1118 21
1119 115
1120 90
1121 78
1122 121
1123 40
1124 85
1125 21
1126 126
1127 50
1128 72
1129 112
1130 118
1131 21
1132 28
1133 116
1134 90
1135 89
1136 84
1137 10
1138 82
1139 38
1140 131
1141 102
1142 53
1143 50
1144 35
1145 50
1146 103
1147 76
1148 110
1149 19
1150 63
1151 6
1152 95
1153 84
1154 38
1155 91
1156 125
1157 15
1158 61
1159 65
1160 60
1161 121
1162 5
1163 38
1164 21
1165 91
1166 16
1167 23
1168 45
1169 74
1170 119
1171 53
1172 46
1173 21
1174 42
1175 49
1176 117
1177 101
1178 79
1179 58
1180 105
1181 84
1182 123
1183 109
1184 102
1185 105
1186 101
1187 30
1188 45
1189 79
1190 40
1191 50
1192 16
1193 56
1194 13
1195 91
1196 85
1197 93
1198 12
1199 89
1200 90
1201 119
1202 65
1203 21
1204 55
1205 98
1206 45
1207 13
1208 24
1209 41
1210 45
1211 55
1212 81
1213 69
1214 63
1215 53
1216 5
1217 41
1218 122
1219 79
1220 33
1221 101
1222 118
1223 7
1224 5
1225 110
1226 90
1227 18
1228 98
1229 48
1230 7
1231 56
1232 50
1233 70
1234 46
1235 44
1236 61
1237 72
1238 56
1239 33
1240 14
1241 89
1242 58
1243 128
1244 74
1245 126
1246 30
1247 5
1248 31
1249 115
1250 15
1251 115
1252 53
1253 126
1254 15
1255 79
1256 117
1257 134
1258 102
1259 88
1260 129
1261 70
1262 53
1263 131
1264 45
1265 58
1266 117
1267 4
1268 52
1269 47
1270 94
1271 118
1272 103
1273 131
1274 79
1275 13
1276 45
1277 57
1278 36
1279 74
1280 60
1281 34
1282 90
1283 1
1284 19
1285 106
1286 100
1287 17
1288 28
1289 84
1290 43
1291 74
1292 51
1293 41
1294 72
1295 15
1296 31
1297 56
1298 72
1299 84
1300 94
1301 112
1302 19
1303 37
1304 115
1305 107
1306 50
1307 78
1308 63
1309 2
1310 11
1311 61
1312 123
1313 68
1314 83
1315 64
1316 46
1317 87
1318 26
1319 118
1320 69
1321 19
1322 52
1323 90
1324 118
1325 13
1326 46
1327 56
1328 27
1329 89
1330 121
1331 16
1332 14
1333 92
1334 31
1335 104
1336 38
1337 85
1338 32
1339 129
1340 130
1341 75
1342 61
1343 122
1344 109
1345 81
1346 18
1347 64
1348 115
1349 6
1350 4
1351 17
1352 53
1353 105
1354 39
1355 41
1356 127
1357 41
1358 131
1359 131
1360 71
1361 64
1362 91
1363 71
1364 75
1365 116
1366 12
1367 83
1368 48
1369 118
1370 41
1371 49
1372 104
1373 56
1374 49
1375 38
1376 5
1377 55
1378 19
1379 83
1380 117
1381 41
1382 15
1383 60
1384 38
1385 19
1386 68
1387 58
1388 110
1389 83
1390 30
1391 57
1392 15
1393 121
1394 81
1395 9
1396 93
1397 76
1398 53
1399 75
1400 38
1401 101
1402 16
1403 19
1404 85
1405 92
1406 134
1407 133
1408 22
1409 91
1410 126
1411 84
1412 55
1413 60
1414 121
1415 68
1416 80
1417 58
1418 23
1419 46
1420 38
1421 95
1422 56
1423 14
1424 18
1425 58
1426 41
1427 15
1428 41
1429 121
1430 15
1431 34
1432 56
1433 64
1434 110
1435 43
1436 53
1437 112
1438 44
1439 121
1440 75
1441 45
1442 125
1443 19
1444 108
1445 129
1446 72
1447 123
1448 101
1449 121
1450 85
1451 64
1452 103
1453 58
1454 58
1455 14
1456 50
1457 84
1458 55
1459 107
1460 16
1461 50
1462 112
1463 95
1464 84
1465 95
1466 84
1467 16
1468 55
1469 82
1470 28
1471 64
1472 9
1473 131
1474 112
1475 15
1476 21
1477 53
1478 126
1479 129
1480 90
1481 85
1482 9
1483 92
1484 43
1485 21
1486 15
1487 89
1488 51
1489 88
1490 30
1491 115
1492 114
1493 82
1494 68
1495 43
1496 59
1497 135
1498 106
1499 109
1500 41
1501 106
1502 71
1503 118
1504 53
1505 53
1506 129
1507 25
1508 121
1509 131
1510 11
1511 34
1512 132
1513 82
1514 56
1515 123
1516 58
1517 85
1518 55
1519 104
1520 129
1521 63
1522 87
1523 121
1524 21
1525 93
1526 131
1527 104
1528 111
1529 129
1530 49
1531 70
1532 69
1533 13
1534 80
1535 132
1536 34
1537 64
1538 54
1539 82
1540 3
1541 83
1542 104
1543 53
1544 76
1545 46
1546 13
1547 115
1548 88
1549 34
1550 49
1551 129
1552 43
1553 54
1554 41
1555 123
1556 17
1557 55
1558 66
1559 27
1560 82
1561 66
1562 121
1563 129
1564 126
1565 126
1566 56
1567 34
1568 27
1569 84
1570 71
1571 82
1572 34
1573 33
1574 43
1575 118
1576 129
1577 25
1578 30
1579 71
1580 108
1581 118
1582 80
1583 128
1584 33
1585 8
1586 129
1587 101
1588 118
1589 33
1590 55
1591 80
1592 73
1593 126
1594 129
1595 104
1596 110
1597 14
1598 15
1599 2
1600 108
1601 19
1602 83
1603 34
1604 87
1605 2
1606 118
1607 80
1608 31
1609 131
1610 21
1611 112
1612 129
1613 53
1614 118
1615 67
1616 69
1617 130
1618 126
1619 70
1620 63
1621 72
1622 19
1623 131
1624 126
1625 60
1626 71
1627 21
1628 129
1629 5
1630 34
1631 62
1632 19
1633 48
1634 88
1635 132
1636 87
1637 56
1638 37
1639 63
1640 107
1641 85
1642 32
1643 57
1644 80
1645 43
1646 14
1647 74
1648 85
1649 61
1650 49
1651 85
1652 61
1653 12
1654 63
1655 39
1656 6
1657 51
1658 115
1659 88
1660 61
1661 32
1662 12
1663 29
1664 13
1665 64
1666 69
1667 102
1668 14
1669 43
1670 58
1671 125
1672 95
1673 15
1674 30
1675 13
1676 77
1677 123
1678 72
1679 71
1680 123
1681 8
1682 127
1683 127
1684 50
1685 66
1686 53
1687 50
1688 55
1689 131
1690 126
1691 110
1692 21
1693 45
1694 131
1695 123
1696 124
1697 121
1698 122
1699 84
1700 12
1701 54
1702 69
1703 126
1704 107
1705 103
1706 34
1707 34
1708 102
1709 84
1710 45
1711 121
1712 53
1713 5
1714 69
1715 112
1716 31
1717 121
1718 111
1719 57
1720 10
1721 81
1722 30
1723 90
1724 117
1725 53
1726 121
1727 45
1728 103
1729 89
1730 30
1731 88
1732 131
1733 53
1734 16
1735 129
1736 109
1737 116
1738 46
1739 59
1740 121
1741 107
1742 121
1743 23
1744 13
1745 53
1746 73
1747 115
1748 110
1749 8
1750 45
1751 124
1752 38
1753 43
1754 58
1755 13
1756 114
1757 55
1758 22
1759 44
1760 129
1761 14
1762 93
1763 56
1764 129
1765 46
1766 6
1767 111
1768 19
1769 90
1770 15
1771 16
1772 80
1773 129
1774 115
1775 21
1776 104
1777 126
1778 129
1779 45
1780 126
1781 72
1782 44
1783 98
1784 132
1785 17
1786 134
1787 124
1788 63
1789 39
1790 32
1791 19
1792 83
1793 46
1794 69
1795 55
1796 60
1797 79
1798 16
1799 31
1800 6
1801 70
1802 114
1803 114
1804 30
1805 129
1806 51
1807 97
1808 102
1809 26
1810 31
1811 112
1812 24
1813 55
1814 103
1815 46
1816 13
1817 15
1818 8
1819 129
1820 83
1821 53
1822 60
1823 13
1824 83
1825 90
1826 42
1827 63
1828 15
1829 32
1830 118
1831 15
1832 121
1833 12
1834 38
1835 93
1836 46
1837 118
1838 70
1839 106
1840 61
1841 122
1842 68
1843 11
1844 75
1845 31
1846 49
1847 66
1848 56
1849 5
1850 84
1851 19
1852 5
1853 72
1854 14
1855 84
1856 78
1857 115
1858 60
1859 71
1860 71
1861 5
1862 43
1863 15
1864 43
1865 106
1866 101
1867 77
1868 53
1869 15
1870 61
1871 79
1872 80
1873 102
1874 5
1875 102
1876 29
1877 50
1878 105
1879 84
1880 88
1881 131
1882 69
1883 114
1884 19
1885 20
1886 123
1887 99
1888 58
1889 2
1890 131
1891 15
1892 96
1893 49
1894 80
1895 104
1896 129
1897 5
1898 19
1899 88
1900 66
1901 54
1902 123
1903 50
1904 47
1905 74
1906 5
1907 16
1908 14
1909 38
1910 121
1911 105
1912 81
1913 121
1914 83
1915 53
1916 36
1917 107
1918 40
1919 69
1920 72
1921 63
1922 121
1923 98
1924 7
1925 40
1926 11
1927 80
1928 11
1929 66
1930 125
1931 126
1932 124
1933 119
1934 112
1935 30
1936 56
1937 115
1938 69
1939 86
1940 105
1941 102
1942 90
1943 113
1944 16
1945 54
1946 5
1947 64
1948 107
1949 46
1950 44
1951 116
1952 98
1953 58
1954 68
1955 92
1956 92
1957 85
1958 45
1959 71
1960 38
1961 42
1962 49
1963 80
1964 83
1965 80
1966 14
1967 88
1968 103
1969 38
1970 81
1971 35
1972 71
1973 118
1974 50
1975 106
1976 21
1977 34
1978 72
1979 19
1980 126
1981 45
1982 71
1983 19
1984 63
1985 88
1986 76
1987 12
1988 52
1989 88
1990 75
1991 65
1992 61
1993 49
1994 5
1995 129
1996 82
1997 49
1998 65
1999 85
2000 27
2001 125
2002 132
2003 61
2004 22
2005 123
2006 80
2007 105
2008 1
2009 5
2010 129
2011 21
2012 59
2013 85
2014 80
2015 79
2016 99
2017 8
2018 80
2019 58
2020 87
2021 88
2022 92
2023 74
2024 86
2025 43
2026 30
2027 60
2028 66
2029 81
2030 30
2031 103
2032 65
2033 15
2034 118
2035 44
2036 93
2037 107
2038 59
2039 15
2040 30
2041 30
2042 6
2043 104
2044 49
2045 5
2046 125
2047 135
2048 101
2049 107
2050 73
2051 117
2052 102
2053 77
2054 103
2055 134
2056 123
2057 46
2058 89
2059 31
2060 33
2061 95
2062 130
2063 41
2064 45
2065 56
2066 105
2067 121
2068 69
2069 60
2070 5
2071 15
2072 102
2073 122
2074 96
2075 123
2076 94
2077 36
2078 80
2079 13
2080 50
2081 46
2082 114
2083 36
2084 58
2085 126
2086 74
2087 60
2088 72
2089 50
2090 100
2091 116
2092 118
2093 70
2094 115
2095 53
2096 21
2097 5
2098 121
2099 5
2100 115
2101 44
2102 92
2103 63
2104 47
2105 52
2106 16
2107 75
2108 102
2109 15
2110 18
2111 45
2112 21
2113 69
2114 127
2115 125
2116 45
2117 38
2118 75
2119 34
2120 19
2121 121
2122 44
2123 64
2124 6
2125 17
2126 82
2127 116
2128 85
2129 90
2130 61
2131 66
2132 26
2133 2
2134 41
2135 64
2136 13
2137 55
2138 111
2139 113
2140 102
2141 62
2142 27
2143 43
2144 83
2145 125
2146 107
2147 78
2148 61
2149 114
2150 88
2151 21
2152 2
2153 21
2154 89
2155 48
2156 62
2157 23
2158 115
2159 34
2160 110
2161 28
2162 88
2163 114
2164 82
2165 113
2166 107
2167 77
2168 21
2169 118
2170 112
2171 74
2172 115
2173 29
2174 27
2175 15
2176 30
2177 116
2178 14
2179 129
2180 44
2181 15
2182 39
2183 41
2184 103
2185 24
2186 9
2187 97
2188 19
2189 90
2190 15
2191 102
2192 5
2193 15
2194 79
2195 69
2196 50
2197 84
2198 84
2199 53
2200 57
2201 118
2202 17
2203 112
2204 71
2205 116
2206 15
2207 57
2208 7
2209 96
2210 38
2211 19
2212 43
2213 118
2214 35
2215 100
2216 129
2217 45
2218 71
2219 125
2220 37
2221 52
2222 122
2223 67
2224 14
2225 131
2226 69
2227 73
2228 34
2229 15
2230 110
2231 61
2232 58
2233 112
2234 32
2235 43
2236 107
2237 31
2238 80
2239 24
2240 92
2241 38
2242 88
2243 131
2244 8
2245 14
2246 88
2247 80
2248 92
2249 121
2250 128
2251 6
2252 46
2253 71
2254 129
2255 70
2256 125
2257 118
2258 19
2259 21
2260 55
2261 19
2262 74
2263 5
2264 118
2265 67
2266 19
2267 107
2268 102
2269 131
2270 30
2271 81
2272 71
2273 18
2274 128
2275 34
2276 35
2277 51
2278 72
2279 85
2280 126
2281 19
2282 46
2283 18
2284 123
2285 43
2286 60
2287 80
2288 110
2289 66
2290 21
2291 16
2292 5
2293 68
2294 1
2295 38
2296 78
2297 119
2298 71
2299 119
2300 34
2301 30
2302 64
2303 105
2304 92
2305 61
2306 128
2307 58
2308 119
2309 80
2310 55
2311 43
2312 80
2313 64
2314 21
2315 57
2316 2
2317 107
2318 115
2319 17
2320 96
2321 116
2322 66
2323 122
2324 11
2325 126
2326 129
2327 5
2328 53
2329 97
2330 13
2331 61
2332 53
2333 5
2334 66
2335 62
2336 135
2337 9
2338 133
2339 21
2340 5
2341 84
2342 55
2343 88
2344 122
2345 115
2346 109
2347 31
2348 89
2349 10
2350 63
2351 81
2352 48
2353 11
2354 107
2355 53
2356 21
2357 5
2358 116
2359 85
2360 50
2361 83
2362 110
2363 32
2364 125
2365 129
2366 107
2367 132
2368 121
2369 103
2370 11
2371 35
2372 78
2373 38
2374 34
2375 118
2376 100
2377 18
2378 71
2379 63
2380 18
2381 105
2382 10
2383 5
2384 85
2385 14
2386 118
2387 107
2388 41
2389 2
2390 122
2391 92
2392 123
2393 110
2394 105
2395 85
2396 75
2397 56
2398 102
2399 45
2400 13
2401 56
2402 93
2403 49
2404 7
2405 133
2406 64
2407 34
2408 38
2409 123
2410 5
2411 66
2412 36
2413 30
2414 5
2415 38
2416 120
2417 21
2418 101
2419 84
2420 3
2421 9
2422 46
2423 68
2424 56
2425 7
2426 38
2427 89
2428 72
2429 86
2430 57
2431 66
2432 19
2433 117
2434 109
2435 19
2436 33
2437 53
2438 80
2439 61
2440 44
2441 32
2442 5
2443 17
2444 121
2445 21
2446 60
2447 118
2448 131
2449 83
2450 50
2451 112
2452 13
2453 26
2454 99
2455 46
2456 118
2457 64
2458 47
2459 30
2460 130
2461 42
2462 57
2463 13
2464 112
2465 107
2466 48
2467 82
2468 126
2469 84
2470 32
2471 32
2472 60
2473 56
2474 76
2475 110
2476 64
2477 130
2478 13
2479 63
2480 50
2481 45
2482 130
2483 92
2484 94
2485 118
2486 131
2487 55
2488 57
2489 21
2490 15
2491 132
2492 116
2493 131
2494 84
2495 19
2496 18
2497 121
2498 121
2499 15
2500 66
2501 24
2502 50
2503 85
2504 61
2505 88
2506 61
2507 69
2508 28
2509 112
2510 31
2511 126
2512 33
2513 115
2514 36
2515 118
2516 45
2517 15
2518 133
2519 79
2520 115
2521 15
2522 115
2523 53
2524 91
2525 115
2526 5
2527 106
2528 80
2529 41
2530 34
2531 123
2532 3
2533 125
2534 111
2535 66
2536 106
2537 41
2538 114
2539 20
2540 53
2541 90
2542 110
2543 77
2544 28
2545 88
2546 69
2547 71
2548 49
2549 51
2550 53
2551 125
2552 30
2553 19
2554 79
2555 89
2556 53
2557 28
2558 49
2559 102
2560 41
2561 56
2562 64
2563 85
2564 66
2565 38
2566 121
2567 34
2568 35
2569 15
2570 11
2571 89
2572 45
2573 118
2574 18
2575 46
2576 49
2577 72
2578 41
2579 80
2580 97
2581 75
2582 84
2583 30
2584 36
2585 17
2586 31
2587 50
2588 28
2589 15
2590 58
2591 82
2592 96
2593 70
2594 96
2595 84
2596 32
2597 84
2598 53
2599 83
2600 82
2601 5
2602 44
2603 131
2604 11
2605 49
2606 14
2607 67
2608 21
2609 115
2610 89
2611 107
2612 30
2613 60
2614 122
2615 80
2616 85
2617 75
2618 15
2619 16
2620 32
2621 15
2622 38
2623 54
2624 33
2625 83
2626 64
2627 61
2628 19
2629 23
2630 72
2631 49
2632 58
2633 60
2634 48
2635 14
2636 89
2637 107
2638 89
2639 118
2640 69
2641 62
2642 84
2643 43
2644 46
2645 131
2646 83
2647 87
2648 46
2649 106
2650 58
2651 58
2652 102
2653 41
2654 90
2655 82
2656 31
2657 41
2658 85
2659 90
2660 110
2661 69
2662 115
2663 121
2664 131
2665 13
2666 31
2667 13
2668 53
2669 85
2670 122
2671 80
2672 80
2673 34
2674 126
2675 41
2676 106
2677 21
2678 127
2679 58
2680 2
2681 121
2682 16
2683 49
2684 38
2685 16
2686 30
2687 67
2688 80
2689 54
2690 107
2691 34
2692 38
2693 104
2694 48
2695 16
2696 21
2697 30
2698 38
2699 31
2700 85
2701 17
2702 55
2703 122
2704 43
2705 83
2706 3
2707 102
2708 17
2709 4
2710 131
2711 14
2712 101
2713 54
2714 14
2715 34
2716 56
2717 107
2718 19
2719 41
2720 61
2721 68
2722 121
2723 95
2724 78
2725 16
2726 76
2727 11
2728 106
2729 41
2730 108
2731 75
2732 14
2733 97
2734 84
2735 5
2736 102
2737 57
2738 50
2739 121
2740 57
2741 89
2742 31
2743 71
2744 5
2745 115
2746 38
2747 79
2748 58
2749 57
2750 6
2751 20
2752 85
2753 69
2754 97
2755 43
2756 67
2757 31
2758 66
2759 88
2760 36
2761 38
2762 1
2763 85
2764 39
2765 127
2766 56
2767 119
2768 112
2769 115
2770 64
2771 52
2772 61
2773 93
2774 71
2775 38
2776 27
2777 32
2778 88
2779 101
2780 51
2781 101
2782 59
2783 132
2784 35
2785 38
2786 104
2787 11
2788 116
2789 87
2790 110
2791 47
2792 21
2793 46
2794 112
2795 18
2796 75
2797 131
2798 57
2799 64
2800 63
2801 126
2802 5
2803 30
2804 55
2805 34
2806 123
2807 90
2808 65
2809 15
2810 8
2811 71
2812 80
2813 2
2814 126
2815 17
2816 50
2817 3
2818 80
2819 8
2820 113
2821 84
2822 44
2823 112
2824 9
2825 85
2826 20
2827 69
2828 60
2829 49
2830 5
2831 21
2832 82
2833 41
2834 1
2835 1
2836 114
2837 15
2838 45
2839 69
2840 65
2841 2
2842 4
2843 89
2844 45
2845 69
2846 37
2847 71
2848 9
2849 106
2850 40
2851 28
2852 64
2853 11
2854 84
2855 60
2856 95
2857 59
2858 121
2859 84
2860 16
2861 71
2862 44
2863 80
2864 5
2865 22
2866 28
2867 106
2868 80
2869 24
2870 84
2871 64
2872 85
2873 45
2874 53
2875 84
2876 14
2877 121
2878 91
2879 90
2880 135
2881 72
2882 66
2883 12
2884 131
2885 125
2886 104
2887 44
2888 45
2889 13
2890 126
2891 15
2892 55
2893 50
2894 21
2895 41
2896 45
2897 4
2898 121
2899 31
2900 107
2901 47
2902 48
2903 129
2904 23
2905 14
2906 122
2907 52
2908 72
2909 11
2910 65
2911 31
2912 13
2913 41
2914 121
2915 110
2916 85
2917 21
2918 46
2919 104
2920 11
2921 56
2922 92
2923 89
2924 70
2925 61
2926 103
2927 47
2928 15
2929 28
2930 34
2931 7
2932 27
2933 115
2934 22
2935 126
2936 123
2937 60
2938 111
2939 18
2940 90
2941 40
2942 84
2943 134
2944 89
2945 43
2946 116
2947 72
2948 54
2949 38
2950 123
2951 120
2952 63
2953 56
2954 81
2955 85
2956 35
2957 98
2958 38
2959 16
2960 74
2961 58
2962 39
2963 81
2964 106
2965 33
2966 17
2967 31
2968 30
2969 18
2970 105
2971 102
2972 102
2973 121
2974 16
2975 118
2976 107
2977 46
2978 34
2979 88
2980 38
2981 71
2982 91
2983 117
2984 37
2985 55
2986 19
2987 15
2988 33
2989 15
2990 57
2991 68
2992 84
2993 38
2994 118
2995 91
2996 64
2997 9
2998 73
2999 30
3000 131
3001 52
3002 102
3003 84
3004 17
3005 93
3006 74
3007 71
3008 46
3009 56
3010 123
3011 85
3012 41
3013 121
3014 80
3015 60
3016 107
3017 45
3018 6
3019 112
3020 45
3021 113
3022 123
3023 45
3024 102
3025 83
3026 58
3027 121
3028 69
3029 74
3030 50
3031 69
3032 125
3033 35
3034 121
3035 56
3036 61
3037 4
3038 82
3039 99
3040 129
3041 28
3042 107
3043 88
3044 98
3045 71
3046 21
3047 50
3048 45
3049 69
3050 107
3051 38
3052 30
3053 10
3054 55
3055 125
3056 58
3057 3
3058 99
3059 53
3060 85
3061 123
3062 80
3063 28
3064 69
3065 53
3066 68
3067 52
3068 107
3069 82
3070 112
3071 5
3072 82
3073 57
3074 112
3075 45
3076 127
3077 33
3078 2
3079 18
3080 71
3081 56
3082 58
3083 53
3084 14
3085 84
3086 56
3087 63
3088 64
3089 131
3090 112
3091 122
3092 53
3093 106
3094 85
3095 79
3096 43
3097 122
3098 37
3099 28
3100 124
3101 49
3102 85
3103 94
3104 53
3105 19
3106 19
3107 42
3108 103
3109 3
3110 82
3111 115
3112 47
3113 73
3114 122
3115 110
3116 35
3117 122
3118 87
3119 69
3120 129
3121 61
3122 115
3123 75
3124 30
3125 115
3126 100
3127 5
3128 45
3129 57
3130 46
3131 51
3132 14
3133 19
3134 74
3135 100
3136 45
3137 80
3138 110
3139 5
3140 117
3141 15
3142 45
3143 126
3144 7
3145 59
3146 107
3147 72
3148 93
3149 76
3150 47
3151 43
3152 13
3153 126
3154 53
3155 88
3156 95
3157 121
3158 118
3159 64
3160 116
3161 80
3162 10
3163 30
3164 63
3165 36
3166 53
3167 31
3168 57
3169 121
3170 129
3171 17
3172 34
3173 121
3174 89
3175 53
3176 71
3177 52
3178 60
3179 18
3180 35
3181 88
3182 102
3183 125
3184 34
3185 11
3186 118
3187 83
3188 126
3189 43
3190 107
3191 121
3192 61
3193 2
3194 8
3195 53
3196 87
3197 39
3198 93
3199 51
3200 41
3201 5
3202 114
3203 85
3204 36
3205 38
3206 14
3207 89
3208 40
3209 109
3210 7
3211 15
3212 43
3213 13
3214 38
3215 117
3216 30
3217 47
3218 21
3219 118
3220 19
3221 115
3222 90
3223 126
3224 116
3225 55
3226 84
3227 81
3228 125
3229 113
3230 60
3231 102
3232 49
3233 100
3234 64
3235 46
3236 88
3237 110
3238 112
3239 53
3240 41
3241 38
3242 72
3243 79
3244 7
3245 53
3246 69
3247 106
3248 21
3249 103
3250 131
3251 99
3252 85
3253 107
3254 38
3255 55
3256 19
3257 37
3258 90
3259 17
3260 31
3261 74
3262 135
3263 2
3264 31
3265 62
3266 84
3267 65
3268 135
3269 28
3270 84
3271 18
3272 44
3273 46
3274 123
3275 71
3276 115
3277 72
3278 84
3279 37
3280 45
3281 39
3282 73
3283 50
3284 31
3285 61
3286 116
3287 133
3288 64
3289 30
3290 31
3291 80
3292 53
3293 118
3294 30
3295 118
3296 53
3297 69
3298 22
3299 33
3300 21
3301 63
3302 12
3303 112
3304 56
3305 134
3306 129
3307 43
3308 21
3309 49
3310 7
3311 90
3312 84
3313 115
3314 80
3315 127
3316 81
3317 46
3318 121
3319 4
3320 34
3321 124
3322 115
3323 121
3324 63
3325 122
3326 90
3327 15
3328 63
3329 80
3330 35
3331 108
3332 114
3333 46
3334 9
3335 61
3336 19
3337 60
3338 18
3339 45
3340 18
3341 45
3342 63
3343 56
3344 21
3345 42
3346 56
3347 5
3348 125
3349 87
3350 33
3351 48
3352 30
3353 52
3354 104
3355 13
3356 126
3357 55
3358 133
3359 15
3360 51
3361 30
3362 56
3363 103
3364 46
3365 70
3366 78
3367 53
3368 49
3369 19
3370 110
3371 30
3372 125
3373 61
3374 94
3375 41
3376 84
3377 6
3378 29
3379 80
3380 88
3381 118
3382 52
3383 38
3384 31
3385 38
3386 122
3387 110
3388 35
3389 11
3390 48
3391 41
3392 129
3393 51
3394 30
3395 72
3396 76
3397 17
3398 19
3399 69
3400 69
3401 13
3402 38
3403 86
3404 55
3405 49
3406 59
3407 51
3408 34
3409 19
3410 3
3411 56
3412 30
3413 56
3414 126
3415 84
3416 112
3417 58
3418 125
3419 102
3420 5
3421 26
3422 97
3423 135
3424 120
3425 21
3426 60
3427 88
3428 17
3429 35
3430 53
3431 127
3432 8
3433 7
3434 106
3435 45
3436 15
3437 52
3438 50
3439 21
3440 116
3441 35
3442 82
3443 115
3444 7
3445 31
3446 72
3447 63
3448 80
3449 129
3450 121
3451 71
3452 90
3453 71
3454 17
3455 49
3456 57
3457 34
3458 115
3459 131
3460 67
3461 79
3462 31
3463 30
3464 132
3465 43
3466 121
3467 15
3468 130
3469 31
3470 1
3471 38
3472 28
3473 29
3474 122
3475 80
3476 90
3477 54
3478 53
3479 14
3480 84
3481 31
3482 15
3483 105
3484 41
3485 112
3486 105
3487 102
3488 104
3489 82
3490 128
3491 76
3492 85
3493 34
3494 108
3495 121
3496 96
3497 25
3498 21
3499 33
3500 118
3501 44
3502 23
3503 84
3504 101
3505 42
3506 83
3507 53
3508 7
3509 53
3510 92
3511 131
3512 53
3513 107
3514 112
3515 115
3516 77
3517 38
3518 67
3519 110
3520 67
3521 134
3522 103
3523 11
3524 123
3525 91
3526 102
3527 84
3528 126
3529 50
3530 5
3531 102
3532 94
3533 99
3534 85
3535 125
3536 118
3537 127
3538 125
3539 83
3540 101
3541 14
3542 135
3543 5
3544 55
3545 45
3546 114
3547 122
3548 115
3549 101
3550 122
3551 122
3552 60
3553 33
3554 86
3555 4
3556 88
3557 121
3558 38
3559 46
3560 63
3561 62
3562 107
3563 32
3564 90
3565 51
3566 66
3567 7
3568 84
3569 72
3570 83
3571 90
3572 84
3573 21
3574 21
3575 118
3576 127
3577 88
3578 2
3579 31
3580 80
3581 76
3582 17
3583 85
3584 64
3585 115
3586 66
3587 14
3588 56
3589 124
3590 46
3591 55
3592 13
3593 104
3594 50
3595 64
3596 86
3597 93
3598 125
3599 71
3600 132
3601 34
3602 38
3603 34
3604 60
3605 38
3606 79
3607 126
3608 78
3609 53
3610 53
3611 2
3612 45
3613 67
3614 53
3615 13
3616 118
3617 31
3618 21
3619 43
3620 115
3621 129
3622 50
3623 54
3624 57
3625 112
3626 66
3627 121
3628 43
3629 2
3630 120
3631 97
3632 52
3633 49
3634 102
3635 45
3636 15
3637 88
3638 24
3639 90
3640 72
3641 65
3642 103
3643 31
3644 59
3645 41
3646 124
3647 84
3648 64
3649 11
3650 17
3651 118
3652 30
3653 2
3654 108
3655 81
3656 107
3657 115
3658 52
3659 121
3660 75
3661 50
3662 45
3663 43
3664 31
3665 47
3666 24
3667 19
3668 15
3669 50
3670 15
3671 38
3672 60
3673 84
3674 72
3675 118
3676 20
3677 21
3678 116
3679 3
3680 25
3681 53
3682 79
3683 17
3684 69
3685 76
3686 98
3687 72
3688 85
3689 37
3690 129
3691 28
3692 106
3693 115
3694 102
3695 17
3696 111
3697 107
3698 123
3699 84
3700 106
3701 91
3702 61
3703 16
3704 85
3705 90
3706 87
3707 88
3708 25
3709 122
3710 108
3711 115
3712 58
3713 38
3714 112
3715 59
3716 60
3717 5
3718 21
3719 2
3720 90
3721 60
3722 74
3723 53
3724 56
3725 60
3726 120
3727 45
3728 59
3729 115
3730 119
3731 31
3732 101
3733 104
3734 60
3735 50
3736 126
3737 86
3738 45
3739 90
3740 93
3741 106
3742 128
3743 83
3744 87
3745 38
3746 62
3747 34
3748 30
3749 107
3750 42
3751 85
3752 41
3753 131
3754 28
3755 29
3756 13
3757 8
3758 129
3759 27
3760 72
3761 83
3762 30
3763 129
3764 50
3765 45
3766 60
3767 120
3768 83
3769 49
3770 34
3771 96
3772 89
3773 9
3774 64
3775 88
3776 103
3777 75
3778 134
3779 58
3780 79
3781 64
3782 21
3783 38
3784 45
3785 30
3786 38
3787 19
3788 53
3789 31
3790 69
3791 112
3792 75
3793 71
3794 43
3795 53
3796 118
3797 12
3798 20
3799 60
3800 20
3801 83
3802 59
3803 16
3804 19
3805 14
3806 4
3807 129
3808 60
3809 103
3810 43
3811 16
3812 14
3813 101
3814 41
3815 92
3816 73
3817 121
3818 123
3819 71
3820 122
3821 121
3822 29
3823 15
3824 17
3825 46
3826 52
3827 67
3828 39
3829 129
3830 98
3831 57
3832 103
3833 125
3834 124
3835 116
3836 123
3837 84
3838 7
3839 11
3840 123
3841 113
3842 50
3843 55
3844 19
3845 60
3846 30
3847 121
3848 82
3849 125
3850 55
3851 43
3852 73
3853 51
3854 97
3855 17
3856 106
3857 122
3858 91
3859 121
3860 108
3861 38
3862 121
3863 5
3864 129
3865 84
3866 15
3867 59
3868 107
3869 76
3870 84
3871 116
3872 121
3873 63
3874 15
3875 76
3876 110
3877 67
3878 122
3879 11
3880 35
3881 55
3882 55
3883 79
3884 89
3885 110
3886 53
3887 131
3888 15
3889 75
3890 15
3891 33
3892 80
3893 38
3894 131
3895 46
3896 21
3897 132
3898 59
3899 26
3900 46
3901 112
3902 59
3903 85
3904 19
3905 66
3906 90
3907 76
3908 17
3909 112
3910 51
3911 16
3912 123
3913 67
3914 10
3915 13
3916 56
3917 58
3918 53
3919 113
3920 45
3921 92
3922 16
3923 88
3924 49
3925 126
3926 79
3927 55
3928 44
3929 58
3930 16
3931 17
3932 123
3933 46
3934 121
3935 74
3936 3
3937 74
3938 86
3939 6
3940 131
3941 38
3942 131
3943 118
3944 7
3945 127
3946 126
3947 21
3948 123
3949 115
3950 85
3951 22
3952 15
3953 49
3954 121
3955 43
3956 18
3957 97
3958 90
3959 131
3960 15
3961 85
3962 79
3963 41
3964 112
3965 56
3966 39
3967 57
3968 51
3969 15
3970 88
3971 21
3972 6
3973 71
3974 103
3975 21
3976 103
3977 55
3978 89
3979 56
3980 132
3981 8
3982 115
3983 55
3984 118
3985 44
3986 38
3987 63
3988 76
3989 122
3990 107
3991 82
3992 31
3993 34
3994 80
3995 53
3996 83
3997 56
3998 56
3999 103
4000 8
4001 125
4002 88
4003 21
4004 64
4005 14
4006 39
4007 49
4008 118
4009 135
4010 62
4011 38
4012 13
4013 31
4014 45
4015 41
4016 121
4017 131
4018 58
4019 131
4020 76
4021 6
4022 41
4023 30
4024 45
4025 30
4026 131
4027 53
4028 21
4029 13
4030 8
4031 125
4032 75
4033 34
4034 55
4035 44
4036 95
4037 71
4038 107
4039 71
4040 92
4041 48
4042 6
4043 6
4044 19
4045 115
4046 41
4047 61
4048 35
4049 47
4050 63
4051 102
4052 85
4053 114
4054 33
4055 59
4056 43
4057 19
4058 98
4059 50
4060 117
4061 21
4062 38
4063 70
4064 84
4065 52
4066 37
4067 74
4068 58
4069 90
4070 66
4071 102
4072 75
4073 123
4074 55
4075 126
4076 55
4077 83
4078 38
4079 13
4080 35
4081 110
4082 21
4083 44
4084 64
4085 35
4086 14
4087 13
4088 53
4089 71
4090 62
4091 38
4092 15
4093 129
4094 17
4095 50
4096 89
4097 76
4098 61
4099 117
4100 95
4101 50
4102 129
4103 59
4104 71
4105 15
4106 124
4107 85
4108 34
4109 10
4110 11
4111 32
4112 47
4113 18
4114 92
4115 80
4116 21
4117 48
4118 59
4119 131
4120 105
4121 67
4122 31
4123 30
4124 21
4125 61
4126 16
4127 88
4128 130
4129 95
4130 112
4131 115
4132 104
4133 34
4134 80
4135 129
4136 28
4137 11
4138 129
4139 44
4140 56
4141 129
4142 46
4143 85
4144 46
4145 120
4146 16
4147 11
4148 35
4149 84
4150 103
4151 74
4152 28
4153 43
4154 102
4155 125
4156 117
4157 71
4158 45
4159 5
4160 11
4161 104
4162 44
4163 102
4164 115
4165 56
4166 31
4167 50
4168 15
4169 80
4170 5
4171 85
4172 85
4173 89
4174 129
4175 11
4176 34
4177 15
4178 93
4179 11
4180 18
4181 107
4182 56
4183 68
4184 117
4185 60
4186 92
4187 45
4188 83
4189 5
4190 84
4191 45
4192 61
4193 106
4194 79
4195 129
4196 9
4197 38
4198 31
4199 66
4200 41
4201 45
4202 130
4203 125
4204 80
4205 13
4206 45
4207 51
4208 110
4209 102
4210 54
4211 38
4212 110
4213 134
4214 41
4215 73
4216 21
4217 30
4218 30
4219 17
4220 109
4221 31
4222 66
4223 9
4224 59
4225 3
4226 17
4227 60
4228 124
4229 85
4230 107
4231 84
4232 19
4233 106
4234 85
4235 71
4236 31
4237 56
4238 134
4239 61
4240 45
4241 55
4242 39
4243 61
4244 66
4245 109
4246 66
4247 15
4248 6
4249 58
4250 107
4251 108
4252 30
4253 95
4254 66
4255 64
4256 28
4257 5
4258 45
4259 69
4260 117
4261 5
4262 18
4263 33
4264 89
4265 52
4266 50
4267 98
4268 53
4269 21
4270 133
4271 112
4272 129
4273 71
4274 110
4275 2
4276 121
4277 82
4278 38
4279 105
4280 45
4281 44
4282 112
4283 28
4284 19
4285 122
4286 76
4287 45
4288 77
4289 53
4290 32
4291 31
4292 55
4293 38
4294 81
4295 89
4296 85
4297 22
4298 58
4299 60
4300 28
4301 126
4302 95
4303 2
4304 123
4305 72
4306 19
4307 121
4308 46
4309 107
4310 32
4311 81
4312 48
4313 104
4314 22
4315 118
4316 46
4317 17
4318 117
4319 102
4320 66
4321 71
4322 106
4323 49
4324 117
4325 117
4326 13
4327 84
4328 66
4329 71
4330 21
4331 69
4332 30
4333 82
4334 97
4335 80
4336 19
4337 13
4338 82
4339 86
4340 126
4341 53
4342 126
4343 98
4344 34
4345 49
4346 53
4347 46
4348 56
4349 41
4350 46
4351 44
4352 84
4353 45
4354 76
4355 71
4356 107
4357 98
4358 55
4359 82
4360 131
4361 18
4362 19
4363 38
4364 66
4365 77
4366 41
4367 13
4368 15
4369 121
4370 15
4371 3
4372 133
4373 87
4374 67
4375 15
4376 126
4377 92
4378 28
4379 45
4380 33
4381 21
4382 50
4383 46
4384 98
4385 1
4386 14
4387 125
4388 76
4389 10
4390 10
4391 90
4392 49
4393 44
4394 85
4395 129
4396 30
4397 34
4398 30
4399 131
4400 116
4401 131
4402 39
4403 80
4404 82
4405 113
4406 118
4407 104
4408 16
4409 71
4410 18
4411 131
4412 118
4413 46
4414 80
4415 41
4416 34
4417 107
4418 122
4419 118
4420 86
4421 71
4422 44
4423 17
4424 38
4425 90
4426 124
4427 33
4428 55
4429 55
4430 15
4431 103
4432 126
4433 38
4434 71
4435 129
4436 80
4437 9
4438 118
4439 14
4440 71
4441 133
4442 131
4443 23
4444 110
4445 121
4446 30
4447 85
4448 118
4449 84
4450 15
4451 115
4452 76
4453 15
4454 28
4455 53
4456 46
4457 85
4458 21
4459 26
4460 55
4461 68
4462 116
4463 30
4464 46
4465 80
4466 80
4467 89
4468 66
4469 122
4470 116
4471 131
4472 74
4473 46
4474 38
4475 67
4476 90
4477 34
4478 81
4479 34
4480 32
4481 21
4482 15
4483 80
4484 77
4485 48
4486 55
4487 117
4488 89
4489 61
4490 123
4491 41
4492 63
4493 84
4494 112
4495 2
4496 71
4497 35
4498 120
4499 3
4500 15
4501 31
4502 105
4503 82
4504 86
4505 51
4506 21
4507 3
4508 56
4509 121
4510 15
4511 83
4512 103
4513 81
4514 16
4515 31
4516 3
4517 5
4518 53
4519 116
4520 56
4521 45
4522 132
4523 122
4524 83
4525 90
4526 112
4527 31
4528 21
4529 78
4530 56
4531 58
4532 115
4533 17
4534 26
4535 23
4536 107
4537 77
4538 88
4539 110
4540 91
4541 55
4542 80
4543 55
4544 56
4545 126
4546 84
4547 60
4548 30
4549 71
4550 112
4551 83
4552 30
4553 124
4554 129
4555 30
4556 79
4557 131
4558 77
4559 57
4560 50
4561 118
4562 121
4563 4
4564 14
4565 72
4566 85
4567 121
4568 38
4569 112
4570 17
4571 9
4572 46
4573 17
4574 37
4575 108
4576 110
4577 8
4578 50
4579 44
4580 112
4581 38
4582 14
4583 44
4584 9
4585 14
4586 28
4587 72
4588 71
4589 7
4590 92
4591 10
4592 120
4593 102
4594 82
4595 72
4596 66
4597 71
4598 131
4599 71
4600 13
4601 21
4602 72
4603 109
4604 13
4605 104
4606 26
4607 53
4608 64
4609 104
4610 109
4611 89
4612 132
4613 28
4614 121
4615 30
4616 107
4617 84
4618 66
4619 15
4620 83
4621 34
4622 123
4623 45
4624 21
4625 35
4626 66
4627 72
4628 118
4629 55
4630 79
4631 61
4632 53
4633 93
4634 58
4635 88
4636 43
4637 37
4638 121
4639 14
4640 45
4641 17
4642 64
4643 78
4644 45
4645 85
4646 6
4647 11
4648 84
4649 57
4650 31
4651 38
4652 93
4653 84
4654 16
4655 15
4656 112
4657 39
4658 134
4659 95
4660 7
4661 76
4662 97
4663 97
4664 13
4665 21
4666 71
4667 34
4668 7
4669 122
4670 85
4671 53
4672 13
4673 61
4674 118
4675 101
4676 58
4677 7
4678 118
4679 91
4680 28
4681 121
4682 62
4683 90
4684 31
4685 85
4686 62
4687 90
4688 7
4689 115
4690 55
4691 80
4692 114
4693 11
4694 109
4695 110
4696 80
4697 15
4698 13
4699 76
4700 67
4701 43
4702 5
4703 64
4704 41
4705 3
4706 11
4707 50
4708 62
4709 69
4710 31
4711 123
4712 30
4713 31
4714 83
4715 124
4716 34
4717 129
4718 6
4719 59
4720 112
4721 66
4722 15
4723 125
4724 82
4725 117
4726 66
4727 80
4728 103
4729 131
4730 98
4731 15
4732 60
4733 69
4734 130
4735 53
4736 14
4737 121
4738 83
4739 69
4740 52
4741 46
4742 120
4743 15
4744 18
4745 32
4746 117
4747 69
4748 115
4749 6
4750 34
4751 13
4752 53
4753 52
4754 101
4755 55
4756 6
4757 72
4758 19
4759 66
4760 105
4761 45
4762 118
4763 102
4764 21
4765 18
4766 129
4767 7
4768 21
4769 110
4770 30
4771 21
4772 84
4773 117
4774 122
4775 50
4776 121
4777 120
4778 10
4779 14
4780 71
4781 89
4782 91
4783 134
4784 46
4785 41
4786 66
4787 38
4788 10
4789 117
4790 58
4791 74
4792 54
4793 1
4794 13
4795 107
4796 75
4797 55
4798 91
4799 13
4800 53
4801 11
4802 89
4803 58
4804 46
4805 115
4806 55
4807 19
4808 31
4809 80
4810 45
4811 102
4812 85
4813 19
4814 122
4815 61
4816 98
4817 115
4818 41
4819 68
4820 84
4821 14
4822 56
4823 4
4824 41
4825 7
4826 98
4827 85
4828 106
4829 8
4830 92
4831 117
4832 62
4833 28
4834 32
4835 58
4836 103
4837 115
4838 69
4839 116
4840 30
4841 120
4842 110
4843 37
4844 21
4845 15
4846 45
4847 55
4848 71
4849 114
4850 85
4851 47
4852 6
4853 56
4854 16
4855 85
4856 49
4857 88
4858 66
4859 69
4860 61
4861 41
4862 38
4863 66
4864 116
4865 30
4866 2
4867 30
4868 105
4869 69
4870 122
4871 74
4872 72
4873 91
4874 84
4875 84
4876 14
4877 59
4878 30
4879 126
4880 75
4881 61
4882 126
4883 112
4884 83
4885 121
4886 21
4887 47
4888 3
4889 59
4890 71
4891 61
4892 44
4893 112
4894 17
4895 56
4896 7
4897 80
4898 75
4899 31
4900 118
4901 125
4902 112
4903 46
4904 98
4905 41
4906 44
4907 64
4908 52
4909 8
4910 41
4911 57
4912 41
4913 115
4914 110
4915 69
4916 59
4917 82
4918 46
4919 71
4920 37
4921 79
4922 59
4923 61
4924 131
4925 123
4926 56
4927 44
4928 108
4929 126
4930 92
4931 75
4932 46
4933 19
4934 89
4935 2
4936 53
4937 34
4938 61
4939 17
4940 19
4941 112
4942 76
4943 90
4944 83
4945 33
4946 110
4947 66
4948 45
4949 41
4950 88
4951 30
4952 53
4953 97
4954 120
4955 38
4956 78
4957 112
4958 83
4959 131
4960 85
4961 21
4962 72
4963 34
4964 88
4965 64
4966 81
4967 55
4968 60
4969 48
4970 108
4971 131
4972 69
4973 71
4974 126
4975 23
4976 30
4977 13
4978 83
4979 56
4980 81
4981 32
4982 31
4983 50
4984 114
4985 116
4986 85
4987 45
4988 78
4989 83
4990 56
4991 116
4992 107
4993 53
4994 3
4995 14
4996 122
4997 122
4998 16
4999 34
