0 6
1 6
2 6
3 4
4 4
5 4
6 6
7 1
8 -1
9 4
10 4
11 6
12 -1
13 -1
14 -1
15 1
16 1
17 1
18 6
19 6
20 6
21 6
22 1
23 6
24 -1
25 2
26 4
27 6
28 1
29 6
30 1
31 6
32 4
33 1
34 4
35 6
36 6
37 6
38 1
39 2
40 6
41 1
42 2
43 -1
44 6
45 -1
46 6
47 1
48 6
49 -1
50 -1
51 2
52 2
53 1
54 2
55 1
56 1
57 4
58 6
59 1
60 6
61 6
62 1
63 6
64 1
65 6
66 6
67 6
68 6
69 6
70 -1
71 6
72 6
73 4
74 1
75 4
76 6
77 1
78 6
79 6
80 4
81 1
82 6
83 -1
84 1
85 4
86 6
87 6
88 1
89 6
90 6
91 4
92 -1
93 6
94 -1
95 1
96 4
97 6
98 -1
99 -1
100 1
101 1
102 4
103 -1
104 2
105 4
106 4
107 1
108 -1
109 6
110 6
111 1
112 6
113 1
114 -1
115 6
116 1
117 4
118 4
119 5
120 4
121 4
122 6
123 6
124 4
125 1
126 6
127 2
128 1
129 2
130 1
131 1
132 1
133 4
134 6
135 -1
136 6
137 2
138 -1
139 6
140 4
141 1
142 6
143 6
144 1
145 1
146 6
147 2
148 1
149 6
150 4
151 6
152 1
153 1
154 2
155 1
156 1
157 6
158 6
