573	0
574	1
575	2
576	3
577	4
578	5
579	6
580	7
581	8
582	9
583	10
584	11
585	12
586	13
587	14
373	15
465	16
378	17
588	18
107	19
589	20
590	21
591	22
592	23
593	24
594	25
595	26
596	27
391	28
597	29
394	30
598	31
599	32
400	33
600	34
601	35
602	36
603	37
412	38
604	39
605	40
606	41
607	42
608	43
609	44
610	45
611	46
423	47
612	48
613	49
34	50
427	51
428	52
431	53
348	54
434	55
614	56
615	57
616	58
436	59
617	60
618	61
363	62
619	63
438	64
620	65
621	66
622	67
623	68
483	69
624	70
625	71
626	72
627	73
514	74
628	75
629	76
461	77
630	78
631	79
632	80
553	81
633	82
634	83
370	84
635	85
636	86
637	87
475	88
638	89
639	90
640	91
480	92
641	93
642	94
496	95
643	96
644	97
645	98
646	99
492	100
374	101
647	102
648	103
649	104
500	105
650	106
651	107
652	108
653	109
654	110
506	111
655	112
376	113
656	114
657	115
515	116
658	117
659	118
660	119
661	120
662	121
663	122
664	123
665	124
524	125
666	126
667	127
668	128
567	129
542	130
669	131
544	132
670	133
422	134
671	135
672	136
173	137
673	138
674	139
675	140
676	141
677	142
678	143
395	144
556	145
679	146
558	147
559	148
680	149
681	150
682	151
561	152
513	153
563	154
566	155
683	156
684	157
685	158
