25 88 127 135 137 157 190 253 261 409 432 464 525 556 558 598 654 763 795 898 1115 1453 1499 1506 1530 1638 1723 1733 1838 1857 1986 2101 2112 2127 2204 2355 2446 2479 2604 2623 2624 2744 2747
61 322 378 406 519 594 647 725 822 828 1003
75 233 352 358 433 458 466 511 609 645 705 744 812 814 833 951 987 1037 1152 1210 1347 1408 1677 1681 1769 1859 1994 2189 2201 2260 2263 2480 2486 2497 2502 2510 2628 2642 2656 2731 2756
42 105 112 114 175 248 272 334 336 345 387 422 468 494 554 560 669 691 702 734 736 757 759 807 843 885 907 1016 1064 1121 1136 1147 1278 1279 1289 1315 1442 1543 1556 1624 1625 1703 1707 1717 1731 1744 1795 1803 1810 1872 1895 1937 1952 1996 2017 2039 2098 2102 2162 2164 2180 2266 2303 2310 2340 2402 2468 2484 2574 2589 2605 2615 2641 2646 2647 2652 2667 2739 2768 2783 2791 2803 2821 2823 2830 2831 2856 2880 2886 2916 2978 2980 2988 2999
67 100 296 346 412 414 555 611 867 1048 1159 1296 1348 1715 1776 1896 1918 1983 2011 2045 2104 2106 2111 2146 2207 2220 2258 2278 2332 2335 2438 2481 2496 2529 2543 2621 2649 2659
99 294 452 567 573 651 652 743 922 962 993 1100 1103 1142 1272 1309 1379 1439 1516 1538 1583 1750 1783 1919 1953 1970 1978 1990 2005 2048 2080 2088 2142 2205 2251 2313 2323 2373 2505 2514 2671
149 410 413 508 522 649 887 888 977 1057 1124 1149 1165 1236 1256 1327 1356 1359 1485 1549 1563 1588 1617 1903 2064 2085 2159 2240 2241
115 126 228 237 407 415 504 731 810 811 853 910 1085 1351 1428 1515
116 144 230 273 298 335 488 528 562 590 782 911 975 1010 1028 1186 1364 1441 1575 1808 1904 1972 2062 2095 2135 2163 2283 2285 2288 2319 2322 2370 2470 2490 2588 2630 2650 2669 2716 2724 2764
312 338 438 482 543 588 615 621 821 974 1286 1299 1402 1423 1474 1501 1604 1702 1841 1854 1861 1948 1993 2015 2100 2129 2199 2254 2256
37 194 293 315 328 431 493 985 1006 1053 1118 1284 1414 1493 1574 1613 1725 1747 1774 1844 1846 1915 1927 1930 1939 2024 2026 2046 2105 2130 2269 2296 2345 2361 2435 2466 2504 2662 2677 2696 2718 2813
83 321 538 628 664 712 722 862 894 984 1017 1081 1092 1119 1164 1168 1175 1206 1218 1226 1338 1433 1526 1531 1564 1691 1693 1697 1786 1866 1917 1943 1980 2031 2042 2066 2067 2071 2108 2144 2213 2216 2218 2316 2333 2356 2369 2406 2408 2434 2460 2474 2518 2544 2592 2657 2682 2770 2806 2828 2952 2959
35 57 202 388 393 436 478 642 700 710 903 968 1068 1069 1072 1219 1240 1245 1271 1345 1367 1429 1806 1833 1981 2021 2030 2224 2247
44 161 313 435 690 793 836 1066 1079 1302 1317 1326 1361 1416 1477 1524 1525 1548 1664 1721 1736 1752 1901 1941 1959 2036 2119 2154 2191 2329
21 62 191 195 299 309 380 392 442 495 524 592 607 655 688 777 915 925 938 1026 1029 1056 1122 1213 1330 1332 1334 1381 1542 1570 1585 1630 1676 1705 1758 1765 1829 1873 1922 1940 1974 2004 2059 2107 2185 2193 2209 2223 2252 2282 2306 2352 2390 2488 2539 2554 2645 2664 2699 2766 2800 2822 2843 2854 2866 2875 2887 2927 2941 2944 2991
106 270 278 489 600 717 818 872 906 978 1093 1169 1277
123 198 597 670 682 694 773 774 826 1114 1217 1266 1468 1472 1517 1519
49 53 265 267 362 513 804 871 941 980
38 164 396 398 444 451 506 572 576 593 622 627 665 786 861 913 940 971 1051 1074 1107 1120 1233 1253 1323 1369 1419 1458 1473 1478 1595 1647 1716 1739 1848 1877 1892 1916 1975 1989 2007 2010 2018 2055 2070 2072 2136 2138 2187 2211 2228 2268 2274 2277 2309 2378 2380 2410 2411 2414 2415 2457 2459 2562 2606 2635 2636 2679 2680 2685 2707 2720 2727 2729 2736 2751 2794 2796 2814 2850 2863 2865 2868 2900 2918 2942 2946 2983 2998
60 81 235 291 566 606 788 792 979 1002
56 184 206 262 264 390 809 992 1036 1113 1208 1335 1384 1460 1481 1541 1582 1615 1670
19 80 221 225 226 311 357 386 404 499 545 918 1062 1102 1131 1150 1280 1291 1350 1372 1377 1404 1438 1576 1598 1606 1626 1649 1658 1659 1663 1753 1771 1827 1985 1992 2025 2148 2298 2374 2383 2386 2401 2413 2429 2478 2511 2524 2569 2614 2717 2746 2760 2778 2834 2869 2882 2893 2910 2937 2938 2945 2973
10 145 440 446 477 612 794 823 930 1041 1170 1184 1221 1227 1263 1316 1375 1396 1425 1815 1822 1825 1855 1863 1870 1875 2121 2133
17 31 50 103 216 275 883 908 1000 1059
7 33 84 169 243 251 325 470 542 750 838 900 904 1043 1459 1546 1589 1726 1799 1840 1876 1966 2114 2118 2147 2155 2195 2214 2248 2270 2420 2425 2450 2570 2597 2632 2697 2701 2715 2726
178 207 220 234 269 520 521 603 641 787 869 934 953 1027 1220 1320
148 153 205 210 341 418 534 596 648 667 676 765 775 835 870 937 1295 1500 1507 1539 1596 1619 1622 1684 1785 1819 1828
77 93 400 454 532 653 796 849 933 1112 1187 1349 1383 1387 1427 1457 1504 1532 1537 1565 1568 1646 1793 1908 1934 1936 2012 2033 2038 2063 2169 2338 2398 2412 2432 2519 2522 2608 2616 2634 2666 2689 2719 2725 2758 2855 2903
86 125 249 434 599 634 704 708 745 878 956 1104 1191 1230 1639 1652 1669 1678 1689 1729 1779 1798
79 187 372 643 873 1042 1106 1331 1357 1407 1443 1444 1470 1487 1492 1579 1597 1770 1789 1816 1834 1879 1977 2068 2073 2128 2181 2210 2359 2462 2507 2564 2571 2595 2625 2631 2661 2730 2765 2776 2792 2837 2845 2861 2911 2923 2926 2979 2989
330 492 541 580 737 772 848 882 909 929
47 91 324 340 344 430 574 608 610 739 879 1020 1198 1363
71 119 139 219 329 551 575 631 820 837 1025 1090 1094 1105 1155 1163 1196 1399 1518 1521 1599 1773 1823 1973 1995 2000 2019 2065 2076 2097 2125 2202 2249 2305 2325 2368 2528 2560 2713 2734 2741 2842
11 43 96 98 140 238 284 348 377 382 469 503 516 632 698 999 1039 1045 1162 1275 1336 1360 1412 1605 1609 1661 1662 1675 1712 1714 1743 1749 1761 1809 1836 1899 1933 1958 2014 2056 2074 2079 2092 2110 2177 2179 2192 2267 2271 2301 2349 2409 2489 2517 2590 2622 2653 2683 2711 2733 2763 2773 2788 2808 2835 2852 2874 2897 2906 2913 2917 2928 2947 2949 2977
22 193 306 317 417 505 514 755 756 778 860 1228 1250 1388 1446 1449 1467
201 212 289 423 465 552 587 964 970 988 1013 1071
2 16 26 147 222 242 310 461 476 718 720 840 854 889 973 1212 1304 1337 1352 1394 1421 1527 1557 1616 1660 1695 1745 1781 1800 1910 1911 2096 2219 2222 2312 2344 2357 2501 2553 2568 2655 2698 2709 2769 2785 2786 2825 2841 2847 2859 2960 2968
58 118 160 363 548 680 735 897 1123 1158 1189 1205
12 128 767 857 858 972 1023 1083 1128 1141 1146 1207
20 368 419 569 583 614 671 733 891 947 1001 1034 1255 1293 1300 1307 1434 1489 1536 1573 1710 1797 1858 1880 1882 1884 1921 1923
0 40 347 370 399 473 579 663 709 727 752 846 905 1009 1033 1054 1080 1126 1127 1153 1171 1172 1181 1183 1199 1232 1246 1292 1306 1341 1344 1358 1392 1452 1462 1508 1551 1555 1618 1632 1635 1643 1657 1737 1738 1812 1820 1852 1867 1871 1897 1902 1932 1942 2013 2087 2134 2158 2242 2250 2293 2295 2342 2346 2364 2365 2382 2385 2388 2393 2397 2404 2424 2475 2509 2523 2545 2577 2609 2626 2640 2688 2691 2714 2752 2787 2799 2801 2872 2902 2924 2931 2958 2965 2966 2974 2975
3 14 397 784 806 815 816 852 896 931 943 958 1007 1076 1111 1144 1156 1353 1371 1397 1475 1610 1612 1642 1700 1708 1775 1929 2047 2053 2235 2255 2279 2376 2391 2403 2416 2427 2444 2464 2473 2534 2537 2547 2567 2620 2686 2687 2690 2712 2743 2829 2885 2888 2896 2905 2964 2967 2971
101 121 247 373 447 536 625 678 789 791 803 874 991 1084 1097 1101 1109 1376 1456 1671 1696 1843 1891 1947 2057 2086 2194 2215 2290 2308 2379 2384 2456
111 133 138 231 287 391 401 526 817 868
28 36 76 266 343 460 484 491 633 965 1087
257 374 375 530 546 748 923 927 955 1021 1031 1035 1047 1202 1321 1328 1463 1567 1694
70 192 292 389 441 549 695 729 798 832 1088
24 245 250 286 383 411 457 512 547 675 706 884 1078 1176 1177 1257 1273 1403 1435 1455 1494 1569 1600 1614 1631 1687 1730 1881 1885 1886 1984 2034 2069 2166 2208 2292 2297 2366 2377 2445 2461 2556 2603 2619 2678 2708 2774 2877 2901 2951 2982 2992
108 214 301 327 339 349 416 471 479 510 582 630 697 758 824 866 892 1046 1137 1200 1229 1264 1290 1409 1415 1417 1418 1440 1476 1488 1577 1665 1741 1756 1784 1849 1850 1894 1957 2131 2196 2387 2447 2500 2521 2526 2527 2530 2531 2535 2600 2610 2644 2651 2674 2695 2728 2755 2827 2844 2876 2904 2909 2936 2969
73 134 185 263 320 559 563 677 723 742 1179 1190 1215
271 274 316 403 523 604 640 658 703 808 851 902 1129 1324 1329 1386 1420 1479 1533 1628 1682 1698 1699 1704 1887 1906 1907 2170
165 367 439 498 539 595 617 624 762 768 801 949 994 1110 1214 1252 1480 1629 1674 1778 1788 1814 1890 1935 1951 1979 2016 2051 2052 2203 2337 2343 2394 2439 2453 2458 2485 2503 2542 2559 2627 2639 2738 2815 2833 2963 2981 2987 2996
158 255 258 535 638 687 713 841 847 948 1030 1174
23 85 94 132 183 241 277 463 684 776 1108
290 405 501 531 644 689 740 779 783 863 914 967 1012 1194 1211 1244 1249 1385 1389 1491 1656 1804
6 45 107 189 303 487 500 626 899 936 1019 1065 1086 1139 1180 1234 1242 1430 1497 1505 1512 1607 1623 1634 1644 1653 1654 1680 1688 1751 1796 1805 1807 1813 1818 1826 1847 1955 1971 2001 2122 2233 2307 2339 2422 2525 2533 2536 2565 2585 2594 2596 2607 2672 2673 2675 2781 2816 2817 2820 2832 2836 2838 2840 2849 2879 2881 2939 2954
130 351 385 402 443 589 673 741 901 952 997 1015 1225 1311 1471 1572 1667 1732 1762 1782 1824 1853 1856 1998 2020 2126 2139 2150
55 95 282 376 395 650 850 895 1004 1005 1024 1050 1077 1166
13 171 297 394 497 581 636 834 942 983
74 90 141 150 384 424 474 490 639 681 707 781 919 1038 1061 1157 1243 1254 1283 1308 1366 1445 1464 1484 1528 1529 1560 1578 1590 1601 1602 1608 1673 1757 1780 1845 1869 1924 1961 1997 1999 2008 2029 2173 2174 2239 2264 2289 2331 2371 2392 2430 2436 2465 2477 2491 2508 2540 2555 2558 2561 2573 2587 2658 2693 2710 2737 2749 2753 2779 2780 2782 2795 2804 2805 2860 2890 2912 2957
163 260 437 448 459 584 715 724 728 839 912 969 1098 1143
109 429 601 619 666 746 751 800 825 950 954 996 1049 1148 1151 1265 1282 1301 1374 1380 1503 1509 1692 1727 1772 1893 1912 2093 2117 2182 2433 2441 2449 2476 2495
120 131 136 314 421 453 483 568 620 637 721 797 877 916 932 946 1044 1089 1091 1116 1161 1247 1268 1274 1303 1318 1325 1373 1391 1431 1469 1502 1534 1742 1764 1821 1835 1864 1898 1945 1954 1967 1988 2044 2081 2094 2153 2238 2286 2302 2350 2405 2417 2423 2493 2581 2586 2637 2663 2692 2704 2797 2862 2867 2891 2895 2930 2934
307 356 467 561 726 829 880 1125 1192 1222 1294 1411 1483 1545 1581 1594 1641 1651 1718 1734 1754 1830 1832 1982 2091 2116 2156 2190 2212 2226 2280 2287 2291 2320 2321 2334 2351 2360 2395 2418 2426 2440 2451 2483 2579 2580 2598 2618 2633 2703 2750 2767 2771 2784 2807 2809 2824 2839 2846 2864 2878 2894 2899 2907 2922 2943 2961 2986 2993
4 124 229 259 279 302 426 527 679 699 960 1130 1178 1621 1636 1640 1648 1713 1720 1722 1817 1888 1931 1960 1963 2040 2132 2151 2175 2257 2294 2472 2487 2498 2549 2578 2602 2611 2660 2676 2684 2723 2742 2811 2818 2870 2914 2920 2925 2950 2956 2994 2995 2997
181 182 224 355 369 540 586 672 761 802 805 864 921 1008 1011 1154 1261 1333 1355 1426 1513 1874 1900 1928 1991 2027 2186 2197 2206 2353 2396 2428
29 129 227 254 283 323 366 685 730 939 1014 1063 1134 1343 1362 1368 1466 1486 1554 1593 1794 1842 1860 1946 1964 1987 2149 2234 2262 2275 2311 2367
27 59 162 209 218 268 304 381 515 550 585 613 635 657 659 1055 1133 1197 1209 1239 1281 1406 1496 1514 1550 1566 1587 1592 1603 1627 1679 1740 1748 1763 1790 1801 1865 1914 1926 1938 2028 2043 2090 2109 2178 2184 2217 2253 2281 2284 2300 2304 2314 2324 2389 2452 2454 2516 2541 2575 2582 2612 2761 2790 2857 2883 2884 2915 2940 2972 2990
48 78 87 92 143 154 197 232 246 285 318 445 456 486 502 517 533 591 770 986 1018 1067 1073 1182 1259 1297 1382 1390 1401 1410 1436 1465 1482 1523 1558 1685 1701 1768 1777 1787 1792 1868 1889 1962 1969 2077 2140 2232 2243 2245 2246 2326 2341 2372 2399 2448 2552 2563 2576 2584 2599 2601 2629 2740 2745 2748 2789 2810 2851 2853 2873 2889 2962 2984 2985
5 32 39 113 236 239 252 333 350 364 379 425 462 496 557 711 714 769 780 785 819 845 859 893 989 1075 1099 1117 1231 1258 1262 1269 1270 1305 1312 1314 1322 1339 1342 1405 1447 1461 1510 1522 1559 1571 1633 1650 1666 1920 1950 2002 2035 2083 2084 2099 2124 2227 2237 2362 2363 2375 2400 2467 2499 2513 2520 2548 2551 2566 2583 2654 2668 2702 2721 2732 2759 2762 2802 2819 2848 2892 2898 2908 2921 2976
155 166 177 203 208 288 308 342 365 427 455 472 544 553 661 662 732 830 875 876 945 957 959 966 976 990 1223 1235 1267 1454 1561 1706 1760 1905 1968 1976 2023 2050 2075 2165 2225 2299 2317 2328 2348 2443 2455 2471 2512 2515 2538 2550 2557 2591 2617 2706 2757 2798 2871 2953 2955
176 300 361 371 450 668 696 747 844 881 935 944 1195 1241 1276 1413 1422 1448 1490 1547 1562 1584 1724 1766 1851 1909 2061 2172 2231 2244 2273
18 65 167 196 200 276 332 485 616 623 656
64 72 122 168 174 199 305 360 570 571 719 917 1167 1251
52 68 110 170 211 337 354 529 565 646 683 686 749 760 856 928 1082 1285 1400 1690 1728 1767 2049 2058 2113 2115 2123 2183
30 82 104 142 151 156 217 240 753 771
8 34 173 353 420 481 578 766 886 926 1040 1060 1185 1216 1365 1450 1580 1709 1878 1925 1944 2054 2060 2078 2103 2120 2141 2261 2315 2327 2336 2354 2494 2593 2638 2648 2681 2700 2705
41 51 69 102 159 326 537 738 790 1058 1070 1203 1237 1238 1248 1498 1535 1552 1683 1746
46 66 180 256 331 475 799 920 963 1052
97 117 146 213 280 281 319 359 408 428 480 564 577 692 813 995 1032 1135 1140 1145 1160 1188 1193 1201 1204 1260 1288 1310 1313 1393 1424 1432 1520 1544 1591 1611 1637 1668 1672 1755 1791 1802 1831 1839 1883 1949 2003 2006 2037 2089 2143 2145 2160 2198 2200 2229 2230 2259 2272 2318 2330 2419 2421 2431 2469 2492 2506 2532 2546 2572 2613 2643 2665 2670 2694 2722 2735 2754 2772 2775 2777 2793 2812 2826 2858 2919 2929 2932 2933 2935 2948 2970
54 179 188 223 605 629 716 754 827 855 1022 1287 1346 1370 1395
1 63 186 204 244 618 674 693 865 890 924 982 1095 1096 1340 1354 1378 1511 1553 1620 1645 1811 1965 2082 2152 2157 2161 2188 2221 2276 2358 2381 2442 2463
15 89 215 507 509 518 602 660 764 961 981 1138 1224 1298 1398 1495 1540 1719 1735 1759 1837 1862 1956
9 152 172 295 449 701 831 842 998 1132 1173 1319 1437 1451 1586 1655 1686 1711 1913 2009 2022 2032 2041 2137 2167 2168 2171 2176 2236 2265 2347 2407 2437 2482
