92 129 162 180 187 207 266 288 388 499 532 544 565 748 800 893 971 1003 1055 1109 1179 1215 1465 1496 1534 1564 1612 1643 1829 1874 2079 2107 2115 2168 2337 2344 2467 2496 2676 2693 2789 2906 2927
13 106 313 329 435 755 777 793 960 1090 1276
18 98 109 147 163 336 345 529 536 561 677 707 771 875 953 1105 1135 1257 1325 1412 1466 1556 1734 1862 1866 1879 1915 1951 2003 2160 2199 2355 2502 2572 2599 2677 2713 2716 2807 2852 2988
88 90 138 184 238 253 355 387 389 405 443 498 503 527 528 552 644 711 814 829 833 859 885 912 923 1006 1170 1220 1288 1299 1331 1339 1346 1363 1382 1470 1494 1518 1523 1539 1542 1585 1631 1666 1700 1739 1740 1763 1765 1770 1777 1900 1907 1919 1949 1983 2052 2108 2147 2182 2212 2218 2243 2277 2281 2293 2307 2321 2326 2381 2397 2469 2480 2550 2582 2612 2617 2680 2686 2709 2762 2779 2812 2813 2879 2883 2889 2903 2959 2969 2975 2981 2984 2999
52 76 167 169 403 517 595 622 716 975 1043 1049 1145 1247 1305 1367 1390 1443 1448 1467 1644 1925 2188 2193 2220 2325 2412 2445 2561 2568 2696 2730 2798 2861 2913 2944 2996 2998
78 185 202 599 749 758 788 805 836 900 993 999 1027 1088 1221 1229 1241 1264 1442 1450 1799 1857 1917 1963 1964 2067 2110 2156 2175 2343 2347 2590 2637 2660 2735 2780 2862 2880 2886 2919 2942
268 302 375 430 440 444 493 534 624 766 844 964 1082 1343 1764 1844 1851 1892 1918 1969 2001 2020 2028 2352 2423 2529 2534 2573 2624
77 158 213 295 299 480 584 688 738 965 994 1001 1338 1347 1532 1755
58 259 323 393 566 641 740 764 780 802 887 927 935 981 1010 1164 1266 1278 1315 1375 1492 1513 1581 1590 1672 1692 1809 1859 1886 1945 2185 2404 2450 2458 2589 2625 2669 2795 2808 2854 2873
240 364 479 668 736 746 905 990 996 1017 1189 1272 1300 1387 1588 1733 1787 1803 1835 1880 1932 1946 2048 2150 2317 2322 2400 2460 2518
6 68 80 223 328 446 539 550 590 681 737 945 978 1031 1069 1176 1352 1366 1489 1555 1589 1677 1695 1814 1840 1901 2037 2103 2196 2348 2407 2619 2622 2699 2711 2743 2784 2896 2901 2953 2965 2989
57 64 99 110 132 152 176 197 256 276 280 346 484 541 605 627 630 798 961 976 1213 1280 1404 1445 1451 1455 1595 1624 1689 1725 1728 1732 1737 1743 1751 1944 1981 2038 2112 2113 2118 2148 2149 2207 2242 2313 2335 2431 2470 2510 2526 2607 2614 2731 2741 2791 2823 2826 2855 2940 2955 2967
83 141 251 261 402 500 547 698 708 712 791 943 1000 1013 1274 1295 1510 1611 1698 1723 1804 1971 2105 2131 2151 2176 2370 2501 2531
101 284 332 453 468 591 733 789 988 1060 1236 1309 1461 1477 1507 1509 1578 1687 1722 1984 2053 2074 2082 2102 2126 2263 2300 2414 2621 2656
79 82 245 283 428 575 603 689 694 713 794 801 876 879 944 1005 1030 1032 1138 1197 1204 1208 1317 1336 1358 1386 1441 1457 1528 1600 1627 1654 1754 1776 1848 1869 1872 1914 1933 1954 2021 2047 2134 2215 2258 2259 2288 2296 2303 2327 2379 2387 2388 2393 2429 2477 2505 2542 2591 2629 2728 2756 2825 2836 2844 2875 2894 2912 2928 2977 2991
22 43 48 164 205 219 229 306 338 523 1097 1181 1378
44 55 84 128 221 483 670 882 1123 1265 1374 1430 1551 1553 1621 1642
153 209 247 324 422 495 593 888 1025 1065
31 50 73 97 186 226 233 314 352 366 376 404 450 451 562 602 613 660 797 868 874 890 955 972 1028 1039 1101 1110 1124 1142 1148 1152 1202 1249 1262 1298 1361 1408 1423 1447 1508 1514 1558 1577 1617 1671 1736 1768 1818 1838 1894 1911 1941 1955 1970 2029 2056 2081 2085 2095 2106 2171 2203 2234 2333 2336 2362 2367 2432 2472 2551 2626 2651 2685 2690 2702 2718 2739 2769 2786 2827 2874 2882 2904 2923 2924 2957 2980 2997
217 271 397 398 790 842 870 968 1131 1201
645 701 759 812 820 840 987 1064 1083 1091 1128 1258 1260 1316 1478 1599 1716 1940 2000
65 117 120 121 135 139 171 270 360 365 373 386 406 437 563 581 676 781 929 958 1048 1080 1118 1154 1271 1417 1433 1582 1584 1618 1664 1703 1726 1795 1855 1913 1926 1980 1998 2063 2091 2123 2130 2164 2178 2214 2280 2308 2411 2514 2537 2544 2565 2661 2671 2688 2792 2800 2830 2834 2851 2867 2884
28 89 181 309 412 559 570 709 718 1068 1072 1136 1273 1357 1459 1520 1637 1647 1735 1842 1853 2114 2298 2311 2416 2475 2482 2515
27 255 333 580 606 765 850 897 954 1011
69 107 156 193 210 248 250 421 445 462 466 632 970 985 1286 1401 1444 1446 1566 1792 1806 2117 2145 2201 2232 2233 2254 2271 2278 2301 2305 2346 2417 2441 2457 2527 2597 2674 2705 2818
16 36 166 637 715 862 902 957 1002 1078 1141 1440 1463 1541 1574 1656
2 315 331 335 370 633 691 722 849 858 883 934 1106 1114 1127 1190 1484 1597 1629 1648 1649 1665 1957 2332 2466 2478 2521
0 61 104 168 272 611 692 696 932 936 989 1120 1191 1291 1307 1356 1491 1686 1705 1773 1816 1849 1889 2132 2195 2231 2285 2310 2507 2587 2594 2610 2611 2635 2654 2667 2682 2687 2732 2758 2766 2804 2891 2893 2954 2986 2987
33 182 191 673 772 891 916 991 1018 1121 1177 1259 1557 1620 1653 1670 1780 1784 1811 1877 2054 2086
175 203 300 431 477 512 665 669 792 819 853 892 924 995 1146 1290 1304 1449 1545 1596 1714 1719 1843 1895 1903 2070 2137 2173 2198 2208 2239 2292 2304 2328 2339 2356 2358 2433 2448 2465 2580 2600 2717 2773 2828 2863 2876 2937 2939
20 35 246 262 286 341 866 881 914 1116
155 159 427 592 601 750 786 939 1059 1150 1263 1297 1348 1391
150 297 476 490 509 649 818 869 913 983 1014 1021 1255 1296 1389 1454 1592 1607 1650 1675 1690 1831 1861 1920 1987 1988 1995 2099 2172 2282 2425 2471 2511 2512 2556 2616 2631 2663 2666 2708 2750 2925
96 200 282 317 413 432 464 467 488 537 572 629 638 647 757 822 959 962 967 986 1063 1143 1173 1193 1206 1349 1362 1397 1427 1431 1515 1565 1749 1791 1802 1870 1871 1890 1939 2002 2009 2041 2089 2109 2170 2189 2267 2314 2349 2360 2372 2390 2517 2541 2557 2583 2588 2604 2606 2613 2623 2627 2632 2670 2692 2714 2738 2752 2790 2848 2871 2900 2931 2952 2982
448 475 489 600 621 640 682 741 827 1098 1169 1432 1435 1636 1758 1825 1839
47 228 296 326 334 658 664 671 1066 1153 1228 1353
3 5 34 59 67 71 236 244 380 392 461 473 506 667 896 1056 1162 1250 1392 1416 1452 1485 1525 1673 1676 1681 1699 1845 1916 2014 2133 2169 2275 2289 2324 2363 2383 2401 2462 2488 2508 2648 2659 2775 2785 2809 2810 2820 2849 2866 2964 2990
105 144 322 347 434 589 809 863 1051 1163 1165 1335
8 343 351 419 420 474 511 628 652 940 1029 1438
70 118 173 363 394 415 700 808 857 864 906 966 1008 1024 1061 1166 1212 1543 1571 1706 1867 1908 1910 1942 2158 2184 2287 2378
75 116 146 224 349 381 425 522 578 579 615 659 672 734 782 807 835 851 878 894 901 938 1040 1067 1107 1108 1117 1122 1275 1279 1283 1287 1322 1328 1334 1344 1365 1421 1462 1464 1472 1481 1486 1502 1503 1535 1540 1561 1662 1693 1708 1748 1775 1813 2008 2026 2039 2122 2135 2141 2143 2161 2213 2216 2223 2245 2251 2256 2351 2354 2371 2427 2447 2481 2489 2492 2523 2539 2566 2641 2662 2691 2695 2698 2720 2727 2745 2748 2751 2753 2755 2860 2887 2907 2916 2920 2960
23 41 289 439 515 521 557 569 648 761 776 899 1023 1075 1079 1085 1099 1139 1242 1243 1340 1372 1400 1418 1419 1482 1524 1548 1570 1573 1587 1593 1641 1661 1688 1717 1753 1756 1847 1897 2100 2111 2179 2230 2252 2357 2392 2422 2440 2528 2558 2615 2649 2652 2664 2821 2824 2910 2995
86 172 189 290 316 374 426 526 642 796 799 847 1052 1222 1225 1504 1533 1604 1646 1709 1823 1863 1878 1947 1960 2338 2382 2396 2673 2689 2707 2715 2801
149 194 242 497 704 770 1050 1147 1178 1219
25 45 51 148 264 277 293 457 813 1285 1350
60 119 142 311 396 720 877 1132 1203 1303 1483 1511 1580 1696 1718 1738 1846 1865 2007
122 198 237 377 385 460 472 607 839 963 1199
11 115 161 257 399 530 564 620 651 697 731 854 872 920 937 1012 1183 1210 1345 1354 1471 1476 1493 1497 1536 1720 1745 1875 2119 2146 2211 2237 2250 2297 2323 2428 2483 2516 2633 2704 2706 2719 2764 2793 2794 2802 2811 2858 2898 2941 2945 2973
94 112 134 199 234 249 304 340 361 438 491 587 636 717 723 732 889 907 992 1034 1058 1086 1094 1207 1294 1488 1522 1609 1790 1826 1828 1923 1930 2015 2019 2069 2083 2202 2244 2274 2330 2365 2369 2389 2394 2405 2410 2437 2455 2461 2473 2530 2567 2618 2634 2644 2650 2721 2771 2783 2831 2857 2905 2929 2978
127 292 418 524 610 635 856 1140 1168 1205 1395 1429 1505
37 66 408 463 478 743 775 904 1033 1226 1498 1562 1815 1836 1893 1927 1956 2076 2094 2206 2249 2262 2294 2316 2377 2442 2494 2533
93 133 143 278 307 318 362 762 767 933 1281 1364 1368 1379 1526 1546 1601 1616 1667 1707 1808 1822 1902 1912 1937 1959 1974 1990 2046 2050 2078 2088 2181 2236 2312 2386 2498 2543 2598 2636 2668 2675 2765 2776 2864 2935 2938 2976 2992
113 354 531 623 631 661 751 817 948 1196 1252 1406
12 222 308 414 519 543 683 768 925 928 1044
125 137 269 502 554 1020 1093 1269 1302 1333 1550 1626 1630 1721 1759 1762 1783 1950 2060 2124 2186 2209
108 136 145 170 260 357 379 486 556 588 634 650 705 832 909 950 952 979 984 1062 1070 1073 1237 1245 1267 1310 1398 1399 1544 1583 1606 1640 1683 1724 1731 1801 1810 1856 1858 1885 1924 1989 2005 2006 2025 2071 2072 2093 2153 2217 2226 2257 2268 2290 2291 2403 2548 2638 2653 2726 2729 2737 2774 2788 2796 2833 2926 2936 2949
56 165 487 508 679 846 1130 1214 1306 1414 1479 1519 1625 1712 1778 1789 1883 1975 2033 2042 2068 2210 2235 2253 2340 2484 2487 2581
53 227 243 359 625 643 730 843 1026 1230 1405 1560 1568 1619
14 325 417 449 516 546 548 598 616 895
39 126 131 220 265 275 287 305 320 344 369 416 501 510 558 573 577 639 654 735 831 837 848 873 910 969 1126 1158 1160 1200 1240 1313 1327 1330 1376 1383 1385 1410 1468 1527 1530 1563 1613 1628 1633 1658 1747 1767 1781 1827 1833 1854 1881 1909 1967 1973 1985 1992 2013 2023 2036 2097 2142 2221 2318 2350 2419 2464 2549 2579 2658 2684 2710 2781 2840 2842 2853 2865 2930
91 252 452 686 725 729 871 903 998 1092 1133 1194 1434 1579
62 216 383 433 456 470 507 774 838 908 1004 1195 1235 1270 1552 1572 1586 1591 1713 1800 1884 1887 1948 1972 2035 2205 2468 2474 2609 2646 2763 2885 2915 2921 2963
29 46 174 192 195 206 327 350 423 455 458 518 549 680 763 997 1022 1042 1046 1071 1102 1113 1151 1161 1167 1217 1253 1402 1403 1437 1469 1490 1512 1638 1657 1663 1668 1711 1976 2010 2044 2073 2096 2120 2138 2154 2191 2219 2238 2247 2264 2319 2345 2359 2399 2424 2452 2522 2584 2602 2761 2814 2899 2911 2917 2934 2966 2971
4 74 123 188 204 239 301 303 312 348 368 378 454 492 513 514 542 626 726 779 860 926 974 1103 1171 1223 1239 1425 1495 1517 1682 1793 1876 1978 1994 1997 2031 2101 2144 2187 2204 2225 2269 2364 2368 2420 2454 2497 2525 2538 2546 2559 2564 2570 2655 2734 2760 2799 2819 2832 2881 2897 2902 2956 2962 2972 2974 2985 2994
10 17 124 409 471 482 533 551 560 612 710 810 973 1045 1095 1157 1246 1359 1394 1474 1651 1660 1697 1771 1896 1993 2011 2125 2127 2139 2152 2174 2260 2270 2283 2295 2406 2413 2415 2421 2486 2503 2545 2547 2563 2569 2645 2724 2740 2754 2835 2843 2878 2993
40 400 442 459 586 760 845 852 861 951 1112 1289 1292 1388 1639 1794 1812 1898 1906 1943 2062 2180 2200 2342 2409 2418 2524 2683 2700 2736 2744 2778
54 183 441 596 662 663 884 946 956 1016 1100 1159 1351 1360 1396 1602 1603 1634 1752 1788 1796 1922 1996 2045 2058 2192 2222 2485 2575 2592 2679 2747
32 95 103 214 215 310 330 384 429 538 567 582 684 724 841 867 921 931 1057 1119 1156 1174 1192 1320 1380 1381 1409 1422 1501 1554 1576 1594 1622 1645 1659 1669 1674 1702 1760 1785 1798 1905 1958 2059 2065 2092 2098 2121 2162 2228 2240 2284 2306 2331 2341 2385 2426 2430 2439 2443 2509 2552 2585 2642 2742 2749 2803 2846 2868 2895 2970
24 30 38 49 100 263 367 411 505 545 608 675 678 685 719 721 783 947 1149 1175 1186 1251 1311 1312 1326 1337 1369 1370 1413 1415 1424 1428 1458 1538 1632 1691 1694 1729 1779 1797 1832 1852 1934 1952 2018 2049 2061 2087 2116 2140 2166 2272 2374 2375 2408 2491 2499 2519 2601 2608 2628 2657 2665 2678 2694 2759 2772 2806 2822 2845 2856 2869 2909 2932 2946
15 72 87 140 218 258 279 339 356 424 496 646 653 687 695 727 821 855 865 915 982 1035 1036 1041 1144 1233 1277 1393 1407 1473 1614 1652 1680 1684 1730 1742 1746 1757 1761 1805 1807 1868 1961 1962 1968 1979 1982 1991 2016 2022 2032 2066 2084 2090 2104 2155 2159 2165 2190 2273 2329 2353 2490 2504 2586 2630 2672 2712 2722 2746 2767 2770 2777 2797 2816 2838 2839 2841 2847 2870 2872 2877 2892 2908 2922 2948
177 298 342 395 485 784 811 930 949 1115 1182 1216 1244 1261 1268 1282 1314 1319 1321 1324 1426 1537 1569 1598 1615 1701 1741 1750 1821 1882 1935 1938 1999 2017 2027 2057 2064 2227 2248 2366 2373 2391 2398 2449 2459 2493 2535 2571 2640 2733 2757 2805 2829 2837 2850 2859 2914 2943 2947 2950 2951
1 102 151 179 555 585 1038 1047 1188 1209 1308 1377 1384 1487 1549 1873 1986 2024 2055 2129 2167 2197 2315 2361 2395 2444 2456 2463 2513 2596 2639
42 267 294 407 703 747 756 880 1076 1087 1293
114 281 285 319 568 576 614 803 816 834 918 977 1547 1575
19 63 196 235 410 436 535 699 769 830 1053 1111 1341 1456 1506 1559 1678 1837 1841 1921 1966 1977 2286 2299 2380 2434 2438 2554
208 241 391 702 754 886 898 1009 1104 1234
26 157 201 274 520 525 540 618 656 744 911 919 1007 1180 1187 1211 1218 1436 1685 1772 1891 1899 1929 1936 2004 2128 2157 2163 2255 2279 2309 2402 2553 2555 2620 2703 2768 2782 2979
273 321 371 604 706 752 778 787 922 1019 1125 1185 1254 1318 1420 1516 1824 1860 1904 2034
81 337 465 739 742 826 917 1077 1172 1231
130 160 212 230 231 254 358 401 481 494 504 571 574 655 690 753 815 823 980 1015 1081 1089 1129 1134 1155 1198 1227 1238 1248 1284 1301 1323 1332 1342 1439 1480 1499 1500 1529 1531 1635 1679 1704 1710 1715 1766 1769 1774 1786 1817 1819 1830 1928 2040 2051 2077 2136 2229 2241 2246 2261 2266 2276 2320 2334 2376 2435 2446 2451 2453 2476 2532 2562 2574 2577 2578 2593 2595 2643 2647 2681 2701 2723 2725 2787 2888 2918 2933 2958 2961 2968 2983
154 619 666 714 785 806 828 1037 1084 1232 1256 1453 1567 1605 1655
21 85 111 178 190 232 353 382 447 469 553 583 594 597 617 745 795 941 942 1074 1096 1184 1224 1888 1965 2030 2075 2194 2302 2479 2495 2506 2560 2817
211 225 291 390 609 674 804 825 1054 1137 1329 1521 1610 1623 1744 1782 1850 1864 2012 2080 2177 2183 2224
7 9 372 657 693 728 773 824 1355 1371 1373 1411 1460 1475 1608 1727 1820 1834 1931 1953 2043 2265 2384 2436 2500 2520 2536 2540 2576 2603 2605 2697 2815 2890
