82 328 330 349 392 531 534 539 673 812 826 971 1076 1249 1265 1267 1358 1361 1391 1435 1507 1572 1629 1652 1664 1672 1673 1729 1850 1856 1910 2002 2005 2064 2345 2600 2696 2735 2740 2762 2791 2831 2927
65 150 190 346 374 422 907 968 1011 1141 1172
163 200 250 386 444 497 625 765 840 1006 1018 1033 1094 1103 1133 1147 1306 1514 1540 1565 1611 1772 1845 1970 1975 2021 2028 2113 2252 2386 2406 2474 2591 2676 2682 2683 2714 2717 2813 2852 2904
23 107 141 216 299 315 376 400 441 508 563 605 648 665 709 798 820 861 920 1028 1070 1124 1153 1203 1280 1308 1320 1348 1410 1421 1423 1494 1547 1558 1586 1609 1634 1641 1690 1706 1717 1746 1755 1764 1789 1841 1877 1913 1940 1958 1987 2003 2048 2096 2116 2137 2141 2154 2198 2230 2289 2304 2350 2358 2392 2405 2433 2503 2508 2526 2530 2551 2566 2567 2574 2603 2661 2663 2674 2688 2712 2755 2773 2779 2798 2803 2809 2814 2815 2879 2909 2950 2977 2999
2 128 196 249 335 338 507 584 717 948 1084 1197 1231 1298 1366 1398 1467 1594 1615 1638 1660 1711 1870 2033 2054 2203 2243 2400 2404 2412 2426 2502 2506 2513 2627 2659 2701 2861
63 168 174 281 369 382 450 562 649 744 921 1054 1180 1190 1318 1319 1367 1401 1677 1726 1790 1930 1972 2051 2122 2181 2271 2313 2324 2325 2339 2570 2622 2635 2727 2774 2780 2862 2880 2890 2965
85 189 208 265 416 780 809 835 863 906 958 1057 1178 1202 1264 1274 1493 1759 1804 1848 1959 2035 2065 2068 2071 2112 2195 2224 2255
144 146 182 238 269 314 331 355 478 574 711 773 889 894 1430 1519
278 443 485 554 601 632 660 678 755 915 964 980 1030 1272 1350 1375 1400 1446 1474 1595 1668 1669 1774 1820 1891 2062 2084 2164 2384 2403 2518 2587 2625 2662 2664 2681 2765 2854 2873 2955 2966
131 215 421 592 608 710 713 750 848 932 952 1069 1115 1233 1258 1276 1568 1571 1663 1770 1801 1907 1921 1954 2023 2063 2099 2229 2415
125 221 223 237 270 359 463 471 666 706 805 814 854 970 1215 1227 1371 1415 1429 1928 1945 2001 2036 2089 2254 2288 2329 2365 2377 2460 2489 2495 2534 2540 2732 2769 2771 2785 2902 2968 2983 2997
162 178 195 276 287 296 543 548 552 630 688 723 745 751 859 949 954 959 1130 1149 1268 1317 1323 1353 1397 1484 1495 1498 1592 1666 1809 1817 1831 1834 1837 1962 2081 2142 2149 2211 2220 2250 2302 2344 2381 2394 2420 2479 2496 2546 2562 2588 2757 2764 2823 2826 2855 2899 2918 2959 2971 2978
21 50 152 186 251 312 324 411 417 522 540 893 1034 1062 1237 1271 1360 1395 1508 1533 1723 1747 1784 1899 2077 2121 2127 2371 2413
41 55 97 188 253 510 547 695 746 767 779 831 865 1046 1150 1152 1185 1205 1218 1412 1536 1610 1880 1947 1949 1961 2422 2448 2459 2485
99 135 217 286 378 500 651 667 682 721 748 752 833 888 895 977 995 1020 1096 1101 1228 1253 1356 1377 1431 1440 1487 1555 1578 1596 1644 1678 1701 1731 1748 1798 1815 1886 1951 1983 1997 2024 2039 2100 2106 2172 2182 2197 2227 2240 2338 2375 2397 2476 2477 2486 2487 2533 2537 2602 2617 2710 2747 2748 2776 2825 2836 2844 2875 2919 2928
34 466 480 512 612 621 729 867 978 997 1155 1161 1309
57 151 263 437 634 680 698 700 705 976 1193 1222 1311 1387 1535 1553
184 219 357 513 546 883 1035 1061 1089 1109
24 37 40 147 166 171 202 244 317 326 368 401 405 455 492 577 610 772 808 851 880 881 947 1005 1047 1127 1286 1337 1394 1471 1488 1544 1618 1653 1718 1722 1756 1767 1771 1833 1883 1896 1937 1946 1969 2011 2083 2091 2109 2111 2138 2196 2200 2239 2241 2279 2296 2305 2341 2357 2362 2423 2435 2440 2449 2500 2531 2545 2626 2634 2642 2665 2705 2719 2721 2729 2775 2788 2789 2795 2827 2870 2874 2883 2891 2924 2954 2985 2998
48 80 256 489 639 737 992 1003 1090 1117
12 149 220 272 334 528 567 641 681 834 994 1039 1043 1188 1289 1354 1414 1422 1687
10 69 74 137 259 342 352 403 541 704 747 842 845 945 996 1009 1044 1056 1181 1220 1300 1335 1382 1396 1499 1524 1560 1577 1580 1637 1661 1692 1802 1894 1971 2006 2034 2050 2094 2184 2199 2262 2364 2390 2458 2466 2490 2491 2542 2637 2640 2654 2686 2745 2800 2830 2834 2851 2885 2886 2916 2926 2973
124 158 266 449 776 810 973 1004 1059 1063 1104 1246 1346 1438 1528 1619 1691 1713 1785 1864 1878 1882 1929 1999 2131 2258 2367 2373
93 351 385 415 571 614 931 1008 1071 1108
30 169 234 387 396 479 636 914 1038 1098 1125 1221 1378 1483 1485 1534 1548 1583 1698 1699 1708 1773 1835 1963 2058 2074 2147 2204 2260 2299 2356 2361 2442 2510 2601 2646 2691 2707 2790 2818
120 191 267 332 483 553 690 724 868 935 979 1064 1223 1497 1530 1627
60 76 89 224 268 419 486 511 827 862 896 956 991 1232 1261 1359 1515 1636 1715 1808 1838 1846 1932 2019 2020 2057 2101
26 183 240 262 282 297 301 380 438 564 596 650 703 739 793 929 966 1051 1170 1195 1219 1269 1454 1501 1532 1598 1657 1736 1745 1812 1836 1941 2044 2069 2093 2177 2280 2343 2385 2527 2589 2652 2684 2690 2736 2893 2895
11 261 280 305 307 361 389 420 429 532 582 702 1016 1037 1301 1404 1470 1520 1539 1643 1888 2009
5 227 356 436 551 558 813 846 911 1114 1128 1182 1242 1256 1292 1479 1505 1648 1721 1757 1793 1806 1858 1872 2046 2236 2335 2391 2398 2409 2432 2558 2563 2645 2667 2678 2698 2713 2718 2828 2863 2876 2905 2913 2920 2938 2940 2984 2992
22 170 225 243 336 468 597 782 1074 1075
279 432 458 509 549 730 758 1024 1031 1251 1257 1279 1332 1427
16 20 51 91 106 226 364 408 515 613 674 818 841 1007 1048 1093 1100 1144 1186 1239 1347 1439 1456 1476 1561 1575 1600 1825 1884 1898 1976 2041 2088 2194 2232 2314 2322 2568 2613 2897 2944 2990
18 25 64 94 116 143 309 333 459 506 542 576 626 631 670 685 718 728 815 882 913 1042 1118 1132 1183 1281 1297 1419 1617 1716 1824 1827 1828 1853 1901 1911 1915 1948 2008 2079 2119 2128 2170 2173 2207 2245 2278 2315 2340 2342 2438 2453 2465 2484 2521 2556 2606 2624 2650 2651 2668 2680 2694 2703 2756 2792 2811 2848 2871 2901 2922 2931 2939 2947 2963
84 133 447 476 490 537 701 839 923 1000 1032 1106 1123 1260 1295 1564 1608
209 229 248 340 428 440 885 1067 1120 1134 1140 1305
136 212 304 313 343 410 481 556 662 689 783 950 1019 1113 1241 1310 1345 1357 1409 1448 1450 1492 1522 1526 1557 1614 1622 1635 1674 1725 1751 1779 1842 1862 1863 2092 2223 2282 2307 2320 2488 2561 2573 2610 2734 2759 2766 2786 2812 2820 2849 2866
47 68 122 148 155 362 365 518 580 844 1122 1184
43 495 505 708 754 797 801 843 866 928 1145 1245
61 179 295 370 371 394 587 628 646 684 800 927 984 1001 1002 1077 1083 1135 1136 1179 1275 1465 1675 1679 1823 1917 1965 2140
27 29 54 66 88 90 177 228 308 381 538 560 578 581 616 652 661 725 731 753 757 858 933 937 972 1078 1131 1163 1213 1238 1313 1370 1381 1393 1424 1432 1437 1458 1504 1537 1542 1584 1624 1626 1656 1696 1742 1776 1778 1829 1875 1893 1944 1957 1982 1988 1996 2000 2007 2032 2045 2155 2159 2212 2238 2251 2273 2297 2327 2352 2354 2369 2372 2417 2467 2507 2532 2539 2549 2555 2630 2636 2671 2752 2758 2767 2770 2860 2884 2888 2892 2908 2917 2958 2974 2975 2989
264 404 456 529 642 683 714 715 735 787 832 1021 1112 1169 1230 1442 1466 1475 1760 1811 1895 1980 2016 2052 2067 2132 2153 2166 2185 2190 2208 2215 2261 2290 2311 2396 2418 2425 2431 2451 2478 2499 2501 2511 2512 2576 2583 2656 2670 2687 2704 2739 2808 2821 2824 2967 2987 2988 2996
3 45 167 230 291 569 692 740 824 876 983 986 1159 1344 1405 1510 1545 1710 1724 1967 1991 2066 2073 2082 2135 2165 2217 2286 2328 2374 2450 2522 2552
31 203 232 283 310 344 425 533 654 939
78 294 433 469 573 588 761 926 1085 1156 1211
1 207 473 484 738 869 942 1198 1285 1333 1503 1538 1579 1639 1689 1730 1737 1761 1783
53 104 123 204 477 572 595 656 664 1146 1206
4 42 46 114 246 300 354 407 686 741 774 836 967 1014 1055 1087 1143 1291 1362 1441 1473 1490 1601 1605 1628 1683 1732 1766 1998 2025 2107 2145 2263 2317 2359 2399 2437 2456 2470 2473 2509 2697 2700 2708 2731 2751 2760 2794 2806 2858 2943 2946
35 96 103 121 180 231 472 493 499 645 668 677 743 853 890 902 1049 1105 1116 1157 1165 1216 1240 1304 1406 1413 1418 1434 1512 1581 1671 1693 1739 1750 1754 1763 1795 1914 1925 2179 2277 2309 2368 2421 2434 2524 2550 2557 2575 2577 2608 2609 2612 2677 2743 2783 2793 2857 2906 2921 2929 2945 2969 2979 2982
239 318 589 606 657 837 904 1023 1029 1234 1243 1244 1334
298 303 316 353 406 619 653 910 940 975 1189 1278 1328 1464 1469 1496 1719 1797 1887 1892 1920 2012 2115 2163 2235 2275 2334 2395
397 453 457 467 591 794 830 930 987 1073 1082 1092 1151 1154 1341 1402 1472 1516 1632 1714 1728 1803 1955 2125 2133 2136 2156 2209 2225 2383 2416 2468 2472 2492 2536 2580 2598 2709 2715 2753 2768 2778 2864 2935 2937 2952 2962 2980 2994
7 36 111 127 145 181 426 465 583 1095 1168 1175
8 233 323 383 414 638 879 961 1081 1119 1210
290 375 615 756 770 871 938 951 999 1139 1196 1201 1236 1263 1339 1425 1551 1573 1603 1650 1889 1977
9 52 86 129 130 153 199 257 373 402 424 461 535 579 600 603 633 635 671 742 799 864 886 916 1045 1053 1068 1148 1303 1388 1451 1511 1591 1621 1662 1684 1704 1740 1765 1821 1843 1851 1865 1919 1978 1981 1994 2010 2014 2042 2059 2139 2183 2268 2287 2303 2428 2461 2469 2538 2639 2641 2666 2692 2833 2896 2936 2951 2986
205 451 464 565 643 1050 1191 1376 1389 1457 1462 1489 1550 1567 1707 1782 1885 1938 1942 1993 2018 2086 2108 2123 2242 2266 2333 2393
17 39 95 288 306 691 727 736 760 762 903 1355 1363 1436
72 101 289 716 804 807 860 897 934 1072
28 79 92 108 112 119 126 194 211 218 242 454 462 526 527 530 599 617 659 792 1027 1107 1111 1164 1247 1282 1287 1386 1411 1433 1447 1449 1502 1604 1688 1700 1720 1749 1792 1816 1905 1995 2015 2029 2076 2095 2148 2157 2168 2174 2186 2234 2346 2351 2376 2436 2523 2564 2582 2594 2597 2605 2611 2644 2749 2750 2754 2781 2787 2842 2846 2853 2865 2867 2923 2930 2942 2957 2981
14 70 75 285 412 446 593 609 618 819 901 909 943 1408
165 222 337 360 391 398 498 520 561 764 1040 1079 1086 1138 1173 1214 1255 1343 1491 1665 1738 1924 1936 1950 1968 1986 2031 2075 2201 2218 2246 2281 2347 2370 2592
49 56 139 175 185 320 345 350 358 452 504 566 570 655 663 696 766 777 788 887 917 1017 1088 1099 1102 1199 1226 1250 1321 1324 1330 1385 1390 1570 1607 1612 1620 1670 1705 1712 1727 1855 1860 1876 1906 1979 2022 2080 2105 2160 2167 2188 2291 2294 2316 2337 2410 2429 2446 2520 2638 2653 2744 2796 2799 2816 2900 2934
71 206 367 470 544 627 637 669 768 769 781 790 795 803 855 870 965 1025 1091 1204 1373 1459 1506 1529 1623 1676 1682 1735 1744 1847 1879 1904 1933 1943 1974 2037 2056 2085 2150 2152 2171 2214 2233 2270 2295 2310 2402 2439 2504 2554 2579 2672 2675 2716 2723 2724 2741 2797 2804 2810 2819 2832 2840 2881 2898 2910 2941 2948 2964
73 105 197 275 347 430 491 503 514 849 905 936 1013 1192 1217 1307 1327 1460 1517 1546 1552 1593 1685 1762 1796 2312 2366 2408 2411 2493 2497 2498 2515 2529 2544 2571 2584 2593 2647 2689 2702 2737 2742 2802 2835 2843 2878 2882 2887 2956 2961 2991 2993 2995
156 292 393 620 749 857 922 1121 1171 1200 1252 1254 1380 1417 1445 1566 1574 1597 1703 1752 1794 1832 1867 2126 2193 2205 2244 2248 2265 2272 2349 2483
81 140 319 475 806 828 944 1010 1060 1194 1259 1294 1326 1399 1444 1556 1758 1799 1874 1897 1902 1985 2072 2129 2175 2228 2237 2276 2464 2517 2519 2548
38 87 193 260 348 460 586 602 672 811 884 924 953 1026 1066 1110 1129 1207 1225 1266 1296 1322 1349 1365 1372 1403 1463 1582 1599 1602 1625 1642 1647 1649 1651 1753 1769 1819 1881 1912 1923 2040 2078 2097 2144 2158 2161 2169 2192 2267 2274 2292 2301 2323 2355 2360 2401 2430 2462 2475 2480 2494 2572 2590 2615 2658 2673 2706 2807 2868 2972
6 109 118 236 245 252 341 384 413 445 525 598 647 676 771 784 791 821 825 988 1015 1277 1481 1500 1509 1527 1563 1630 1645 1646 1658 1694 1702 1741 1743 1830 1852 1866 1871 1900 1908 1956 1984 2013 2055 2216 2256 2298 2348 2353 2380 2387 2388 2414 2443 2444 2447 2482 2581 2595 2604 2616 2618 2619 2629 2655 2669 2693 2695 2822 2845 2856 2869 2932 2960
15 98 154 172 198 201 235 311 321 482 487 516 568 585 611 624 629 719 852 856 918 919 962 1162 1174 1176 1209 1314 1329 1368 1482 1523 1525 1587 1589 1590 1680 1768 1791 1857 1916 1922 1926 1927 1952 1973 1990 2038 2060 2090 2098 2151 2189 2221 2249 2293 2319 2336 2389 2407 2516 2586 2596 2599 2607 2623 2633 2643 2649 2679 2725 2733 2746 2777 2801 2817 2838 2839 2841 2847 2872 2877 2912 2925 2949 2976
0 100 379 388 423 427 448 644 891 985 1158 1167 1177 1212 1262 1284 1312 1336 1379 1426 1477 1513 1543 1640 1654 1667 1681 1734 1786 1800 1849 1873 1903 1939 1992 2017 2118 2120 2134 2206 2226 2283 2378 2452 2505 2514 2525 2541 2569 2620 2628 2631 2632 2722 2730 2829 2837 2850 2859 2915 2953
67 134 521 640 712 796 850 877 981 1022 1097 1126 1416 1420 1518 1541 1606 1633 1777 1788 1805 1861 1868 1934 1989 2026 2110 2191 2382 2419 2427
214 273 284 327 494 523 697 733 872 993 1235
44 77 117 210 293 339 377 722 789 838 969 1012 1080 1468
159 213 258 277 302 329 390 545 960 974 1137 1316 1331 1383 1384 1452 1486 1549 1576 1585 1859 1918 2070 2117 2178 2259 2285 2306
173 322 372 435 442 488 607 875 908 941
113 161 271 474 517 590 604 622 785 878 946 1052 1224 1302 1428 1554 1562 1787 1854 1890 1909 1931 1935 1960 2027 2047 2049 2087 2146 2231 2253 2264 2528 2565 2699 2763 2772 2782 2784
13 19 115 363 439 693 732 763 786 1142 1208 1325 1338 1351 1369 1374 1588 1659 1686 1818
254 399 519 536 559 575 658 720 734 816
32 33 58 59 62 176 187 255 395 409 418 524 550 557 594 694 778 802 817 892 899 912 925 955 963 1058 1160 1166 1290 1315 1340 1352 1443 1453 1521 1531 1559 1569 1613 1616 1631 1709 1733 1780 1781 1807 1810 1814 1839 1844 1869 1966 2043 2053 2061 2102 2104 2114 2124 2162 2213 2219 2222 2300 2308 2321 2326 2331 2379 2445 2463 2543 2578 2585 2614 2621 2685 2711 2720 2726 2728 2738 2761 2805 2889 2894 2903 2907 2911 2914 2933 2970
83 102 132 679 687 759 775 957 982 989 1288 1299 1342 1392 1455
138 160 241 325 366 496 502 623 707 823 829 847 874 998 1293 1364 1461 1697 1822 2130 2143 2176 2180 2187 2269 2424 2454 2455 2457 2535 2547 2553 2648 2660
110 142 164 192 247 431 501 699 822 873 900 990 1036 1041 1229 1270 1283 1407 1478 1655 1813 2030 2103
157 274 434 555 675 726 898 1065 1187 1248 1273 1480 1695 1775 1826 1840 1953 1964 2004 2202 2210 2247 2257 2284 2318 2330 2332 2363 2441 2471 2481 2559 2560 2657
