84 128 272 278 282 308 332 393 416 417 509 661 726 845 934 1095 1105 1190 1228 1314 1323 1358 1423 1723 1829 1837 1872 1919 1933 2109 2273 2371 2426 2442 2540 2616 2720 2724 2736 2812 2898 2917 2966
164 291 321 330 604 638 670 768 908 1101 1638
28 46 138 165 257 277 430 460 577 597 618 632 649 683 764 789 877 894 1011 1019 1028 1034 1118 1282 1322 1388 1503 1535 1562 1675 1799 2167 2188 2205 2287 2543 2658 2704 2820 2909 2988
65 77 81 139 319 480 554 589 636 680 710 757 781 782 795 851 878 893 958 969 1017 1029 1039 1066 1104 1120 1151 1225 1266 1312 1333 1341 1385 1441 1461 1528 1530 1549 1660 1665 1683 1725 1727 1743 1779 1785 1787 1789 1898 1907 1925 1938 1969 2027 2056 2082 2171 2194 2203 2233 2234 2239 2258 2265 2272 2296 2324 2407 2439 2445 2459 2518 2551 2562 2589 2709 2713 2726 2760 2785 2793 2794 2822 2854 2859 2887 2896 2902 2933 2948 2978 2981 2984 2999
36 209 364 436 563 657 889 1035 1094 1214 1352 1402 1411 1422 1428 1432 1533 1801 1990 2182 2245 2246 2256 2282 2305 2319 2326 2388 2418 2451 2474 2523 2634 2806 2868 2960 2996 2998
24 92 182 222 261 514 518 689 794 944 951 1054 1096 1344 1367 1410 1474 1488 1705 1734 1786 1800 1811 1862 1876 2048 2089 2099 2141 2224 2359 2401 2490 2521 2633 2749 2757 2766 2786 2900 2910
5 55 104 226 252 429 475 733 799 902 932 1375 1590 1639 1838 1873 1923 2053 2064 2100 2294 2315 2323 2364 2455 2636 2725 2798 2976
204 391 434 441 517 538 759 834 918 1076 1182 1289 1472 1517 1525 2026
34 154 173 198 270 465 528 609 611 866 912 1067 1093 1119 1138 1224 1267 1319 1576 1653 1893 2014 2032 2180 2253 2259 2308 2309 2333 2337 2375 2410 2438 2516 2689 2747 2752 2765 2814 2846 2895
31 240 251 374 448 506 614 625 1021 1049 1068 1082 1230 1334 1404 1444 1708 2038 2193 2321 2387 2441 2452 2609 2671 2691 2777 2829 2861
162 340 359 570 706 732 841 868 873 881 931 975 1007 1212 1234 1251 1256 1307 1327 1401 1778 1861 1889 2093 2177 2184 2230 2395 2404 2417 2446 2497 2576 2578 2598 2664 2679 2686 2828 2929 2962 2989
14 86 137 179 183 228 260 268 284 315 337 361 498 793 815 822 835 837 884 904 956 985 990 1036 1075 1081 1127 1152 1213 1253 1295 1317 1337 1362 1373 1498 1591 1630 1695 1747 1750 1765 1951 1952 2080 2254 2264 2299 2389 2458 2470 2503 2579 2607 2622 2646 2727 2730 2739 2928 2951 2972
47 541 674 730 740 772 806 898 984 1538 1636 1776 1788 1964 1993 2046 2049 2147 2164 2248 2249 2353 2424 2493 2555 2612 2732 2755 2950
29 202 212 454 527 531 537 545 637 699 786 861 1227 1328 1347 1368 1456 1523 1712 1770 1878 1917 1992 2006 2143 2271 2491 2602 2772 2791
64 118 148 151 314 322 352 384 483 578 651 797 814 817 833 930 978 980 994 1053 1080 1135 1193 1195 1201 1217 1231 1346 1455 1547 1578 1627 1702 1721 1735 1745 1852 1875 1897 1906 1928 1998 2009 2021 2035 2095 2101 2123 2130 2181 2260 2274 2289 2293 2298 2341 2360 2480 2651 2660 2711 2753 2795 2810 2873 2876 2903 2942 2954 2964 2991
524 575 598 601 864 933 1052 1275 1425 1507 1671 1689 1698
15 56 98 288 665 747 830 983 996 1106 1226 1321 1609 1791 1918 2200
48 382 476 516 564 909 1123 1330 1475 1482
7 21 25 135 144 159 187 203 234 241 242 273 378 400 463 519 523 559 561 617 703 721 776 778 847 875 901 921 927 947 974 1000 1032 1122 1187 1215 1356 1418 1437 1453 1483 1492 1506 1534 1567 1597 1624 1659 1685 1707 1716 1718 1730 1758 1762 1865 1895 1955 1983 1986 2045 2047 2161 2190 2197 2242 2252 2261 2386 2416 2433 2436 2437 2482 2487 2517 2530 2632 2662 2680 2707 2717 2850 2858 2908 2926 2949 2980 2997
133 188 275 356 459 462 513 1252 1369 1557
157 250 280 474 558 734 765 865 879 907 992 1144 1467 1480 1593 1803 1805 1957 2186
41 83 85 149 163 248 301 316 358 403 409 469 471 505 569 588 603 621 633 648 675 728 735 762 788 867 870 938 1012 1084 1170 1174 1426 1504 1553 1617 1729 1774 1783 1816 1870 1950 1961 1997 2016 2030 2070 2102 2159 2168 2178 2220 2346 2435 2570 2571 2703 2741 2770 2834 2857 2883 2927
145 424 666 915 923 1062 1339 1796 1867 2005 2083 2087 2090 2121 2255 2288 2447 2449 2498 2511 2548 2624 2670 2672 2797 2844 2888 2932
63 333 395 486 701 749 1220 1281 1604 1618
178 263 345 350 473 504 608 761 946 1111 1121 1134 1141 1325 1439 1487 1555 1556 1615 1640 1676 1846 1958 1977 1988 2033 2037 2058 2116 2142 2174 2240 2334 2499 2574 2583 2585 2590 2678 2833
60 107 150 317 654 982 1263 1360 1575 1584 1693 1715 1888 1908 2057 2191
33 130 440 468 686 784 836 1194 1204 1366 1651 1732 1782 1887 2104 2111 2175 2352 2469 2506 2626 2663 2687 2824 2872 2907 2959
79 105 366 397 566 619 785 887 891 981 1078 1172 1211 1216 1329 1390 1393 1424 1429 1433 1445 1552 1558 1681 1809 1892 1903 2003 2011 2015 2145 2162 2206 2209 2228 2269 2476 2522 2547 2557 2582 2643 2702 2774 2935 2986 2987
94 663 858 997 1023 1139 1301 1326 1420 1537 1573 1742 1802 1806 1842 1956 2023 2131 2316 2429 2619 2623
18 27 156 269 274 294 344 428 431 458 594 729 767 777 780 913 936 988 1010 1058 1103 1137 1185 1243 1412 1513 1677 1711 1726 1863 1920 2044 2069 2078 2140 2165 2202 2250 2354 2397 2484 2515 2534 2640 2737 2805 2843 2848 2970
17 189 394 488 679 770 809 831 844 1389
208 326 388 419 456 466 655 664 1136 1269 1303 1406 1448 1499
49 70 109 120 129 155 451 548 695 722 775 813 949 971 1159 1177 1183 1246 1272 1417 1614 1625 1644 1686 1832 1874 1948 2322 2350 2366 2373 2558 2611 2618 2733 2792 2799 2831 2867 2875 2897 2940
13 69 223 227 328 334 348 413 418 421 472 489 492 499 510 512 533 565 731 750 819 976 986 1014 1033 1065 1158 1168 1205 1310 1419 1449 1484 1545 1580 1583 1588 1600 1621 1655 1692 1757 1766 1771 1798 1831 1894 1913 1945 1980 1984 2071 2118 2133 2136 2151 2232 2399 2427 2466 2535 2644 2647 2649 2677 2706 2716 2719 2742 2780 2842 2845 2851 2947 2982
370 652 916 942 977 1038 1072 1133 1202 1438 1696 1817 1954 2096 2128 2134 2291
140 180 739 773 919 1199 1462 1542 1579 1713 1722 1760
26 119 122 126 184 225 236 297 426 557 587 626 659 677 718 852 883 991 998 1088 1099 1150 1196 1235 1241 1247 1257 1270 1515 1632 1635 1684 1834 1857 1982 2063 2068 2211 2223 2251 2370 2434 2464 2537 2549 2588 2591 2744 2818 2925 2952 2990
11 89 515 948 972 1042 1113 1250 1382 1471 1753 1755
96 351 427 725 1255 1286 1522 1548 1687 1688 1699 1737
22 113 153 169 544 560 658 712 1087 1142 1164 1236 1238 1240 1274 1468 1657 1728 1843 1856 1937 1947 2119 2150 2278 2728 2809 2813
8 19 35 51 57 66 82 90 99 108 220 295 299 387 420 507 535 539 610 630 687 696 707 711 723 724 737 774 800 838 862 914 926 968 1001 1077 1097 1100 1110 1131 1298 1313 1343 1365 1376 1395 1403 1516 1544 1559 1564 1642 1697 1700 1701 1822 1824 1901 1912 1927 1932 1949 1965 1967 1975 2022 2041 2042 2061 2075 2079 2086 2088 2106 2199 2311 2329 2340 2362 2363 2396 2421 2428 2483 2524 2554 2567 2637 2694 2721 2738 2754 2804 2881 2890 2894 2919
30 103 143 230 339 375 425 487 497 501 574 605 634 693 713 736 741 769 829 843 1027 1031 1132 1245 1353 1381 1536 1587 1682 1763 1839 1859 1864 1911 2040 2107 2108 2169 2215 2237 2247 2317 2325 2413 2432 2500 2528 2575 2600 2627 2676 2688 2698 2819 2905 2924 2953 2967 2995
398 525 529 627 668 727 859 970 1086 1166 1171 1176 1200 1396 1476 1497 1603 1884 2059 2081 2098 2241 2310 2357 2378 2513 2759 2761 2840 2855 2871 2874 2893
117 353 406 520 607 812 1098 1124 1361 1611
110 160 457 495 937 989 1016 1070 1073 1540 1641
439 613 810 854 1002 1005 1051 1265 1807 1953 1978 2066 2076 2114 2163 2374 2419 2492 2512
101 262 435 644 743 872 973 1129 1222 1258 1691
0 32 54 114 211 258 265 341 455 481 494 530 599 691 839 1025 1143 1146 1149 1335 1463 1511 1613 1626 1637 1672 1703 1733 1761 1885 2004 2010 2122 2176 2332 2345 2347 2415 2460 2473 2477 2489 2502 2545 2593 2608 2657 2697 2825 2841 2866 2939
62 67 97 127 355 437 526 542 602 622 650 692 755 787 860 900 941 987 1117 1219 1262 1299 1315 1355 1377 1457 1477 1531 1560 1585 1658 1673 1709 1720 1795 1914 1943 1966 2007 2018 2043 2051 2074 2077 2085 2195 2266 2277 2285 2330 2382 2450 2472 2475 2631 2666 2745 2817 2837 2860 2870 2886 2957 2971 2977
71 74 116 264 452 582 857 922 1008 1020 1592 1833 1883
12 238 342 555 720 928 1130 1206 1209 1408 1451 1744 1851 1854 1890 2067 2158 2192 2201 2283 2297 2335 2486 2601 2751 2911 2915 2922
206 213 287 302 307 320 357 438 511 521 550 596 600 715 716 825 1048 1056 1287 1392 1407 1460 1526 1581 1643 1650 1690 1724 1930 1976 1981 1985 2019 2132 2173 2263 2270 2327 2377 2403 2425 2617 2712 2734 2748 2775 2847 2916 2992
201 485 500 801 808 924 1324 1338 1543 1607 1629 1662
312 407 667 925 993 1157 1384 1496 1628 1652 1661
205 371 380 386 929 1060 1218 1283 1336 1386 1409 1740 1748 1996 2001 2336 2342 2385 2431 2563 2692 2701
10 23 53 95 123 124 136 174 298 335 385 615 639 673 738 804 848 871 979 1089 1160 1165 1167 1249 1280 1372 1473 1539 1571 1602 1605 1616 1633 1645 1775 1823 1877 1934 1939 1970 2036 2084 2126 2127 2149 2152 2153 2166 2218 2236 2238 2307 2314 2406 2495 2538 2542 2546 2568 2572 2606 2614 2673 2684 2816 2852 2914 2931 2944
59 404 491 593 606 681 682 746 790 824 882 999 1173 1248 1345 1391 1485 1541 1931 1959 1960 2268 2286 2556 2685 2826 2901 2938
39 73 134 331 641 742 752 957 1063 1125 1188 1415 1869 1987
176 423 840 943 950 1184 1197 1223 1450 1469
52 194 207 210 214 235 255 276 286 343 363 381 432 442 449 453 684 705 744 805 853 886 888 892 905 917 963 1085 1114 1145 1181 1242 1394 1458 1501 1512 1568 1649 1670 1738 1756 1769 1814 1858 1860 1891 1905 1935 1972 2025 2050 2060 2115 2137 2148 2221 2284 2300 2320 2355 2393 2400 2411 2465 2496 2577 2599 2621 2629 2630 2650 2695 2708 2714 2740 2743 2781 2934 2973
338 446 477 540 656 756 876 896 1009 1178 1813 1944 1963 1989
170 219 470 583 620 623 642 643 816 1071 1162 1186 1233 1300 1332 1342 1459 1599 1612 1666 1704 1826 1830 1835 1940 2034 2213 2301 2379 2422 2584 2693 2782 2801 2930
16 61 76 80 87 121 158 166 181 186 216 246 318 325 347 369 372 408 422 444 445 447 573 581 616 672 676 903 1043 1128 1208 1278 1304 1436 1446 1464 1509 1647 1714 1752 1841 1845 1881 1915 1936 2008 2024 2055 2094 2179 2217 2243 2313 2448 2504 2525 2541 2592 2722 2729 2776 2803 2849 2853 2863 2913 2920 2946
3 168 185 197 215 229 232 233 266 279 313 493 532 547 552 584 714 758 760 803 823 855 899 952 964 1061 1161 1292 1316 1359 1551 1694 1754 1764 1804 1848 1866 1909 1921 1994 2110 2135 2257 2279 2348 2369 2405 2408 2409 2423 2454 2457 2462 2468 2536 2550 2565 2597 2620 2654 2705 2718 2800 2827 2918 2936 2963 2985 2994
40 102 177 192 300 362 478 496 508 543 586 595 635 850 939 953 1004 1046 1148 1179 1277 1296 1351 1431 1495 1631 1751 1777 1792 1819 1910 1973 2017 2028 2189 2210 2226 2231 2344 2376 2380 2440 2505 2509 2519 2559 2587 2779 2788 2807 2830 2885 2904 2993
2 78 247 354 376 377 443 628 662 688 719 945 961 1261 1311 1430 1435 1623 1741 1810 1849 2208 2507 2539 2610 2682 2683 2836 2864 2906 2965 2979
43 100 296 379 383 450 553 631 1079 1090 1108 1140 1156 1169 1279 1308 1370 1443 1554 1569 1619 1768 1916 2154 2225 2304 2356 2569 2667 2808 2912 2975
20 88 111 115 254 324 433 482 536 562 572 576 624 690 694 751 763 771 821 842 856 962 966 967 1074 1112 1192 1198 1203 1320 1331 1383 1427 1479 1489 1490 1494 1508 1566 1582 1589 1646 1654 1667 1773 1815 1818 1882 1896 1904 1942 1968 2105 2124 2219 2394 2414 2443 2471 2510 2603 2661 2668 2715 2789 2815 2832 2835 2865 2923 2943
75 171 231 237 271 336 365 396 549 629 698 704 708 748 826 885 955 965 1153 1207 1210 1221 1254 1259 1264 1273 1387 1414 1440 1454 1465 1486 1491 1520 1546 1565 1577 1664 1668 1731 1739 1772 1780 1812 1855 1879 2097 2146 2212 2222 2303 2328 2351 2412 2430 2444 2494 2501 2552 2595 2604 2605 2625 2645 2681 2696 2746 2756 2784 2869 2889 2892 2968 2969 2974
45 106 172 190 191 256 267 323 389 390 405 484 502 522 700 766 798 802 863 890 910 911 1018 1083 1102 1109 1260 1284 1340 1357 1380 1405 1421 1452 1519 1521 1561 1572 1574 1598 1610 1622 1634 1710 1790 1836 1844 1847 1868 1924 1926 2002 2020 2073 2092 2120 2125 2144 2172 2196 2262 2275 2312 2456 2463 2479 2485 2514 2520 2526 2532 2544 2560 2573 2594 2648 2699 2763 2767 2769 2783 2802 2839 2856 2882 2899
1 112 147 259 281 304 467 580 660 697 753 792 954 960 1147 1154 1285 1288 1293 1349 1524 1586 1648 1669 1678 1680 1736 1784 1871 1880 1899 1941 1999 2112 2117 2214 2227 2244 2343 2361 2372 2390 2402 2478 2481 2564 2615 2641 2653 2656 2669 2710 2731 2735 2768 2771 2773 2877 2878 2884 2945
42 218 253 292 303 640 783 807 869 1069 1115 1297 1302 1505 1518 1532 1595 1746 1886 2029 2039 2054 2207 2276 2281 2365 2581 2642 2674 2838 2862
4 93 311 329 399 411 551 832 1305 1374 1500
152 461 567 585 646 702 754 880 1229 1309 1413 1470 1502 1929
131 200 285 310 360 368 546 846 1163 1180 1350 1354 1379 1397 1493 1808 1902 1946 2052 2185 2306 2384 2508 2613 2700 2723 2880 2937
161 289 309 791 1003 1055 1276 1481 1570 1594
38 132 195 217 245 367 392 590 591 647 820 906 1013 1022 1024 1040 1041 1044 1064 1290 1363 1364 1378 1399 1434 1442 1510 1550 1674 1706 2139 2198 2383 2461 2596 2628 2639 2821 2961
293 305 849 874 920 995 1026 1091 1239 1294 1679 1820 1821 2129 2235 2267 2339 2391 2467 2533
9 327 373 464 592 745 828 1092 1175 1514
6 44 50 72 91 141 175 193 199 239 243 249 306 346 410 412 415 490 503 534 556 568 571 645 669 685 717 779 796 827 895 935 940 1047 1050 1126 1189 1237 1244 1306 1371 1400 1447 1466 1527 1563 1596 1620 1656 1781 1793 1825 1828 1900 1922 1971 2091 2113 2138 2155 2157 2160 2170 2183 2204 2229 2280 2290 2318 2331 2392 2420 2453 2488 2527 2561 2586 2635 2665 2675 2750 2758 2764 2787 2790 2811 2823 2879 2891 2921 2958 2983
58 125 146 612 811 1057 1116 1606 1717 1840 1850 1995 2031 2072 2156
142 167 224 244 479 653 678 959 1015 1030 1045 1059 1155 1191 1318 1398 1478 1663 1719 1767 1794 1827 1853 1962 1991 2065 2349 2367 2398 2566 2652 2659 2762 2778
68 221 283 349 402 1107 1232 1348 1416 1529 1608 1749 1797 1979 2013 2062 2103 2187 2302 2338 2381 2580 2690
37 196 290 401 414 579 671 709 818 897 1006 1037 1268 1271 1291 1601 1759 1974 2000 2012 2216 2292 2295 2358 2368 2529 2531 2553 2638 2655 2796 2941 2955 2956
