121 266 282 297 322 432 439 463 484 712 758 764 776 927 959 995 1040 1118 1314 1417 1514 1540 1608 1871 1990 2047 2071 2081 2210 2222 2235 2287 2371 2418 2445 2543 2617 2778 2811 2862 2917 2935 2981
143 378 1093 1270 1414 2311 2449 2461 2475 2716 2983
30 39 129 140 231 244 284 321 409 435 453 687 736 827 834 906 933 1035 1086 1147 1175 1177 1190 1262 1376 1447 1488 1493 1764 1822 1848 1861 1925 2050 2520 2583 2592 2611 2727 2770 2916
66 72 79 93 105 126 127 147 162 218 227 236 289 307 346 366 399 415 534 589 658 659 673 695 698 708 741 746 755 766 770 772 887 918 947 997 1030 1063 1150 1166 1250 1263 1276 1315 1328 1330 1381 1415 1557 1598 1631 1716 1773 1781 1793 1797 1803 1844 1855 1858 1932 1944 1968 1987 2006 2020 2022 2100 2117 2130 2196 2275 2312 2377 2388 2409 2422 2436 2437 2466 2470 2513 2558 2676 2678 2689 2771 2809 2878 2958 2967 2969 2971 2999
34 74 108 113 141 303 510 578 624 960 1039 1061 1062 1140 1144 1195 1332 1369 1453 1473 1550 1705 1707 1886 2061 2125 2155 2201 2209 2258 2263 2297 2322 2467 2548 2566 2995 2998
40 223 265 355 426 456 527 769 838 857 870 952 1096 1172 1268 1331 1394 1479 1510 1698 1718 1785 1866 1868 2010 2037 2149 2186 2227 2239 2365 2380 2519 2531 2569 2578 2610 2912 2944 2966 2972
283 299 406 515 638 725 774 880 1043 1056 1355 1495 1498 1789 1802 1914 2094 2185 2193 2267 2305 2345 2361 2452 2505 2722 2807 2865 2962
98 132 634 835 1106 1204 1469 1545 1689 1723 1930 1967 2254 2586 2721 2913
7 17 120 148 159 200 291 340 387 465 475 500 705 824 881 943 1032 1037 1123 1141 1156 1227 1322 1544 1579 1676 1833 1851 1993 2206 2314 2342 2525 2564 2660 2735 2754 2824 2854 2873 2922
37 211 466 561 576 606 625 684 820 853 949 984 1127 1468 1483 1679 1827 1939 1954 2041 2187 2307 2309 2343 2364 2435 2739 2822 2957
25 177 230 434 440 509 583 885 973 983 1027 1050 1257 1292 1300 1438 1456 1502 1904 1917 1934 1973 2074 2109 2135 2165 2184 2192 2247 2251 2308 2404 2406 2430 2620 2775 2776 2817 2907 2945 2948 2950
0 117 119 209 271 280 314 339 342 371 376 437 492 524 587 652 693 697 831 904 912 945 969 978 979 1135 1139 1194 1205 1256 1258 1291 1337 1351 1382 1507 1590 1603 1699 1733 1928 2097 2113 2148 2191 2298 2310 2363 2384 2442 2526 2552 2640 2698 2823 2838 2840 2846 2892 2927 2947 2986
31 52 81 87 219 251 447 936 1089 1178 1344 1440 1599 1628 1845 1873 1887 2000 2008 2064 2120 2240 2325 2419 2423 2496 2733 2740 2961
136 262 414 424 487 521 530 707 792 854 873 946 987 1131 1224 1286 1531 1614 1626 1658 1798 1981 1999 2143 2492 2498 2594 2869 2921 2934
5 9 13 41 67 75 99 160 311 337 338 359 381 476 536 549 565 618 660 900 917 1029 1052 1057 1098 1112 1160 1220 1323 1327 1347 1387 1400 1411 1464 1484 1525 1553 1630 1635 1646 1692 1721 1767 1771 1790 1800 1867 1901 1992 2083 2084 2087 2103 2179 2211 2256 2270 2284 2497 2518 2555 2622 2642 2649 2694 2711 2736 2853 2894 2984
73 82 400 533 598 919 1009 1073 1535 1853 2046 2085 2903
174 248 264 274 298 451 728 962 1532 2294 2360 2477 2726 2756 2816 2833
327 703 803 1567 1622 2175 2283 2306 2432 2920
32 47 49 109 114 123 191 313 316 331 332 482 496 508 544 605 623 665 690 716 757 795 821 929 932 950 1022 1028 1053 1077 1095 1125 1134 1162 1248 1251 1302 1437 1445 1482 1523 1539 1541 1549 1637 1673 1734 1784 1787 1810 1847 1892 2023 2033 2035 2065 2127 2156 2208 2244 2286 2291 2295 2300 2352 2397 2410 2473 2535 2573 2577 2647 2651 2669 2692 2708 2719 2787 2821 2832 2847 2882 2896 2897 2904 2914 2936 2953 2997
188 329 442 446 837 879 1491 1896 2158 2759
20 198 504 768 891 894 938 951 1228 1307 1443 1463 1467 1644 1671 1969 2658 2874 2975
48 50 64 84 195 278 343 377 390 457 493 494 548 653 657 689 752 863 948 964 966 1017 1036 1042 1054 1161 1234 1273 1316 1326 1435 1548 1588 1645 1651 1725 1728 1740 1750 1754 1811 1882 1890 1899 1909 1941 2106 2114 2139 2161 2223 2248 2296 2479 2542 2562 2638 2662 2690 2696 2819 2884 2931
83 352 362 473 520 594 674 709 826 862 965 1067 1179 1571 1634 1650 2016 2067 2112 2141 2157 2401 2459 2533 2545 2720 2772 2937
680 702 1008 1025 1060 1181 2018 2076 2134 2943
10 71 333 360 382 502 575 621 685 897 1064 1099 1149 1223 1229 1242 1436 1485 1515 1597 1619 1623 1652 1684 1703 1711 1729 1746 1749 1779 2147 2150 2188 2199 2344 2348 2350 2645 2760 2836
139 183 221 250 302 404 557 719 1068 1130 1627 2153 2253 2318 2684 2686
100 112 122 240 468 485 762 840 1074 1087 1157 1321 1368 1420 1670 1677 1737 1950 2001 2073 2212 2385 2468 2663 2680 2718 2841
22 69 228 296 328 361 417 449 467 528 614 632 692 788 883 892 916 1026 1159 1284 1313 1386 1390 1426 1639 1775 1816 1820 1854 1977 2012 2086 2145 2162 2233 2257 2374 2414 2474 2476 2490 2506 2554 2599 2606 2632 2659
161 301 458 718 1055 1216 1582 1683 1834 1881 1964 2028 2029 2107 2115 2160 2207 2245 2353 2394 2456 2845
28 85 286 459 501 830 920 928 958 1010 1081 1122 1129 1213 1274 1352 1471 1487 1489 1560 1578 1580 1661 1708 1726 1783 1940 1971 2095 2108 2126 2146 2176 2178 2276 2354 2379 2386 2424 2462 2507 2546 2749 2777 2860 2867 2886 2930 2985
559 610 664 816 836 1401 1455 1832 2152 2767
182 295 357 804 850 1108 1397 1569 1667 1770 2261 2288 2378 2804
29 190 277 347 455 595 608 729 839 1109 1113 1163 1168 1186 1206 1209 1373 1713 1732 1739 1852 1979 1991 2026 2154 2181 2195 2339 2351 2517 2538 2541 2597 2608 2630 2661 2815 2843 2850 2864 2876 2978
53 153 180 201 246 255 351 368 385 398 425 518 563 573 591 626 642 679 722 724 739 767 810 814 815 878 922 1006 1088 1103 1104 1111 1121 1237 1247 1283 1285 1312 1318 1339 1396 1416 1427 1446 1462 1508 1554 1609 1742 1894 1924 1958 1966 2040 2090 2124 2221 2237 2265 2390 2400 2524 2590 2602 2644 2670 2753 2761 2769 2785 2786 2830 2918 2933 2939
272 276 375 798 886 1120 1222 1254 1399 1607 1663 1804 1846 2019 2574 2908 2996
317 430 748 1094 1158 1480 1672 1857 1862 2537 2910 2926
27 106 164 205 235 256 270 287 525 577 579 668 744 785 829 856 901 975 1116 1236 1267 1279 1281 1379 1465 1618 1657 2003 2005 2051 2070 2102 2104 2121 2250 2329 2335 2359 2403 2408 2446 2451 2478 2572 2646 2795 2859 2866 2889 2893 2974 2988
292 293 401 486 704 761 1346 1513 1997 2469 2584 2970
35 58 470 516 538 558 721 745 961 1666 1796 2014
8 213 254 421 555 564 570 780 871 1005 1210 1290 1370 1375 1425 1439 1470 1501 1518 1612 2045 2163 2268 2391 2448 2457 2636 2852
24 33 42 62 65 103 134 185 199 207 229 263 273 397 408 411 429 490 491 542 572 641 646 858 890 970 1002 1004 1012 1019 1024 1066 1069 1083 1138 1143 1152 1185 1189 1199 1203 1245 1259 1272 1288 1391 1406 1409 1441 1458 1475 1601 1625 1633 1640 1655 1659 1674 1755 1799 1885 1903 1994 2036 2039 2049 2098 2116 2140 2236 2241 2279 2280 2285 2299 2324 2396 2415 2433 2454 2508 2561 2575 2633 2635 2682 2697 2704 2715 2746 2774 2829 2834 2868 2871 2881 2924
3 19 146 150 247 257 318 348 350 353 358 392 438 506 631 639 726 754 784 806 819 868 882 1041 1217 1342 1371 1423 1451 1592 1641 1695 1772 1788 1795 1801 1869 1906 1951 2063 2264 2332 2336 2346 2368 2392 2504 2536 2563 2565 2639 2667 2703 2728 2729 2748 2755 2973 2994
156 171 242 379 394 403 488 541 828 1092 1119 1165 1180 1269 1275 1305 1340 1434 1506 1669 1710 1719 1780 1825 1921 2004 2088 2238 2262 2427 2438 2618 2783
60 196 1182 1191 1521 1835 2032 2304 2857 2955
305 781 1097 1230 1398 1678 2031 2481 2551 2741 2879
158 175 187 304 315 503 627 678 778 811 1023 1591 1660 1751 2495 2503 2588 2791 2885
43 54 461 615 733 1524 1577 1583 2614 2674 2714
4 11 55 92 95 138 197 233 234 481 593 643 734 763 855 942 967 1171 1201 1249 1253 1297 1333 1338 1477 1509 1562 1573 1589 1602 1680 1700 1715 1763 1777 1778 1786 1808 1843 1957 1961 2082 2171 2340 2399 2641 2688 2699 2766 2798 2870 2929
124 217 220 225 275 288 336 365 374 452 498 519 637 682 713 750 923 926 971 1114 1133 1187 1214 1226 1233 1246 1280 1325 1384 1546 1551 1593 1656 1682 1717 1743 1860 1910 1929 1952 2027 2030 2066 2131 2132 2136 2289 2338 2362 2398 2416 2426 2480 2501 2539 2604 2650 2700 2784 2818 2844 2877 2905 2932 2977
26 224 261 363 611 1424 1433 1738 2333 2425 2463 2485 2713
1 94 130 208 232 300 507 586 759 765 802 872 914 976 1232 1448 1517 1629 1632 1647 1949 2077 2282 2511 2831 2835 2911 2968
63 173 186 367 393 419 441 480 532 588 592 609 677 683 706 740 910 994 1170 1212 1277 1309 1383 1419 1605 1621 1664 1697 1706 1745 1782 1824 1842 1902 1926 1947 1974 2021 2323 2450 2527 2529 2691 2779 2793 2806 2915 2964 2990
111 237 259 822 1014 1100 1358 1360 1472 1648 2737 2895
57 193 661 1059 1831 1900 2429 2762 2856 2938 2991
6 344 402 832 833 847 875 974 1132 1461 1935 2183 2200 2293 2370 2549 2598 2613 2619 2627 2679 2887
45 51 151 166 189 215 285 364 505 511 512 523 580 616 622 648 743 777 874 888 893 902 940 980 1076 1167 1266 1306 1354 1431 1538 1547 1585 1606 1668 1714 1730 1774 1821 1829 1830 1840 1865 1891 1895 1938 1943 1959 1978 2042 2122 2129 2215 2271 2281 2303 2358 2372 2387 2395 2417 2421 2443 2444 2509 2628 2665 2671 2837
12 102 497 529 582 619 667 843 877 953 1038 1082 1176 1496 1537 1542 1563 1575 1694 1877 1908 1984 2038 2376 2810 2872 2919 2946
312 469 472 1198 1494 1529 1556 1922 1955 2189 2471 2654 2800 2858
513 656 691 905 1794 2075 2213 2217 2547 2826
125 157 170 172 267 279 330 349 422 478 539 568 585 672 730 747 809 812 818 861 944 1000 1148 1169 1197 1200 1207 1218 1293 1304 1320 1329 1343 1345 1348 1392 1405 1429 1543 1616 1731 1747 1758 1769 1819 1850 1856 1915 1933 1963 1970 2072 2105 2166 2168 2169 2173 2203 2232 2326 2327 2334 2366 2389 2407 2412 2522 2589 2600 2601 2612 2621 2624 2732 2734 2768 2839 2902 2940
144 636 934 1235 1422 1497 1727 1972 2123 2277 2693 2723 2963 2979
152 169 241 309 345 433 448 601 699 732 775 1020 1046 1225 1287 1295 1324 1418 1481 1522 1564 1620 1665 1776 1863 1907 2096 2202 2292 2460 2484 2707 2814 2900 2942
2 59 80 203 204 323 354 396 405 413 540 556 612 662 669 742 751 760 796 797 844 1075 1079 1107 1208 1241 1278 1363 1366 1377 1380 1452 1570 1584 1642 1685 1687 1696 1766 1826 1841 1849 1897 1945 1980 2034 2052 2053 2216 2225 2319 2413 2428 2458 2465 2489 2512 2523 2595 2657 2709 2730 2757 2763 2812 2825 2855 2960
14 15 133 155 253 383 428 445 460 464 535 603 607 688 715 773 799 805 907 931 1001 1003 1085 1101 1231 1264 1378 1395 1413 1430 1454 1558 1586 1595 1702 1744 1748 1809 1823 1872 1911 1913 1918 2057 2062 2133 2142 2177 2182 2260 2266 2290 2559 2571 2585 2603 2605 2656 2717 2744 2765 2789 2794 2842 2851 2909 2923 2928 2993
38 77 107 115 184 252 320 356 372 418 444 474 479 569 574 647 681 738 756 779 783 789 817 972 1065 1071 1128 1146 1188 1193 1202 1261 1308 1459 1552 1565 1596 1610 1638 1649 1701 1720 1735 1768 1883 2007 2056 2101 2228 2402 2695 2701 2827 2992
56 268 554 620 825 848 864 865 889 896 937 985 1018 1084 1091 1374 1636 1761 1880 2092 2198 2355 2367 2532 2637 2664 2675 2681 2799 2883 2898 2952
86 91 181 537 694 749 895 899 981 998 1299 1301 1389 1404 1691 1805 1875 1937 1965 2055 2079 2218 2273 2278 2375 2440 2615 2653 2725 2899 2941 2987
70 78 149 154 165 178 245 384 388 420 436 450 483 489 514 522 552 597 613 629 640 649 710 714 737 782 898 903 921 1090 1151 1153 1211 1219 1265 1271 1296 1335 1365 1372 1403 1492 1499 1511 1568 1574 1756 1817 1884 1888 1920 2011 2144 2205 2214 2230 2246 2347 2381 2472 2502 2515 2534 2553 2631 2705 2738 2891 2949 2951 2959
23 46 88 110 192 210 216 226 243 281 310 335 407 462 495 545 571 630 654 731 787 800 869 957 991 1047 1058 1072 1142 1298 1319 1528 1536 1572 1653 1681 1686 1688 1741 1765 1807 1864 1874 1923 1946 1996 2044 2048 2089 2093 2118 2128 2180 2243 2255 2272 2328 2349 2382 2411 2455 2514 2544 2570 2582 2609 2634 2677 2712 2758 2792 2813 2820 2849 2965
21 90 96 116 212 222 290 294 308 326 373 391 395 454 651 655 701 791 813 846 851 876 884 911 913 954 956 1016 1031 1048 1174 1184 1192 1221 1238 1239 1317 1353 1388 1432 1486 1516 1527 1624 1654 1806 1812 1870 1879 1916 1953 1960 1975 1989 2009 2059 2119 2137 2151 2164 2170 2172 2190 2204 2220 2320 2321 2330 2434 2453 2482 2488 2499 2516 2579 2616 2643 2666 2706 2731 2742 2797 2808 2906 2954 2989
76 101 145 163 176 260 319 369 370 543 546 551 584 590 596 617 801 808 924 935 941 986 1115 1117 1137 1154 1289 1334 1362 1457 1474 1504 1566 1709 1760 1813 1814 1815 1837 1838 1859 1876 1889 1983 1985 1995 2025 2068 2269 2383 2510 2521 2580 2591 2596 2626 2652 2687 2702 2875 2976
89 135 167 386 431 547 550 663 859 999 1007 1015 1105 1361 1367 1526 1594 1615 1757 1936 2054 2167 2219 2331 2341 2369 2447 2494 2576 2587 2673
771 860 1357 1530 1555 1617 1818 2091 2252 2567 2625
61 179 711 866 982 1359 1408 1724 2080 2111 2486 2530 2556 2863
97 238 334 553 600 915 955 993 1034 1078 1196 1303 1450 1604 1712 1828 1836 1839 1898 1956 2483 2724 2743 2752 2780 2790 2801 2890
44 644 723 909 1407 1704 1986 2316 2710 2751
325 410 560 675 686 696 867 925 963 968 977 1013 1124 1240 1282 1336 1402 1410 1449 1478 1519 1752 1759 1962 2226 2229 2356 2439 2464 2487 2550 2668 2672 2750 2764 2781 2782 2901 2982
18 128 142 599 1045 1110 1356 1762 1912 1931 2043 2060 2224 2231 2301 2373 2500 2629 2683 2773
604 635 676 700 735 807 996 1136 2002 2259
68 104 118 214 249 269 341 380 389 416 423 427 526 531 566 628 645 666 670 671 717 727 786 790 794 823 842 845 849 930 939 990 992 1021 1033 1044 1070 1102 1126 1173 1183 1215 1243 1255 1260 1294 1311 1341 1349 1350 1364 1393 1421 1428 1476 1490 1505 1512 1533 1561 1576 1581 1600 1613 1690 1753 1942 1948 1976 1988 2013 2069 2099 2197 2249 2274 2302 2313 2315 2357 2405 2431 2493 2528 2540 2557 2568 2796 2802 2803 2880 2980
517 633 720 1155 1244 1310 1442 1791 1919 2015 2234 2242 2560 2788 2861
16 131 137 306 443 477 567 602 753 793 841 988 1049 1252 1385 1503 1520 1662 1792 1878 1893 1982 2024 2159 2317 2420 2607 2623 2648 2685 2747 2805 2848 2956
168 202 206 258 412 650 852 1051 1080 1444 1466 1611 1643 1722 1736 1905 1927 2110 2138 2593 2828 2888 2925
36 194 239 324 471 499 562 581 908 989 1011 1145 1164 1412 1460 1500 1534 1559 1587 1675 1693 1998 2017 2058 2078 2174 2194 2337 2393 2441 2491 2581 2655 2745
