7 74 109 167 193 267 309 315 362 458 605 732 760 878 908 1009 1070 1091 1250 1439 1446 1456 1500 1644 1676 1796 1845 1944 1958 2058 2151 2216 2224 2246 2281 2373 2420 2534 2545 2584 2813 2936 2981
455 532 1242 1375 1984 1988 2196 2463 2554 2589 2983
68 153 526 587 639 738 764 823 873 879 883 889 1179 1221 1227 1280 1297 1384 1386 1559 1663 1725 1844 1846 2014 2038 2052 2132 2267 2398 2404 2422 2437 2465 2550 2591 2594 2669 2691 2770 2788
1 69 95 140 144 245 260 261 283 412 489 502 521 535 577 653 675 687 702 709 727 772 775 792 794 798 830 849 851 884 885 888 931 1019 1031 1048 1049 1050 1074 1124 1248 1265 1284 1344 1417 1572 1584 1597 1598 1624 1633 1637 1645 1677 1686 1697 1713 1721 1762 1795 1855 1893 1895 1919 1946 1999 2026 2073 2122 2138 2161 2206 2212 2291 2310 2324 2346 2399 2443 2445 2451 2468 2612 2630 2667 2772 2863 2925 2947 2958 2967 2969 2971 2999
54 124 209 222 238 247 337 397 405 941 960 983 1011 1060 1066 1126 1139 1198 1288 1371 1475 1512 1564 1758 2108 2157 2191 2200 2214 2236 2260 2412 2436 2497 2757 2865 2995 2998
4 213 252 382 505 551 627 628 725 804 805 859 981 1099 1123 1144 1307 1450 1496 1680 1766 1823 1900 1956 2057 2149 2227 2329 2355 2382 2521 2624 2658 2697 2711 2742 2858 2913 2945 2966 2972
42 263 350 586 818 821 840 926 1128 1181 1200 1292 1464 1671 1698 1792 1850 2001 2021 2302 2424 2454 2474 2479 2511 2724 2809 2866 2962
50 266 1087 1251 1295 1369 1691 1960 2135 2228 2299 2362 2600 2723 2771 2933
202 233 311 508 515 558 603 644 701 704 860 904 919 969 1043 1094 1122 1191 1266 1367 1546 1594 1611 1614 1641 1657 1784 1791 2070 2123 2164 2193 2320 2344 2392 2566 2568 2640 2815 2853 2923
36 118 430 438 561 563 618 676 684 745 790 906 1453 1681 1682 1829 1941 1962 2072 2084 2205 2208 2253 2336 2375 2419 2486 2529 2957
19 55 151 185 321 373 435 481 536 665 695 797 862 870 1025 1068 1182 1208 1303 1336 1440 1509 1604 1728 1750 1760 1794 1906 2137 2167 2168 2186 2296 2563 2571 2733 2759 2795 2802 2823 2931 2949
28 211 257 349 375 461 573 612 696 706 721 728 771 902 914 947 950 978 1004 1072 1193 1210 1275 1312 1365 1376 1415 1448 1520 1592 1625 1626 1701 1733 1741 1803 1849 2037 2051 2133 2233 2264 2277 2326 2386 2397 2442 2448 2449 2478 2514 2528 2620 2730 2781 2822 2840 2893 2895 2928 2948 2986
80 86 129 142 154 180 199 358 413 496 593 615 822 1174 1220 1254 1346 1515 1688 1802 1875 1889 2002 2010 2179 2425 2560 2793 2961
117 145 155 342 646 779 783 856 1133 1330 1364 1370 1385 1387 1627 1832 1847 1936 2092 2183 2217 2387 2585 2785 2796 2803 2850 2870 2922 2935
13 58 71 107 175 281 336 339 340 346 447 501 513 679 803 829 850 880 992 1111 1157 1213 1218 1243 1257 1313 1320 1327 1337 1349 1395 1402 1404 1466 1519 1555 1714 1720 1834 1887 1901 1922 1926 2059 2077 2088 2099 2105 2126 2159 2182 2194 2202 2221 2257 2258 2307 2327 2408 2470 2477 2520 2531 2546 2686 2701 2713 2758 2826 2918 2984
75 191 274 777 869 1006 1075 1092 1679 1861 2087 2249 2542
226 453 610 1051 1153 1160 1793 1874 2248 2472 2536 2641 2668 2728 2818 2835
554 1149 1225 1261 1412 1437 1708 2098 2434 2921
103 128 134 189 205 215 244 277 285 310 316 318 331 394 440 463 470 474 549 567 590 621 629 649 742 759 765 886 933 948 977 1093 1155 1156 1176 1199 1239 1333 1377 1398 1419 1473 1543 1568 1609 1628 1654 1678 1684 1705 1751 1815 1858 1869 1923 1934 1997 2204 2230 2234 2288 2364 2379 2537 2538 2579 2597 2607 2608 2609 2634 2648 2649 2663 2671 2674 2676 2705 2710 2734 2800 2834 2849 2883 2905 2915 2950 2954 2997
26 307 444 788 900 1841 2053 2160 2174 2799
133 163 497 611 819 949 1055 1230 1308 1553 1579 1581 1722 2020 2169 2664 2875 2885 2975
27 83 89 98 139 159 206 322 368 415 441 559 570 637 677 685 718 780 799 817 844 867 920 954 956 993 1034 1056 1058 1081 1164 1252 1253 1328 1647 1689 1695 1730 1778 1808 1840 1882 1888 1894 1903 1904 1943 2069 2116 2141 2177 2185 2225 2226 2274 2301 2368 2564 2570 2573 2632 2821 2898
345 353 390 426 433 519 614 616 657 682 863 984 1095 1180 1262 1342 1488 1530 1876 1955 2019 2286 2372 2403 2544 2604 2904 2911
137 170 204 681 806 985 1027 1030 1059 1190
190 284 296 334 351 391 402 442 525 595 632 712 785 891 1000 1029 1145 1244 1341 1468 1478 1497 1525 1587 1696 1738 1830 1831 1892 2243 2256 2265 2385 2458 2493 2567 2590 2595 2629 2806
323 365 370 383 1405 1516 1693 1835 2255 2312 2319 2389 2622 2682 2712 2842
104 173 335 399 465 648 1158 1168 1224 1258 1452 1839 1865 1871 1924 1952 2032 2075 2127 2438 2460 2523 2665 2675 2725 2738 2843
64 91 148 198 306 312 361 371 420 500 711 715 812 813 848 875 924 955 961 1008 1231 1232 1388 1399 1422 1433 1658 1669 1777 1862 2012 2024 2117 2238 2342 2349 2376 2430 2469 2476 2485 2508 2509 2662 2673 2761 2857
39 93 457 475 478 642 643 846 1136 1186 1368 1476 1489 1674 1685 1805 1985 2045 2574 2720 2767 2847
48 70 197 250 512 608 633 658 724 915 944 990 1052 1064 1121 1132 1276 1353 1378 1490 1492 1521 1541 1547 1575 1580 1583 1653 1668 1735 1756 1785 1983 2028 2049 2110 2147 2162 2189 2223 2247 2278 2464 2588 2601 2727 2731 2887 2985
313 694 837 1063 1457 1582 2023 2708 2769 2927
243 357 1204 1207 1390 1571 1910 2136 2222 2263 2270 2290 2450 2882
3 428 437 448 490 553 781 882 925 939 1015 1028 1047 1089 1090 1162 1325 1734 1761 1787 1938 1948 2046 2055 2063 2065 2097 2156 2197 2251 2332 2348 2414 2459 2517 2626 2817 2845 2852 2877 2908 2978
31 72 87 99 194 203 224 291 297 352 364 483 486 569 574 589 598 651 698 755 757 826 839 892 912 968 972 988 1003 1017 1040 1062 1080 1113 1203 1249 1269 1314 1316 1329 1331 1441 1548 1556 1673 1710 1772 1884 1913 1914 1932 1992 2104 2155 2201 2252 2275 2306 2337 2351 2352 2353 2456 2457 2494 2501 2510 2646 2735 2763 2777 2846 2899 2919 2940
229 240 255 304 419 581 872 876 1021 1114 1806 2067 2576 2756 2805 2831 2996
77 1324 1356 1357 1397 1431 1859 2029 2203 2220 2539 2621
65 92 125 135 177 294 330 439 528 580 617 714 748 852 896 935 975 979 980 1038 1166 1298 1389 1403 1467 1527 1540 1599 1660 1744 1853 1864 2007 2085 2086 2154 2178 2269 2338 2363 2369 2522 2559 2577 2613 2645 2790 2797 2829 2894 2974 2988
201 223 594 606 1178 1348 1856 1982 2377 2556 2586 2970
488 723 1310 1577 1616 1763 1782 1838 2016 2343 2681 2693
0 298 320 547 557 674 1007 1036 1067 1110 1112 1159 1424 1451 1503 1554 1566 1607 1950 1976 2091 2118 2130 2284 2333 2638 2854 2891
14 100 172 183 184 188 227 269 292 303 325 366 409 416 477 504 506 509 635 661 669 683 722 909 964 1014 1024 1083 1097 1105 1135 1141 1151 1161 1187 1197 1201 1296 1347 1393 1443 1524 1532 1650 1664 1687 1717 1724 1727 1749 1767 1769 1827 1854 1909 1917 1935 1940 1975 1980 1996 2100 2115 2131 2145 2165 2171 2180 2192 2219 2241 2287 2354 2381 2411 2417 2423 2432 2435 2504 2635 2678 2699 2716 2717 2740 2750 2764 2776 2782 2836 2851 2855 2869 2872 2897 2938
2 11 29 43 60 235 293 329 333 359 377 516 523 545 602 622 625 670 693 716 756 922 928 938 962 1032 1082 1115 1116 1234 1259 1309 1326 1426 1458 1477 1522 1768 1790 1912 1925 1937 1953 2050 2054 2134 2152 2158 2237 2259 2394 2395 2651 2680 2698 2719 2830 2973 2994
237 241 423 492 564 640 652 740 1104 1125 1167 1184 1194 1219 1222 1423 1510 1605 1631 1754 1872 1905 2005 2095 2242 2268 2393 2440 2525 2611 2861 2932 2946
161 609 1042 1192 1916 2163 2283 2311 2685 2779
35 686 1277 1596 1918 2409 2415 2527 2553 2743 2907
25 207 529 613 664 833 861 937 1134 1737 1753 1771 2304 2490 2505 2587 2709 2886 2889
108 445 507 533 739 894 1542 1742 1818 2040 2654
56 97 217 256 414 469 510 511 543 578 663 690 705 763 825 865 959 995 1010 1016 1054 1084 1211 1287 1335 1425 1460 1481 1533 1534 1545 1552 1723 1779 1780 1788 1828 1866 1891 1907 1981 2013 2039 2128 2173 2218 2232 2401 2610 2752 2810 2930
8 24 84 90 138 141 149 156 196 282 290 295 305 324 348 369 534 599 654 747 754 778 943 1012 1189 1205 1216 1391 1401 1411 1444 1539 1550 1570 1591 1595 1745 1759 1807 1954 1964 2031 2062 2068 2148 2153 2181 2250 2266 2322 2340 2503 2541 2642 2652 2700 2744 2783 2820 2868 2878 2880 2906 2942 2977
49 210 220 393 524 746 855 1304 1590 1824 2103 2335 2690
112 249 262 280 286 354 692 734 982 1154 1169 1171 1272 1442 1632 1665 1743 1799 1822 2060 2261 2289 2513 2751 2833 2837 2856 2968
63 219 275 300 378 425 464 499 636 667 689 707 708 934 942 965 1069 1117 1142 1215 1223 1317 1318 1445 1470 1479 1486 1528 1620 1666 1949 2166 2282 2292 2316 2325 2446 2452 2462 2512 2602 2637 2639 2721 2739 2808 2814 2964 2990
232 713 824 986 1362 1474 1601 1712 2022 2643 2706 2765
105 287 363 752 1108 1285 1662 2121 2370 2939 2991
9 18 52 212 234 434 604 769 877 911 989 1101 1137 1260 1267 1270 1498 1514 1897 2439 2551 2888
59 147 157 179 181 182 239 332 374 396 401 518 560 592 607 620 624 703 719 736 766 770 774 827 831 864 940 976 1061 1077 1078 1120 1173 1206 1214 1237 1293 1366 1380 1394 1461 1485 1613 1643 1646 1867 1868 1879 1957 1991 2044 2106 2124 2143 2150 2254 2272 2273 2305 2360 2366 2390 2507 2540 2575 2583 2644 2773 2839
343 376 462 527 680 720 753 789 874 901 1002 1039 1045 1278 1428 1438 1499 1557 1731 1748 1930 2350 2506 2565 2749 2873 2910 2920
38 82 572 750 786 881 1400 1531 1707 1764 2101 2473 2656 2860
22 276 308 538 907 2078 2211 2215 2549 2828
10 15 32 76 81 216 299 344 347 436 471 546 662 700 717 762 814 816 828 836 843 897 946 987 994 998 1053 1140 1143 1177 1209 1217 1255 1321 1334 1338 1345 1392 1416 1447 1482 1517 1573 1585 1629 1642 1690 1719 1775 1896 1933 1939 1959 1965 1968 1990 1995 2009 2017 2036 2056 2071 2090 2170 2175 2176 2300 2328 2378 2475 2533 2592 2627 2704 2736 2789 2903 2941 2952
530 729 737 1107 1729 1899 1974 2125 2695 2812 2824 2900 2963 2979
41 78 126 218 251 443 517 537 555 582 923 930 971 1041 1240 1319 1359 1413 1414 1529 1560 1667 1711 1860 1898 1951 2004 2093 2109 2235 2429 2555 2816 2874 2934
6 150 221 268 302 317 356 424 431 487 576 585 596 619 647 650 672 691 699 801 811 868 898 910 966 973 1035 1046 1246 1281 1315 1372 1381 1436 1465 1472 1612 1615 1683 1857 1911 1920 1947 1969 1978 2080 2107 2146 2207 2276 2321 2334 2357 2365 2444 2461 2491 2530 2548 2762 2780 2827 2867 2881 2909 2944 2951 2960
37 73 114 116 166 178 253 265 279 400 408 446 450 452 454 472 485 514 584 631 800 853 921 945 1001 1005 1013 1085 1147 1195 1294 1379 1418 1561 1589 1651 1659 1672 1726 1811 1890 1915 2003 2027 2184 2210 2245 2271 2313 2367 2388 2400 2418 2428 2471 2489 2495 2535 2557 2605 2636 2659 2737 2768 2791 2896 2924 2929 2993
23 34 66 85 102 115 123 164 186 301 327 392 459 473 482 568 579 731 743 744 796 834 857 929 957 970 974 1020 1096 1098 1146 1282 1454 1480 1484 1508 1586 1602 1718 1755 1773 1961 1986 2033 2102 2144 2195 2482 2562 2569 2628 2657 2787 2992
67 236 484 556 671 810 953 1022 1044 1286 1302 1323 1699 1880 1886 2079 2094 2114 2280 2318 2391 2543 2598 2625 2683 2692 2746 2786 2794 2801 2884 2917
119 143 187 338 597 630 751 905 997 999 1406 1455 1487 1563 1600 1603 1652 1704 1786 2172 2190 2380 2481 2483 2614 2655 2748 2825 2879 2890 2902 2987
17 88 96 106 162 176 214 228 258 272 360 367 387 491 498 531 540 666 673 730 782 808 841 895 918 1106 1236 1273 1407 1435 1449 1463 1501 1504 1576 1588 1639 1649 1757 1774 1798 1804 1817 1848 1927 1931 1967 2018 2047 2076 2089 2112 2120 2187 2383 2402 2433 2455 2515 2547 2617 2633 2689 2694 2702 2741 2747 2838 2892 2914 2959
21 288 379 380 406 411 449 479 565 591 626 656 776 787 791 802 893 932 967 1076 1079 1109 1127 1247 1256 1271 1299 1300 1306 1373 1429 1432 1462 1469 1491 1495 1538 1593 1636 1648 1675 1702 1709 1746 1797 1812 1826 1852 1863 1877 1963 1979 1998 2042 2081 2142 2330 2374 2384 2413 2431 2466 2480 2498 2516 2619 2631 2661 2679 2760 2862 2871 2876 2953 2965
45 51 110 131 132 230 248 289 341 385 386 418 421 456 494 548 710 741 749 795 815 842 845 903 913 916 991 996 1033 1037 1057 1088 1129 1170 1188 1196 1212 1226 1241 1274 1305 1332 1355 1383 1434 1493 1511 1523 1537 1544 1562 1574 1617 1638 1656 1747 1776 1789 1813 1814 1881 1929 1977 1987 2008 2025 2140 2213 2293 2294 2295 2323 2484 2492 2518 2526 2558 2581 2618 2672 2755 2784 2864 2916 2943 2989
5 46 53 121 152 160 165 242 278 395 404 427 468 503 566 645 735 758 809 866 927 936 951 963 1119 1235 1263 1350 1374 1396 1420 1483 1494 1506 1551 1558 1569 1621 1740 1770 1781 1809 1816 1851 1878 1966 1973 2006 2082 2229 2262 2303 2361 2427 2500 2582 2593 2714 2819 2955 2976
16 57 158 271 314 388 417 432 562 600 634 858 871 958 1071 1100 1130 1513 1535 1661 1736 1752 2285 2298 2371 2447 2496 2596 2715 2774 2859
544 726 1202 1471 1619 1640 2519 2524 2599 2606 2745
20 146 200 372 623 668 838 1361 2061 2096 2113 2416 2532 2677
192 319 460 480 761 767 917 1018 1228 1264 1268 1291 1311 1322 1549 1623 1825 1908 2119 2561 2578 2616 2653 2707 2722 2726 2754 2792
1118 1409 1622 1655 1692 1706 2034 2410 2426 2753
44 79 127 195 231 259 571 820 847 899 1103 1172 1283 1340 1354 1382 1507 1618 1694 1716 1765 1821 1945 1971 2030 2041 2129 2231 2358 2441 2603 2647 2670 2703 2718 2766 2778 2832 2982
47 451 542 601 638 890 1165 1358 1363 1567 1610 1836 1870 1902 1994 2341 2552 2572 2775 2844
61 552 835 1339 1430 1526 1606 1608 1819 1972
12 30 62 111 120 130 168 169 171 174 225 264 328 355 381 384 389 403 407 410 422 466 476 495 522 539 541 588 659 688 697 773 807 832 1023 1086 1102 1152 1185 1238 1245 1289 1343 1351 1352 1408 1518 1565 1578 1630 1700 1732 1783 1820 1843 1928 1942 1970 1993 2000 2011 2015 2035 2048 2066 2083 2139 2199 2209 2239 2240 2297 2317 2331 2345 2347 2359 2405 2407 2421 2467 2487 2502 2615 2623 2650 2729 2798 2804 2912 2937 2980
101 113 254 575 887 1065 1131 1233 1290 1427 1703 1921 2244 2396 2901
40 270 273 326 493 641 660 678 854 1150 1175 1279 1360 1505 1634 1635 1801 1810 1833 1837 1873 2043 2188 2198 2309 2315 2356 2499 2580 2684 2687 2807 2811 2956
94 122 208 398 550 583 733 793 1073 1163 1301 1421 1670 1800 1885 2064 2111 2279 2453 2660 2696 2848 2926
33 136 246 429 467 520 655 768 784 952 1026 1138 1148 1183 1229 1410 1459 1502 1536 1715 1739 1842 1883 1989 2074 2308 2314 2339 2406 2488 2666 2688 2732 2841
