0 28
1 72
2 27
3 37
4 64
5 37
6 11
7 84
8 39
9 84
10 65
11 48
12 54
13 2
14 59
15 70
16 26
17 65
18 3
19 75
20 31
21 82
22 16
23 42
24 69
25 45
26 77
27 24
28 23
29 63
30 69
31 19
32 68
33 29
34 37
35 31
36 26
37 51
38 69
39 60
40 66
41 42
42 73
43 16
44 17
45 45
46 63
47 36
48 16
49 69
50 19
51 45
52 5
53 58
54 67
55 17
56 57
57 12
58 9
59 37
60 46
61 28
62 62
63 75
64 12
65 22
66 51
67 37
68 11
69 25
70 40
71 37
72 70
73 19
74 64
75 41
76 5
77 8
78 6
79 15
80 11
81 79
82 15
83 13
84 17
85 82
86 43
87 70
88 4
89 23
90 4
91 61
92 1
93 52
94 49
95 68
96 34
97 19
98 3
99 12
100 69
101 14
102 72
103 68
104 28
105 38
106 2
107 25
108 56
109 3
110 12
111 82
112 49
113 53
114 74
115 48
116 41
117 22
118 40
119 46
120 22
121 22
122 47
123 64
124 65
125 55
126 60
127 50
128 17
129 1
130 80
131 60
132 12
133 52
134 49
135 22
136 56
137 55
138 4
139 22
140 70
141 13
142 46
143 52
144 38
145 56
146 41
147 3
148 45
149 44
150 33
151 72
152 12
153 18
154 81
155 32
156 25
157 77
158 8
159 32
160 80
161 48
162 1
163 3
164 16
165 57
166 26
167 5
168 28
169 5
170 56
171 22
172 43
173 40
174 63
175 30
176 12
177 71
178 82
179 72
180 1
181 23
182 29
183 67
184 4
185 6
186 19
187 1
188 64
189 43
190 82
191 29
192 63
193 25
194 44
195 63
196 75
197 12
198 47
199 49
200 34
201 77
202 6
203 30
204 64
205 16
206 63
207 1
208 76
209 18
210 25
211 83
212 80
213 8
214 68
215 68
216 62
217 20
218 70
219 16
220 60
221 17
222 54
223 11
224 41
225 83
226 19
227 58
228 36
229 16
230 80
231 80
232 82
233 19
234 49
235 75
236 37
237 47
238 4
239 64
240 10
241 76
242 44
243 58
244 37
245 15
246 31
247 18
248 25
249 49
250 25
251 13
252 61
253 4
254 80
255 24
256 12
257 48
258 70
259 9
260 56
261 13
262 31
263 69
264 45
265 60
266 1
267 73
268 7
269 55
270 22
271 20
272 28
273 78
274 77
275 60
276 12
277 45
278 52
279 70
280 12
281 74
282 34
283 15
284 14
285 74
286 31
287 60
288 1
289 42
290 43
291 83
292 50
293 45
294 73
295 8
296 36
297 33
298 71
299 8
300 30
301 64
302 7
303 64
304 49
305 60
306 16
307 52
308 54
309 23
310 68
311 46
312 64
313 2
314 19
315 27
316 43
317 34
318 52
319 74
320 60
321 78
322 38
323 9
324 18
325 59
326 36
327 63
328 11
329 2
330 68
331 27
332 14
333 24
334 36
335 27
336 3
337 79
338 16
339 70
340 49
341 31
342 71
343 39
344 60
345 3
346 12
347 38
348 64
349 41
350 63
351 39
352 19
353 82
354 53
355 4
356 70
357 56
358 80
359 58
360 22
361 49
362 52
363 40
364 10
365 22
366 19
367 69
368 64
369 60
370 27
371 78
372 84
373 22
374 43
375 7
376 19
377 47
378 64
379 56
380 37
381 41
382 82
383 62
384 68
385 47
386 22
387 4
388 1
389 4
390 83
391 76
392 37
393 9
394 40
395 71
396 46
397 20
398 20
399 48
400 66
401 80
402 13
403 5
404 19
405 4
406 22
407 73
408 51
409 65
410 75
411 69
412 23
413 34
414 54
415 40
416 60
417 59
418 50
419 39
420 39
421 25
422 18
423 63
424 70
425 41
426 43
427 32
428 15
429 68
430 7
431 30
432 34
433 62
434 38
435 2
436 75
437 22
438 49
439 42
440 7
441 67
442 66
443 4
444 7
445 25
446 11
447 82
448 35
449 59
450 19
451 19
452 61
453 14
454 64
455 63
456 62
457 45
458 63
459 66
460 47
461 37
462 25
463 51
464 34
465 79
466 25
467 34
468 14
469 82
470 62
471 65
472 47
473 37
474 39
475 35
476 33
477 30
478 51
479 10
480 8
481 80
482 65
483 17
484 12
485 71
486 56
487 57
488 34
489 35
490 33
491 49
492 64
493 7
494 80
495 18
496 70
497 44
498 4
499 1
500 13
501 60
502 55
503 4
504 80
505 69
506 37
507 62
508 57
509 33
510 60
511 39
512 30
513 64
514 64
515 42
516 59
517 5
518 63
519 54
520 77
521 42
522 41
523 16
524 50
525 77
526 43
527 4
528 4
529 3
530 48
531 53
532 1
533 65
534 7
535 75
536 3
537 34
538 68
539 11
540 77
541 12
542 64
543 54
544 1
545 69
546 59
547 13
548 59
549 63
550 11
551 65
552 4
553 82
554 55
555 72
556 56
557 42
558 60
559 23
560 65
561 3
562 19
563 22
564 48
565 1
566 9
567 68
568 74
569 42
570 23
571 80
572 34
573 60
574 80
575 15
576 74
577 60
578 41
579 41
580 24
581 22
582 68
583 82
584 8
585 72
586 66
587 49
588 56
589 38
590 11
591 14
592 32
593 18
594 82
595 5
596 67
597 82
598 59
599 6
600 35
601 32
602 19
603 15
604 78
605 12
606 24
607 47
608 69
609 83
610 50
611 28
612 65
613 19
614 74
615 41
616 59
617 82
618 77
619 81
620 48
621 35
622 5
623 53
624 7
625 58
626 64
627 12
628 39
629 34
630 12
631 53
632 25
633 27
634 56
635 50
636 49
637 26
638 34
639 60
640 35
641 9
642 43
643 58
644 4
645 21
646 70
647 34
648 42
649 33
650 56
651 48
652 39
653 70
654 60
655 80
656 77
657 84
658 36
659 41
660 19
661 53
662 67
663 67
664 36
665 30
666 81
667 37
668 10
669 30
670 17
671 36
672 41
673 29
674 83
675 69
676 22
677 3
678 69
679 57
680 63
681 11
682 35
683 54
684 68
685 69
686 61
687 70
688 8
689 15
690 80
691 27
692 28
693 84
694 15
695 70
696 28
697 48
698 13
699 75
700 40
701 21
702 76
703 73
704 44
705 56
706 78
707 3
708 13
709 23
710 65
711 4
712 13
713 15
714 81
715 26
716 5
717 49
718 23
719 69
720 46
721 69
722 27
723 49
724 68
725 61
726 64
727 70
728 84
729 61
730 58
731 48
732 49
733 14
734 41
735 60
736 10
737 11
738 8
739 79
740 9
741 35
742 79
743 51
744 77
745 82
746 10
747 73
748 1
749 6
750 32
751 53
752 78
753 80
754 76
755 2
756 73
757 34
758 6
759 21
760 66
761 42
762 52
763 63
764 9
765 24
766 7
767 52
768 54
769 75
770 44
771 3
772 29
773 84
774 62
775 51
776 42
777 2
778 78
779 64
780 9
781 22
782 41
783 69
784 71
785 81
786 32
787 78
788 6
789 14
790 20
791 13
792 30
793 2
794 15
795 82
796 43
797 19
798 12
799 43
800 1
801 15
802 9
803 74
804 83
805 6
806 81
807 41
808 40
809 38
810 65
811 71
812 21
813 45
814 4
815 80
816 74
817 53
818 33
819 30
820 21
821 70
822 34
823 80
824 84
825 83
826 79
827 35
828 81
829 4
830 75
831 60
832 56
833 4
834 74
835 41
836 6
837 60
838 62
839 47
840 21
841 68
842 20
843 58
844 7
845 66
846 57
847 43
848 60
849 27
850 24
851 41
852 66
853 30
854 48
855 70
856 50
857 40
858 27
859 4
860 64
861 66
862 26
863 38
864 40
865 70
866 31
867 68
868 19
869 33
870 20
871 61
872 48
873 60
874 19
875 3
876 15
877 46
878 41
879 15
880 73
881 31
882 17
883 27
884 67
885 4
886 76
887 9
888 18
889 49
890 19
891 29
892 30
893 1
894 41
895 59
896 37
897 24
898 76
899 42
900 6
901 41
902 26
903 61
904 51
905 10
906 40
907 49
908 62
909 56
910 60
911 77
912 4
913 33
914 31
915 70
916 29
917 79
918 74
919 77
920 48
921 68
922 78
923 4
924 30
925 54
926 64
927 9
928 54
929 22
930 71
931 68
932 28
933 52
934 27
935 9
936 28
937 48
938 41
939 32
940 39
941 82
942 82
943 13
944 15
945 11
946 67
947 69
948 53
949 71
950 56
951 66
952 56
953 3
954 24
955 19
956 67
957 26
958 22
959 34
960 2
961 12
962 34
963 47
964 7
965 8
966 40
967 34
968 20
969 60
970 25
971 1
972 19
973 65
974 64
975 5
976 12
977 74
978 11
979 56
980 80
981 9
982 70
983 33
984 56
985 25
986 34
987 21
988 14
989 28
990 10
991 29
992 49
993 6
994 8
995 30
996 10
997 63
998 61
999 6
1000 13
1001 8
1002 26
1003 1
1004 62
1005 15
1006 4
1007 77
1008 40
1009 76
1010 9
1011 24
1012 48
1013 13
1014 33
1015 80
1016 67
1017 10
1018 29
1019 78
1020 55
1021 33
1022 63
1023 42
1024 40
1025 18
1026 58
1027 6
1028 19
1029 39
1030 15
1031 11
1032 15
1033 51
1034 49
1035 70
1036 70
1037 81
1038 72
1039 19
1040 41
1041 70
1042 63
1043 5
1044 54
1045 65
1046 63
1047 72
1048 22
1049 5
1050 44
1051 38
1052 43
1053 75
1054 83
1055 1
1056 37
1057 68
1058 49
1059 32
1060 14
1061 40
1062 56
1063 34
1064 21
1065 18
1066 36
1067 41
1068 23
1069 11
1070 56
1071 63
1072 23
1073 56
1074 82
1075 42
1076 73
1077 79
1078 26
1079 42
1080 22
1081 80
1082 7
1083 21
1084 81
1085 42
1086 49
1087 73
1088 6
1089 80
1090 2
1091 21
1092 61
1093 55
1094 49
1095 65
1096 82
1097 16
1098 35
1099 42
1100 67
1101 19
1102 63
1103 64
1104 76
1105 3
1106 27
1107 41
1108 41
1109 1
1110 19
1111 75
1112 66
1113 63
1114 27
1115 71
1116 31
1117 41
1118 22
1119 68
1120 28
1121 29
1122 41
1123 17
1124 19
1125 78
1126 60
1127 27
1128 21
1129 80
1130 57
1131 20
1132 46
1133 61
1134 80
1135 3
1136 23
1137 83
1138 15
1139 42
1140 50
1141 26
1142 19
1143 34
1144 70
1145 5
1146 30
1147 44
1148 19
1149 69
1150 32
1151 63
1152 19
1153 36
1154 22
1155 80
1156 68
1157 65
1158 60
1159 67
1160 60
1161 63
1162 37
1163 38
1164 9
1165 38
1166 40
1167 63
1168 50
1169 35
1170 4
1171 64
1172 79
1173 34
1174 68
1175 69
1176 11
1177 29
1178 44
1179 1
1180 77
1181 16
1182 71
1183 48
1184 82
1185 78
1186 69
1187 77
1188 72
1189 10
1190 27
1191 28
1192 68
1193 34
1194 61
1195 62
1196 53
1197 15
1198 80
1199 47
1200 60
1201 20
1202 19
1203 46
1204 15
1205 50
1206 34
1207 49
1208 15
1209 72
1210 48
1211 77
1212 40
1213 12
1214 57
1215 1
1216 71
1217 63
1218 77
1219 44
1220 4
1221 6
1222 43
1223 64
1224 82
1225 43
1226 51
1227 80
1228 36
1229 6
1230 58
1231 79
1232 81
1233 70
1234 76
1235 62
1236 14
1237 56
1238 80
1239 64
1240 60
1241 6
1242 42
1243 42
1244 71
1245 56
1246 65
1247 5
1248 80
1249 19
1250 37
1251 69
1252 53
1253 63
1254 78
1255 33
1256 81
1257 3
1258 21
1259 29
1260 21
1261 71
1262 19
1263 32
1264 6
1265 17
1266 9
1267 56
1268 71
1269 55
1270 62
1271 22
1272 10
1273 23
1274 13
1275 41
1276 2
1277 70
1278 9
1279 41
1280 12
1281 52
1282 71
1283 41
1284 80
1285 45
1286 25
1287 41
1288 4
1289 66
1290 30
1291 28
1292 66
1293 73
1294 49
1295 13
1296 33
1297 32
1298 19
1299 4
1300 10
1301 80
1302 55
1303 46
1304 30
1305 5
1306 57
1307 28
1308 72
1309 14
1310 56
1311 69
1312 69
1313 60
1314 71
1315 9
1316 21
1317 15
1318 78
1319 71
1320 68
1321 71
1322 41
1323 80
1324 71
1325 3
1326 69
1327 60
1328 41
1329 83
1330 60
1331 4
1332 80
1333 55
1334 41
1335 38
1336 15
1337 69
1338 8
1339 4
1340 42
1341 75
1342 80
1343 7
1344 41
1345 48
1346 4
1347 8
1348 32
1349 34
1350 45
1351 67
1352 11
1353 36
1354 48
1355 84
1356 28
1357 23
1358 15
1359 65
1360 67
1361 19
1362 34
1363 4
1364 52
1365 41
1366 11
1367 5
1368 52
1369 69
1370 69
1371 84
1372 42
1373 84
1374 17
1375 9
1376 60
1377 72
1378 16
1379 52
1380 68
1381 68
1382 4
1383 60
1384 72
1385 60
1386 15
1387 10
1388 66
1389 33
1390 5
1391 32
1392 37
1393 70
1394 65
1395 50
1396 67
1397 34
1398 56
1399 56
1400 42
1401 25
1402 63
1403 63
1404 12
1405 58
1406 53
1407 70
1408 19
1409 68
1410 60
1411 84
1412 3
1413 69
1414 57
1415 69
1416 37
1417 22
1418 42
1419 42
1420 78
1421 41
1422 68
1423 19
1424 69
1425 64
1426 71
1427 34
1428 69
1429 50
1430 17
1431 34
1432 35
1433 22
1434 61
1435 35
1436 77
1437 63
1438 39
1439 80
1440 26
1441 15
1442 6
1443 5
1444 25
1445 12
1446 25
1447 19
1448 5
1449 30
1450 6
1451 12
1452 37
1453 81
1454 33
1455 12
1456 75
1457 15
1458 69
1459 23
1460 84
1461 14
1462 41
1463 26
1464 41
1465 1
1466 3
1467 5
1468 60
1469 63
1470 4
1471 48
1472 41
1473 70
1474 65
1475 84
1476 48
1477 14
1478 21
1479 57
1480 80
1481 41
1482 42
1483 46
1484 27
1485 37
1486 41
1487 72
1488 49
1489 11
1490 63
1491 28
1492 9
1493 48
1494 4
1495 64
1496 1
1497 48
1498 51
1499 80
1500 80
1501 68
1502 41
1503 41
1504 43
1505 50
1506 75
1507 14
1508 19
1509 14
1510 13
1511 46
1512 63
1513 9
1514 19
1515 34
1516 78
1517 64
1518 4
1519 57
1520 23
1521 83
1522 49
1523 4
1524 42
1525 37
1526 52
1527 60
1528 15
1529 80
1530 60
1531 80
1532 8
1533 43
1534 1
1535 41
1536 48
1537 71
1538 69
1539 4
1540 41
1541 26
1542 4
1543 40
1544 56
1545 30
1546 52
1547 74
1548 42
1549 72
1550 55
1551 17
1552 62
1553 17
1554 68
1555 11
1556 3
1557 29
1558 19
1559 75
1560 58
1561 41
1562 51
1563 60
1564 1
1565 34
1566 25
1567 81
1568 58
1569 71
1570 42
1571 40
1572 62
1573 42
1574 26
1575 74
1576 68
1577 19
1578 14
1579 61
1580 46
1581 9
1582 22
1583 56
1584 22
1585 4
1586 62
1587 42
1588 10
1589 11
1590 9
1591 62
1592 33
1593 42
1594 68
1595 12
1596 30
1597 27
1598 71
1599 21
1600 15
1601 52
1602 67
1603 67
1604 43
1605 81
1606 56
1607 33
1608 84
1609 49
1610 83
1611 13
1612 1
1613 60
1614 70
1615 71
1616 52
1617 19
1618 22
1619 58
1620 29
1621 17
1622 68
1623 83
1624 12
1625 57
1626 55
1627 15
1628 60
1629 27
1630 55
1631 4
1632 69
1633 60
1634 67
1635 80
1636 35
1637 23
1638 63
1639 66
1640 56
1641 42
1642 17
1643 1
1644 5
1645 68
1646 43
1647 23
1648 27
1649 27
1650 33
1651 65
1652 70
1653 29
1654 15
1655 81
1656 26
1657 63
1658 60
1659 68
1660 65
1661 42
1662 41
1663 63
1664 22
1665 27
1666 4
1667 52
1668 63
1669 68
1670 29
1671 19
1672 9
1673 37
1674 68
1675 33
1676 37
1677 11
1678 75
1679 80
1680 70
1681 37
1682 64
1683 56
1684 70
1685 77
1686 28
1687 14
1688 42
1689 12
1690 33
1691 69
1692 9
1693 41
1694 69
1695 11
1696 46
1697 65
1698 13
1699 37
1700 4
1701 71
1702 68
1703 22
1704 80
1705 28
1706 40
1707 52
1708 41
1709 43
1710 80
1711 63
1712 57
1713 62
1714 30
1715 80
1716 21
1717 42
1718 46
1719 30
1720 48
1721 55
1722 14
1723 13
1724 56
1725 12
1726 22
1727 84
1728 12
1729 69
1730 70
1731 56
1732 12
1733 10
1734 3
1735 23
1736 19
1737 12
1738 46
1739 4
1740 4
1741 71
1742 70
1743 12
1744 83
1745 48
1746 70
1747 60
1748 41
1749 34
1750 71
1751 12
1752 67
1753 42
1754 15
1755 8
1756 42
1757 70
1758 35
1759 55
1760 68
1761 70
1762 55
1763 4
1764 7
1765 4
1766 80
1767 60
1768 19
1769 80
1770 4
1771 65
1772 77
1773 28
1774 80
1775 41
1776 15
1777 4
1778 57
1779 69
1780 29
1781 60
1782 83
1783 55
1784 29
1785 68
1786 80
1787 10
1788 67
1789 57
1790 49
1791 34
1792 25
1793 64
1794 66
1795 22
1796 67
1797 69
1798 68
1799 6
1800 62
1801 56
1802 34
1803 10
1804 13
1805 70
1806 25
1807 70
1808 52
1809 9
1810 56
1811 29
1812 66
1813 41
1814 11
1815 51
1816 28
1817 80
1818 19
1819 80
1820 84
1821 71
1822 52
1823 43
1824 78
1825 35
1826 49
1827 60
1828 49
1829 1
1830 80
1831 33
1832 69
1833 60
1834 84
1835 10
1836 51
1837 75
1838 19
1839 35
1840 11
1841 75
1842 23
1843 30
1844 7
1845 37
1846 46
1847 42
1848 15
1849 28
1850 83
1851 7
1852 69
1853 23
1854 60
1855 22
1856 56
1857 6
1858 56
1859 9
1860 78
1861 33
1862 3
1863 43
1864 83
1865 46
1866 3
1867 40
1868 70
1869 15
1870 34
1871 34
1872 15
1873 72
1874 1
1875 48
1876 64
1877 29
1878 43
1879 3
1880 10
1881 60
1882 71
1883 57
1884 62
1885 56
1886 9
1887 62
1888 82
1889 28
1890 34
1891 77
1892 7
1893 51
1894 19
1895 30
1896 65
1897 42
1898 66
1899 77
1900 4
1901 11
1902 52
1903 30
1904 78
1905 68
1906 66
1907 4
1908 40
1909 60
1910 40
1911 19
1912 52
1913 22
1914 15
1915 3
1916 37
1917 6
1918 7
1919 4
1920 33
1921 75
1922 67
1923 49
1924 56
1925 5
1926 22
1927 51
1928 80
1929 77
1930 49
1931 84
1932 10
1933 15
1934 69
1935 71
1936 77
1937 52
1938 71
1939 34
1940 21
1941 19
1942 40
1943 66
1944 12
1945 9
1946 10
1947 43
1948 62
1949 4
1950 55
1951 3
1952 69
1953 84
1954 15
1955 19
1956 51
1957 27
1958 68
1959 52
1960 43
1961 70
1962 70
1963 6
1964 6
1965 82
1966 75
1967 60
1968 70
1969 7
1970 19
1971 13
1972 62
1973 60
1974 52
1975 57
1976 63
1977 75
1978 64
1979 70
1980 22
1981 12
1982 70
1983 4
1984 14
1985 60
1986 72
1987 33
1988 33
1989 56
1990 52
1991 70
1992 60
1993 65
1994 64
1995 33
1996 67
1997 64
1998 22
1999 71
2000 21
2001 7
2002 34
2003 3
2004 77
2005 56
2006 56
2007 46
2008 41
2009 34
2010 63
2011 65
2012 83
2013 60
2014 37
2015 49
2016 70
2017 71
2018 69
2019 49
2020 7
2021 15
2022 70
2023 60
2024 72
2025 56
2026 41
2027 71
2028 7
2029 19
2030 82
2031 64
2032 70
2033 57
2034 78
2035 62
2036 60
2037 11
2038 12
2039 41
2040 80
2041 34
2042 57
2043 84
2044 63
2045 67
2046 52
2047 15
2048 10
2049 69
2050 52
2051 80
2052 4
2053 14
2054 29
2055 72
2056 19
2057 71
2058 67
2059 68
2060 55
2061 69
2062 66
2063 22
2064 71
2065 68
2066 70
2067 6
2068 57
2069 49
2070 30
2071 56
2072 56
2073 63
2074 14
2075 82
2076 51
2077 80
2078 52
2079 1
2080 83
2081 19
2082 14
2083 49
2084 70
2085 19
2086 29
2087 69
2088 52
2089 34
2090 70
2091 22
2092 68
2093 56
2094 51
2095 19
2096 63
2097 60
2098 68
2099 33
2100 42
2101 64
2102 14
2103 11
2104 70
2105 13
2106 19
2107 1
2108 4
2109 34
2110 6
2111 42
2112 12
2113 12
2114 23
2115 1
2116 69
2117 25
2118 12
2119 48
2120 63
2121 68
2122 41
2123 22
2124 55
2125 65
2126 14
2127 65
2128 77
2129 72
2130 22
2131 13
2132 28
2133 37
2134 15
2135 41
2136 80
2137 30
2138 63
2139 65
2140 69
2141 41
2142 60
2143 41
2144 64
2145 25
2146 48
2147 4
2148 12
2149 12
2150 10
2151 13
2152 65
2153 56
2154 63
2155 70
2156 6
2157 77
2158 40
2159 70
2160 3
2161 41
2162 68
2163 77
2164 22
2165 70
2166 69
2167 72
2168 1
2169 37
2170 34
2171 19
2172 33
2173 30
2174 65
2175 6
2176 13
2177 83
2178 22
2179 42
2180 66
2181 52
2182 4
2183 83
2184 40
2185 9
2186 55
2187 64
2188 5
2189 34
2190 70
2191 63
2192 67
2193 5
2194 82
2195 28
2196 11
2197 72
2198 30
2199 3
2200 66
2201 25
2202 49
2203 19
2204 64
2205 62
2206 51
2207 12
2208 30
2209 55
2210 57
2211 48
2212 4
2213 41
2214 22
2215 15
2216 41
2217 56
2218 4
2219 63
2220 5
2221 60
2222 67
2223 41
2224 83
2225 64
2226 56
2227 71
2228 68
2229 80
2230 42
2231 28
2232 25
2233 25
2234 19
2235 57
2236 52
2237 48
2238 63
2239 30
2240 68
2241 80
2242 12
2243 4
2244 49
2245 41
2246 80
2247 63
2248 71
2249 51
2250 48
2251 41
2252 42
2253 57
2254 25
2255 77
2256 41
2257 56
2258 15
2259 15
2260 65
2261 80
2262 51
2263 14
2264 63
2265 84
2266 80
2267 34
2268 56
2269 64
2270 65
2271 25
2272 69
2273 70
2274 49
2275 37
2276 80
2277 4
2278 25
2279 77
2280 22
2281 4
2282 33
2283 65
2284 68
2285 28
2286 75
2287 40
2288 15
2289 37
2290 56
2291 56
2292 30
2293 4
2294 51
2295 65
2296 15
2297 48
2298 23
2299 75
2300 14
2301 25
2302 82
2303 15
2304 30
2305 25
2306 68
2307 4
2308 22
2309 77
2310 28
2311 23
2312 52
2313 12
2314 34
2315 72
2316 51
2317 10
2318 60
2319 63
2320 80
2321 4
2322 10
2323 48
2324 37
2325 5
2326 4
2327 15
2328 30
2329 70
2330 49
2331 68
2332 27
2333 19
2334 80
2335 12
2336 19
2337 1
2338 43
2339 30
2340 57
2341 68
2342 66
2343 6
2344 1
2345 63
2346 25
2347 6
2348 11
2349 34
2350 60
2351 41
2352 7
2353 70
2354 41
2355 3
2356 30
2357 42
2358 30
2359 63
2360 34
2361 72
2362 19
2363 37
2364 64
2365 49
2366 71
2367 19
2368 64
2369 49
2370 13
2371 41
2372 34
2373 71
2374 69
2375 69
2376 80
2377 51
2378 40
2379 15
2380 75
2381 4
2382 43
2383 37
2384 84
2385 68
2386 52
2387 15
2388 15
2389 49
2390 34
2391 71
2392 42
2393 15
2394 49
2395 72
2396 43
2397 4
2398 71
2399 63
2400 10
2401 37
2402 77
2403 56
2404 9
2405 49
2406 65
2407 11
2408 69
2409 66
2410 49
2411 22
2412 5
2413 65
2414 14
2415 65
2416 23
2417 25
2418 66
2419 60
2420 64
2421 65
2422 42
2423 7
2424 63
2425 33
2426 68
2427 41
2428 48
2429 15
2430 68
2431 12
2432 19
2433 30
2434 75
2435 80
2436 84
2437 49
2438 75
2439 68
2440 42
2441 25
2442 51
2443 68
2444 72
2445 5
2446 80
2447 41
2448 30
2449 71
2450 9
2451 80
2452 63
2453 80
2454 64
2455 49
2456 72
2457 25
2458 9
2459 71
2460 10
2461 49
2462 37
2463 72
2464 60
2465 30
2466 27
2467 1
2468 62
2469 4
2470 12
2471 33
2472 19
2473 49
2474 62
2475 23
2476 80
2477 15
2478 27
2479 82
2480 4
2481 41
2482 23
2483 48
2484 57
2485 67
2486 65
2487 57
2488 37
2489 41
2490 70
2491 69
2492 41
2493 71
2494 51
2495 82
2496 1
2497 64
2498 52
2499 69
2500 84
2501 13
2502 3
2503 65
2504 70
2505 15
2506 82
2507 28
2508 37
2509 68
2510 12
2511 33
2512 33
2513 72
2514 22
2515 23
2516 48
2517 34
2518 10
2519 69
2520 84
2521 27
2522 63
2523 41
2524 66
2525 64
2526 12
2527 25
2528 42
2529 7
2530 49
2531 13
2532 80
2533 51
2534 7
2535 71
2536 84
2537 22
2538 64
2539 41
2540 84
2541 34
2542 15
2543 52
2544 22
2545 65
2546 64
2547 65
2548 56
2549 60
2550 4
2551 19
2552 68
2553 77
2554 75
2555 77
2556 33
2557 34
2558 42
2559 64
2560 82
2561 5
2562 80
2563 65
2564 64
2565 22
2566 41
2567 49
2568 5
2569 65
2570 64
2571 71
2572 3
2573 7
2574 80
2575 67
2576 84
2577 80
2578 80
2579 60
2580 30
2581 57
2582 4
2583 34
2584 63
2585 68
2586 70
2587 28
2588 34
2589 9
2590 6
2591 15
2592 67
2593 80
2594 28
2595 80
2596 72
2597 25
2598 52
2599 3
2600 30
2601 69
2602 63
2603 84
2604 34
2605 84
2606 34
2607 12
2608 69
2609 62
2610 28
2611 28
2612 4
2613 34
2614 12
2615 42
2616 33
2617 4
2618 49
2619 11
2620 77
2621 14
2622 11
2623 34
2624 7
2625 9
2626 19
2627 34
2628 69
2629 15
2630 70
2631 33
2632 34
2633 48
2634 49
2635 28
2636 52
2637 6
2638 56
2639 72
2640 71
2641 41
2642 68
2643 80
2644 49
2645 65
2646 62
2647 80
2648 37
2649 42
2650 49
2651 19
2652 42
2653 56
2654 28
2655 64
2656 14
2657 69
2658 60
2659 37
2660 6
2661 22
2662 41
2663 33
2664 42
2665 69
2666 33
2667 28
2668 52
2669 9
2670 34
2671 22
2672 70
2673 43
2674 25
2675 52
2676 1
2677 3
2678 69
2679 67
2680 4
2681 80
2682 28
2683 66
2684 60
2685 19
2686 4
2687 28
2688 22
2689 43
2690 19
2691 41
2692 34
2693 1
2694 69
2695 41
2696 5
2697 84
2698 41
2699 11
2700 66
2701 80
2702 19
2703 77
2704 48
2705 25
2706 48
2707 43
2708 33
2709 4
2710 60
2711 11
2712 70
2713 3
2714 34
2715 43
2716 3
2717 30
2718 19
2719 48
2720 41
2721 49
2722 70
2723 80
2724 65
2725 80
2726 56
2727 41
2728 15
2729 56
2730 5
2731 12
2732 28
2733 71
2734 64
2735 6
2736 66
2737 56
2738 34
2739 19
2740 65
2741 12
2742 68
2743 11
2744 66
2745 41
2746 70
2747 67
2748 41
2749 68
2750 33
2751 41
2752 34
2753 41
2754 65
2755 41
2756 15
2757 71
2758 28
2759 69
2760 64
2761 63
2762 4
2763 62
2764 48
2765 52
2766 28
2767 70
2768 77
2769 19
2770 70
2771 49
2772 69
2773 30
2774 56
2775 37
2776 52
2777 70
2778 66
2779 4
2780 6
2781 60
2782 77
2783 49
2784 11
2785 37
2786 19
2787 80
2788 56
2789 1
2790 34
2791 12
2792 22
2793 48
2794 48
2795 9
2796 56
2797 70
2798 5
2799 64
2800 22
2801 43
2802 48
2803 68
2804 28
2805 71
2806 69
2807 3
2808 9
2809 37
2810 37
2811 48
2812 4
2813 4
2814 63
2815 84
2816 70
2817 82
2818 25
2819 64
2820 37
2821 42
2822 69
2823 12
2824 42
2825 15
2826 12
2827 19
2828 30
2829 71
2830 22
2831 49
2832 64
2833 56
2834 22
2835 65
2836 15
2837 71
2838 70
2839 70
2840 60
2841 70
2842 60
2843 65
2844 15
2845 69
2846 68
2847 70
2848 34
2849 37
2850 71
2851 22
2852 3
2853 60
2854 9
2855 12
2856 69
2857 49
2858 48
2859 71
2860 41
2861 5
2862 6
2863 30
2864 52
2865 60
2866 37
2867 22
2868 68
2869 69
2870 70
2871 34
2872 70
2873 9
2874 19
2875 15
2876 30
2877 70
2878 65
2879 4
2880 6
2881 64
2882 19
2883 4
2884 22
2885 62
2886 6
2887 41
2888 80
2889 4
2890 84
2891 28
2892 70
2893 28
2894 15
2895 68
2896 11
2897 64
2898 48
2899 63
2900 34
2901 11
2902 64
2903 4
2904 19
2905 49
2906 1
2907 41
2908 70
2909 69
2910 42
2911 63
2912 15
2913 5
2914 71
2915 62
2916 41
2917 63
2918 80
2919 6
2920 41
2921 62
2922 70
2923 19
2924 19
2925 33
2926 56
2927 1
2928 15
2929 49
2930 60
2931 34
2932 69
2933 80
2934 63
2935 52
2936 56
2937 30
2938 52
2939 30
2940 12
2941 48
2942 6
2943 71
2944 5
2945 48
2946 69
2947 71
2948 70
2949 56
2950 71
2951 71
2952 34
2953 11
2954 28
2955 12
2956 64
2957 19
2958 80
2959 4
2960 41
2961 80
2962 64
2963 62
2964 37
2965 11
2966 63
2967 12
2968 80
2969 4
2970 68
2971 63
2972 64
2973 48
2974 64
2975 4
2976 52
2977 15
2978 49
2979 77
2980 19
2981 4
2982 34
2983 80
2984 4
2985 64
2986 28
2987 28
2988 3
2989 11
2990 37
2991 15
2992 52
2993 65
2994 64
2995 42
2996 5
2997 19
2998 5
2999 4
