0 71
1 46
2 5
3 43
4 48
5 30
6 69
7 53
8 54
9 56
10 22
11 29
12 21
13 78
14 61
15 70
16 33
17 58
18 34
19 78
20 33
21 13
22 31
23 4
24 19
25 34
26 28
27 41
28 60
29 41
30 25
31 44
32 80
33 80
34 16
35 49
36 53
37 19
38 68
39 58
40 19
41 14
42 48
43 39
44 74
45 43
46 48
47 38
48 20
49 63
50 13
51 33
52 56
53 47
54 41
55 14
56 63
57 17
58 80
59 80
60 27
61 40
62 80
63 6
64 34
65 2
66 41
67 72
68 38
69 22
70 61
71 64
72 59
73 65
74 22
75 61
76 27
77 74
78 45
79 60
80 20
81 67
82 1
83 81
84 35
85 7
86 56
87 68
88 41
89 27
90 41
91 33
92 60
93 24
94 34
95 58
96 49
97 14
98 70
99 15
100 71
101 59
102 81
103 49
104 47
105 65
106 33
107 4
108 60
109 69
110 83
111 53
112 60
113 77
114 48
115 78
116 34
117 74
118 69
119 60
120 26
121 49
122 38
123 47
124 23
125 11
126 60
127 53
128 5
129 56
130 56
131 10
132 81
133 35
134 72
135 15
136 37
137 22
138 82
139 63
140 67
141 4
142 83
143 34
144 8
145 53
146 8
147 19
148 38
149 21
150 2
151 17
152 13
153 56
154 70
155 38
156 66
157 84
158 23
159 75
160 82
161 77
162 12
163 3
164 83
165 62
166 19
167 43
168 6
169 25
170 31
171 19
172 70
173 76
174 6
175 63
176 80
177 41
178 12
179 40
180 49
181 53
182 8
183 28
184 18
185 63
186 13
187 80
188 14
189 7
190 2
191 26
192 83
193 68
194 60
195 12
196 5
197 65
198 70
199 56
200 3
201 70
202 19
203 44
204 47
205 57
206 64
207 46
208 7
209 36
210 74
211 60
212 37
213 75
214 73
215 10
216 4
217 15
218 60
219 18
220 21
221 11
222 62
223 11
224 27
225 31
226 33
227 30
228 41
229 36
230 43
231 49
232 44
233 54
234 25
235 70
236 69
237 11
238 8
239 50
240 28
241 82
242 60
243 31
244 19
245 69
246 48
247 83
248 36
249 5
250 3
251 13
252 69
253 14
254 79
255 80
256 20
257 56
258 75
259 22
260 68
261 29
262 28
263 17
264 42
265 7
266 23
267 26
268 27
269 8
270 11
271 77
272 21
273 73
274 84
275 65
276 12
277 75
278 9
279 32
280 29
281 6
282 28
283 44
284 73
285 61
286 15
287 12
288 58
289 59
290 55
291 43
292 66
293 74
294 45
295 40
296 12
297 28
298 51
299 4
300 48
301 28
302 75
303 51
304 37
305 29
306 58
307 29
308 41
309 34
310 44
311 70
312 13
313 37
314 8
315 4
316 51
317 19
318 50
319 67
320 63
321 70
322 76
323 54
324 13
325 82
326 19
327 73
328 1
329 75
330 1
331 8
332 26
333 34
334 21
335 5
336 31
337 62
338 5
339 74
340 36
341 69
342 22
343 37
344 44
345 63
346 2
347 65
348 68
349 1
350 63
351 24
352 22
353 51
354 48
355 8
356 30
357 18
358 63
359 11
360 62
361 29
362 38
363 78
364 33
365 38
366 82
367 64
368 19
369 6
370 40
371 40
372 76
373 56
374 2
375 55
376 4
377 74
378 15
379 71
380 28
381 41
382 6
383 54
384 69
385 24
386 3
387 25
388 71
389 29
390 75
391 62
392 1
393 66
394 40
395 80
396 25
397 52
398 62
399 79
400 4
401 19
402 56
403 22
404 42
405 19
406 51
407 48
408 33
409 80
410 37
411 13
412 61
413 69
414 54
415 24
416 7
417 13
418 80
419 27
420 29
421 10
422 2
423 71
424 56
425 44
426 53
427 71
428 36
429 29
430 65
431 83
432 32
433 45
434 84
435 76
436 30
437 17
438 28
439 78
440 36
441 4
442 76
443 9
444 3
445 69
446 61
447 35
448 71
449 23
450 6
451 57
452 63
453 52
454 60
455 19
456 42
457 52
458 32
459 34
460 68
461 56
462 60
463 11
464 57
465 53
466 16
467 52
468 31
469 45
470 64
471 11
472 49
473 46
474 77
475 67
476 35
477 47
478 8
479 25
480 16
481 37
482 70
483 26
484 46
485 9
486 27
487 70
488 76
489 20
490 35
491 65
492 19
493 49
494 73
495 39
496 82
497 3
498 62
499 49
500 15
501 83
502 82
503 65
504 63
505 39
506 34
507 5
508 4
509 32
510 14
511 27
512 16
513 18
514 65
515 33
516 70
517 77
518 38
519 79
520 62
521 72
522 13
523 73
524 80
525 69
526 60
527 60
528 21
529 42
530 60
531 1
532 29
533 44
534 1
535 56
536 79
537 35
538 41
539 1
540 13
541 22
542 34
543 12
544 64
545 75
546 18
547 14
548 12
549 32
550 80
551 30
552 12
553 26
554 9
555 84
556 37
557 80
558 30
559 79
560 41
561 62
562 6
563 4
564 28
565 57
566 63
567 21
568 70
569 43
570 63
571 24
572 47
573 45
574 8
575 79
576 34
577 19
578 41
579 56
580 38
581 41
582 29
583 53
584 5
585 70
586 68
587 40
588 45
589 50
590 77
591 52
592 10
593 61
594 80
595 47
596 28
597 31
598 69
599 60
600 56
601 9
602 68
603 56
604 77
605 4
606 50
607 76
608 10
609 61
610 19
611 70
612 16
613 33
614 24
615 55
616 41
617 60
618 61
619 51
620 66
621 16
622 77
623 82
624 70
625 3
626 34
627 64
628 40
629 70
630 12
631 34
632 9
633 56
634 17
635 56
636 25
637 64
638 54
639 20
640 72
641 21
642 42
643 57
644 71
645 49
646 40
647 69
648 4
649 6
650 28
651 15
652 41
653 51
654 44
655 63
656 47
657 50
658 79
659 60
660 9
661 41
662 37
663 63
664 47
665 4
666 11
667 15
668 49
669 64
670 34
671 56
672 68
673 1
674 33
675 84
676 69
677 49
678 9
679 81
680 17
681 21
682 15
683 42
684 40
685 34
686 48
687 81
688 12
689 37
690 26
691 58
692 43
693 78
694 80
695 14
696 63
697 73
698 17
699 83
700 17
701 35
702 29
703 28
704 22
705 17
706 11
707 82
708 39
709 4
710 10
711 8
712 72
713 10
714 42
715 42
716 59
717 5
718 34
719 70
720 79
721 15
722 74
723 12
724 26
725 41
726 84
727 58
728 34
729 16
730 32
731 41
732 78
733 73
734 79
735 42
736 58
737 20
738 46
739 28
740 43
741 48
742 56
743 49
744 6
745 12
746 14
747 22
748 15
749 66
750 10
751 12
752 15
753 41
754 39
755 9
756 55
757 41
758 32
759 81
760 58
761 45
762 58
763 78
764 62
765 3
766 63
767 14
768 64
769 64
770 55
771 69
772 19
773 8
774 48
775 81
776 23
777 63
778 80
779 14
780 7
781 64
782 31
783 37
784 69
785 77
786 78
787 42
788 63
789 74
790 64
791 69
792 60
793 28
794 52
795 64
796 72
797 39
798 4
799 56
800 40
801 39
802 80
803 64
804 59
805 11
806 67
807 59
808 19
809 7
810 23
811 68
812 1
813 30
814 11
815 34
816 79
817 80
818 33
819 61
820 4
821 69
822 83
823 82
824 43
825 69
826 1
827 27
828 67
829 82
830 52
831 14
832 42
833 15
834 21
835 7
836 48
837 50
838 74
839 35
840 3
841 33
842 22
843 39
844 38
845 22
846 30
847 82
848 10
849 65
850 72
851 19
852 70
853 49
854 11
855 64
856 70
857 66
858 41
859 12
860 59
861 4
862 27
863 7
864 56
865 14
866 39
867 16
868 26
869 46
870 64
871 55
872 73
873 83
874 82
875 76
876 43
877 72
878 77
879 54
880 19
881 19
882 34
883 18
884 68
885 36
886 56
887 63
888 15
889 8
890 49
891 71
892 80
893 13
894 8
895 15
896 27
897 59
898 84
899 80
900 83
901 61
902 49
903 58
904 50
905 65
906 7
907 2
908 76
909 61
910 51
911 30
912 80
913 34
914 25
915 9
916 56
917 63
918 70
919 70
920 4
921 6
922 66
923 35
924 68
925 80
926 45
927 40
928 39
929 28
930 52
931 24
932 10
933 41
934 59
935 26
936 65
937 41
938 55
939 44
940 51
941 76
942 46
943 61
944 67
945 22
946 77
947 19
948 5
949 12
950 37
951 55
952 10
953 68
954 12
955 80
956 27
957 81
958 7
959 12
960 75
961 54
962 70
963 80
964 9
965 64
966 28
967 48
968 2
969 74
970 11
971 1
972 41
973 23
974 75
975 51
976 17
977 15
978 16
979 26
980 9
981 72
982 81
983 43
984 40
985 71
986 43
987 52
988 69
989 81
990 83
991 27
992 20
993 73
994 21
995 15
996 22
997 16
998 82
999 55
1000 35
1001 40
1002 40
1003 20
1004 23
1005 19
1006 3
1007 33
1008 24
1009 22
1010 67
1011 2
1012 74
1013 65
1014 48
1015 69
1016 29
1017 63
1018 3
1019 37
1020 15
1021 42
1022 72
1023 50
1024 32
1025 64
1026 68
1027 60
1028 4
1029 50
1030 9
1031 32
1032 35
1033 3
1034 13
1035 18
1036 83
1037 29
1038 25
1039 21
1040 62
1041 83
1042 34
1043 21
1044 22
1045 56
1046 14
1047 19
1048 33
1049 49
1050 57
1051 28
1052 77
1053 56
1054 6
1055 48
1056 22
1057 7
1058 80
1059 23
1060 67
1061 18
1062 13
1063 23
1064 26
1065 84
1066 68
1067 36
1068 56
1069 10
1070 4
1071 24
1072 59
1073 52
1074 31
1075 31
1076 1
1077 40
1078 41
1079 62
1080 74
1081 54
1082 52
1083 40
1084 5
1085 45
1086 62
1087 48
1088 63
1089 18
1090 20
1091 64
1092 52
1093 33
1094 3
1095 53
1096 15
1097 72
1098 25
1099 63
1100 33
1101 15
1102 63
1103 3
1104 23
1105 49
1106 35
1107 60
1108 24
1109 18
1110 68
1111 60
1112 42
1113 37
1114 30
1115 10
1116 49
1117 20
1118 34
1119 54
1120 36
1121 66
1122 38
1123 35
1124 4
1125 25
1126 72
1127 19
1128 30
1129 68
1130 12
1131 41
1132 34
1133 3
1134 36
1135 40
1136 40
1137 75
1138 62
1139 55
1140 36
1141 2
1142 78
1143 48
1144 33
1145 39
1146 47
1147 3
1148 56
1149 12
1150 14
1151 52
1152 14
1153 4
1154 52
1155 16
1156 45
1157 49
1158 71
1159 43
1160 80
1161 16
1162 70
1163 41
1164 60
1165 49
1166 80
1167 71
1168 53
1169 42
1170 28
1171 66
1172 2
1173 62
1174 70
1175 53
1176 70
1177 71
1178 7
1179 40
1180 6
1181 22
1182 30
1183 34
1184 38
1185 14
1186 33
1187 84
1188 21
1189 51
1190 6
1191 57
1192 65
1193 17
1194 67
1195 28
1196 55
1197 5
1198 46
1199 63
1200 66
1201 55
1202 7
1203 4
1204 64
1205 14
1206 47
1207 68
1208 78
1209 70
1210 54
1211 45
1212 71
1213 41
1214 62
1215 11
1216 49
1217 65
1218 14
1219 28
1220 22
1221 25
1222 17
1223 26
1224 77
1225 68
1226 63
1227 11
1228 15
1229 83
1230 42
1231 5
1232 27
1233 10
1234 50
1235 73
1236 55
1237 13
1238 41
1239 33
1240 49
1241 37
1242 30
1243 50
1244 50
1245 39
1246 23
1247 60
1248 84
1249 1
1250 63
1251 32
1252 66
1253 15
1254 66
1255 62
1256 30
1257 32
1258 10
1259 67
1260 35
1261 27
1262 71
1263 55
1264 7
1265 1
1266 68
1267 1
1268 12
1269 28
1270 83
1271 13
1272 9
1273 84
1274 7
1275 40
1276 10
1277 69
1278 51
1279 32
1280 4
1281 34
1282 60
1283 83
1284 71
1285 46
1286 19
1287 60
1288 81
1289 21
1290 80
1291 48
1292 30
1293 82
1294 67
1295 35
1296 68
1297 34
1298 5
1299 81
1300 22
1301 29
1302 77
1303 56
1304 49
1305 36
1306 3
1307 65
1308 4
1309 16
1310 37
1311 17
1312 71
1313 41
1314 70
1315 80
1316 75
1317 12
1318 6
1319 6
1320 4
1321 63
1322 68
1323 12
1324 63
1325 78
1326 67
1327 65
1328 51
1329 70
1330 63
1331 75
1332 32
1333 46
1334 50
1335 22
1336 71
1337 19
1338 78
1339 55
1340 80
1341 52
1342 81
1343 62
1344 43
1345 37
1346 23
1347 33
1348 4
1349 68
1350 9
1351 78
1352 80
1353 12
1354 21
1355 58
1356 15
1357 37
1358 1
1359 27
1360 13
1361 1
1362 48
1363 58
1364 82
1365 68
1366 5
1367 6
1368 70
1369 78
1370 41
1371 11
1372 68
1373 64
1374 78
1375 9
1376 57
1377 15
1378 25
1379 71
1380 66
1381 41
1382 22
1383 75
1384 75
1385 63
1386 60
1387 17
1388 56
1389 57
1390 63
1391 1
1392 81
1393 41
1394 19
1395 13
1396 22
1397 12
1398 5
1399 67
1400 9
1401 6
1402 52
1403 68
1404 29
1405 43
1406 49
1407 83
1408 61
1409 37
1410 4
1411 60
1412 14
1413 49
1414 21
1415 11
1416 72
1417 66
1418 49
1419 34
1420 72
1421 4
1422 21
1423 4
1424 41
1425 55
1426 71
1427 32
1428 77
1429 11
1430 8
1431 15
1432 41
1433 60
1434 49
1435 1
1436 58
1437 41
1438 23
1439 33
1440 15
1441 48
1442 42
1443 80
1444 67
1445 66
1446 9
1447 60
1448 37
1449 60
1450 37
1451 56
1452 75
1453 80
1454 28
1455 81
1456 33
1457 57
1458 41
1459 64
1460 65
1461 82
1462 57
1463 68
1464 51
1465 40
1466 42
1467 5
1468 74
1469 51
1470 29
1471 19
1472 52
1473 48
1474 9
1475 42
1476 33
1477 71
1478 83
1479 30
1480 84
1481 69
1482 70
1483 25
1484 12
1485 25
1486 75
1487 15
1488 19
1489 57
1490 48
1491 62
1492 37
1493 7
1494 4
1495 12
1496 51
1497 26
1498 12
1499 22
1500 69
1501 28
1502 60
1503 46
1504 41
1505 30
1506 64
1507 1
1508 13
1509 69
1510 43
1511 56
1512 49
1513 71
1514 3
1515 27
1516 52
1517 65
1518 72
1519 8
1520 29
1521 80
1522 37
1523 70
1524 22
1525 70
1526 37
1527 69
1528 23
1529 64
1530 26
1531 80
1532 28
1533 13
1534 25
1535 17
1536 14
1537 41
1538 46
1539 29
1540 3
1541 72
1542 41
1543 71
1544 19
1545 43
1546 65
1547 4
1548 25
1549 75
1550 57
1551 55
1552 65
1553 17
1554 77
1555 15
1556 67
1557 37
1558 4
1559 80
1560 22
1561 33
1562 77
1563 69
1564 35
1565 3
1566 66
1567 57
1568 10
1569 80
1570 63
1571 10
1572 1
1573 55
1574 66
1575 33
1576 75
1577 22
1578 15
1579 46
1580 22
1581 49
1582 68
1583 25
1584 41
1585 75
1586 4
1587 70
1588 78
1589 70
1590 70
1591 56
1592 12
1593 65
1594 5
1595 9
1596 15
1597 66
1598 28
1599 68
1600 33
1601 48
1602 68
1603 55
1604 60
1605 48
1606 72
1607 63
1608 35
1609 4
1610 14
1611 3
1612 63
1613 80
1614 37
1615 5
1616 80
1617 34
1618 19
1619 23
1620 63
1621 56
1622 37
1623 64
1624 41
1625 68
1626 41
1627 26
1628 48
1629 1
1630 69
1631 80
1632 52
1633 72
1634 4
1635 37
1636 27
1637 22
1638 5
1639 46
1640 71
1641 4
1642 68
1643 29
1644 15
1645 69
1646 69
1647 68
1648 30
1649 68
1650 55
1651 68
1652 1
1653 19
1654 71
1655 83
1656 41
1657 28
1658 69
1659 78
1660 5
1661 22
1662 56
1663 10
1664 1
1665 62
1666 12
1667 71
1668 9
1669 9
1670 63
1671 49
1672 1
1673 1
1674 37
1675 40
1676 64
1677 6
1678 15
1679 40
1680 70
1681 71
1682 64
1683 48
1684 56
1685 65
1686 78
1687 21
1688 60
1689 46
1690 4
1691 23
1692 22
1693 49
1694 69
1695 84
1696 41
1697 82
1698 25
1699 25
1700 60
1701 15
1702 69
1703 66
1704 56
1705 63
1706 4
1707 57
1708 25
1709 80
1710 43
1711 5
1712 63
1713 23
1714 52
1715 27
1716 34
1717 4
1718 19
1719 51
1720 60
1721 30
1722 19
1723 13
1724 43
1725 37
1726 6
1727 63
1728 52
1729 1
1730 46
1731 15
1732 48
1733 80
1734 71
1735 64
1736 28
1737 46
1738 62
1739 49
1740 56
1741 69
1742 41
1743 69
1744 64
1745 28
1746 4
1747 13
1748 15
1749 60
1750 49
1751 37
1752 66
1753 68
1754 49
1755 4
1756 19
1757 30
1758 67
1759 7
1760 42
1761 46
1762 65
1763 49
1764 4
1765 56
1766 48
1767 19
1768 70
1769 68
1770 10
1771 19
1772 3
1773 25
1774 9
1775 84
1776 41
1777 72
1778 41
1779 37
1780 80
1781 80
1782 57
1783 46
1784 13
1785 23
1786 71
1787 77
1788 72
1789 4
1790 6
1791 70
1792 60
1793 30
1794 66
1795 49
1796 65
1797 51
1798 15
1799 67
1800 71
1801 10
1802 22
1803 52
1804 7
1805 72
1806 30
1807 80
1808 27
1809 12
1810 80
1811 42
1812 28
1813 83
1814 80
1815 15
1816 60
1817 12
1818 78
1819 68
1820 9
1821 56
1822 82
1823 40
1824 34
1825 33
1826 84
1827 34
1828 34
1829 41
1830 69
1831 12
1832 66
1833 19
1834 12
1835 25
1836 28
1837 12
1838 27
1839 80
1840 84
1841 4
1842 37
1843 56
1844 80
1845 3
1846 27
1847 64
1848 7
1849 71
1850 1
1851 56
1852 69
1853 34
1854 77
1855 63
1856 1
1857 70
1858 30
1859 75
1860 63
1861 72
1862 37
1863 37
1864 23
1865 56
1866 69
1867 66
1868 72
1869 80
1870 5
1871 69
1872 30
1873 71
1874 67
1875 41
1876 63
1877 4
1878 23
1879 64
1880 14
1881 68
1882 23
1883 19
1884 33
1885 57
1886 15
1887 51
1888 29
1889 55
1890 77
1891 9
1892 51
1893 41
1894 22
1895 42
1896 19
1897 67
1898 33
1899 13
1900 69
1901 34
1902 67
1903 71
1904 64
1905 60
1906 63
1907 10
1908 69
1909 77
1910 1
1911 34
1912 68
1913 4
1914 49
1915 34
1916 70
1917 40
1918 75
1919 56
1920 51
1921 10
1922 70
1923 68
1924 62
1925 49
1926 70
1927 70
1928 11
1929 23
1930 6
1931 77
1932 27
1933 64
1934 72
1935 77
1936 62
1937 19
1938 57
1939 71
1940 4
1941 28
1942 57
1943 64
1944 41
1945 11
1946 19
1947 14
1948 34
1949 14
1950 62
1951 15
1952 70
1953 84
1954 10
1955 52
1956 69
1957 41
1958 4
1959 7
1960 77
1961 14
1962 12
1963 25
1964 84
1965 40
1966 80
1967 43
1968 62
1969 19
1970 3
1971 22
1972 6
1973 70
1974 64
1975 3
1976 33
1977 55
1978 56
1979 63
1980 42
1981 56
1982 41
1983 15
1984 69
1985 67
1986 62
1987 4
1988 41
1989 72
1990 70
1991 43
1992 71
1993 57
1994 56
1995 60
1996 41
1997 15
1998 48
1999 23
2000 41
2001 11
2002 1
2003 4
2004 84
2005 1
2006 22
2007 41
2008 34
2009 29
2010 56
2011 19
2012 51
2013 69
2014 56
2015 60
2016 42
2017 71
2018 57
2019 27
2020 27
2021 3
2022 63
2023 10
2024 15
2025 48
2026 72
2027 77
2028 3
2029 60
2030 83
2031 62
2032 41
2033 5
2034 22
2035 7
2036 11
2037 64
2038 70
2039 15
2040 68
2041 33
2042 56
2043 80
2044 28
2045 41
2046 30
2047 77
2048 4
2049 77
2050 22
2051 6
2052 42
2053 80
2054 5
2055 69
2056 64
2057 27
2058 25
2059 56
2060 70
2061 80
2062 9
2063 10
2064 1
2065 7
2066 43
2067 42
2068 7
2069 28
2070 75
2071 7
2072 67
2073 43
2074 25
2075 62
2076 60
2077 13
2078 68
2079 34
2080 63
2081 12
2082 43
2083 19
2084 9
2085 64
2086 57
2087 77
2088 33
2089 11
2090 70
2091 19
2092 37
2093 28
2094 22
2095 60
2096 4
2097 68
2098 70
2099 10
2100 15
2101 27
2102 80
2103 83
2104 80
2105 63
2106 15
2107 48
2108 57
2109 19
2110 72
2111 19
2112 7
2113 3
2114 80
2115 51
2116 4
2117 75
2118 71
2119 34
2120 71
2121 13
2122 6
2123 57
2124 80
2125 52
2126 66
2127 13
2128 34
2129 67
2130 82
2131 23
2132 42
2133 52
2134 71
2135 43
2136 52
2137 4
2138 19
2139 56
2140 40
2141 4
2142 12
2143 82
2144 68
2145 48
2146 77
2147 25
2148 60
2149 12
2150 64
2151 70
2152 64
2153 42
2154 4
2155 41
2156 52
2157 60
2158 68
2159 41
2160 63
2161 68
2162 80
2163 51
2164 9
2165 43
2166 42
2167 63
2168 60
2169 68
2170 34
2171 64
2172 15
2173 34
2174 60
2175 67
2176 82
2177 28
2178 75
2179 49
2180 82
2181 6
2182 15
2183 56
2184 22
2185 42
2186 60
2187 82
2188 63
2189 70
2190 42
2191 72
2192 68
2193 66
2194 33
2195 7
2196 19
2197 15
2198 4
2199 22
2200 19
2201 62
2202 84
2203 5
2204 25
2205 66
2206 71
2207 34
2208 42
2209 52
2210 84
2211 12
2212 41
2213 80
2214 64
2215 42
2216 69
2217 43
2218 62
2219 80
2220 12
2221 70
2222 80
2223 37
2224 7
2225 52
2226 71
2227 15
2228 67
2229 10
2230 4
2231 77
2232 33
2233 64
2234 60
2235 51
2236 30
2237 67
2238 41
2239 19
2240 15
2241 19
2242 57
2243 5
2244 66
2245 34
2246 62
2247 84
2248 66
2249 70
2250 12
2251 41
2252 3
2253 77
2254 11
2255 7
2256 69
2257 84
2258 23
2259 75
2260 25
2261 42
2262 22
2263 48
2264 77
2265 66
2266 57
2267 68
2268 56
2269 82
2270 64
2271 6
2272 66
2273 41
2274 68
2275 51
2276 67
2277 49
2278 34
2279 19
2280 28
2281 62
2282 37
2283 71
2284 84
2285 75
2286 43
2287 56
2288 11
2289 4
2290 42
2291 63
2292 68
2293 70
2294 63
2295 64
2296 19
2297 41
2298 69
2299 25
2300 80
2301 68
2302 12
2303 56
2304 4
2305 19
2306 75
2307 37
2308 80
2309 49
2310 64
2311 42
2312 65
2313 6
2314 33
2315 34
2316 63
2317 48
2318 84
2319 70
2320 37
2321 80
2322 33
2323 68
2324 6
2325 6
2326 80
2327 41
2328 43
2329 11
2330 84
2331 80
2332 84
2333 57
2334 51
2335 30
2336 70
2337 63
2338 15
2339 6
2340 34
2341 19
2342 34
2343 28
2344 12
2345 1
2346 60
2347 62
2348 69
2349 66
2350 4
2351 60
2352 41
2353 69
2354 41
2355 68
2356 25
2357 19
2358 4
2359 48
2360 68
2361 25
2362 19
2363 84
2364 22
2365 11
2366 65
2367 23
2368 49
2369 41
2370 62
2371 13
2372 41
2373 23
2374 43
2375 15
2376 60
2377 11
2378 71
2379 80
2380 69
2381 12
2382 72
2383 52
2384 9
2385 28
2386 3
2387 69
2388 69
2389 70
2390 22
2391 30
2392 4
2393 57
2394 12
2395 51
2396 42
2397 15
2398 30
2399 48
2400 5
2401 68
2402 64
2403 9
2404 5
2405 4
2406 3
2407 70
2408 65
2409 30
2410 63
2411 65
2412 5
2413 13
2414 69
2415 10
2416 52
2417 41
2418 42
2419 72
2420 12
2421 49
2422 14
2423 19
2424 82
2425 42
2426 5
2427 72
2428 56
2429 63
2430 68
2431 42
2432 30
2433 4
2434 49
2435 19
2436 60
2437 48
2438 34
2439 64
2440 19
2441 84
2442 25
2443 69
2444 69
2445 80
2446 63
2447 69
2448 14
2449 19
2450 43
2451 42
2452 71
2453 34
2454 82
2455 82
2456 48
2457 82
2458 22
2459 14
2460 11
2461 56
2462 68
2463 80
2464 67
2465 34
2466 22
2467 41
2468 52
2469 56
2470 48
2471 84
2472 52
2473 48
2474 3
2475 68
2476 15
2477 15
2478 42
2479 12
2480 68
2481 84
2482 69
2483 66
2484 34
2485 14
2486 15
2487 15
2488 37
2489 11
2490 22
2491 22
2492 52
2493 65
2494 68
2495 11
2496 12
2497 65
2498 65
2499 42
2500 19
2501 42
2502 5
2503 4
2504 64
2505 71
2506 5
2507 41
2508 4
2509 48
2510 25
2511 42
2512 42
2513 5
2514 71
2515 65
2516 70
2517 67
2518 9
2519 67
2520 63
2521 34
2522 43
2523 60
2524 49
2525 71
2526 4
2527 28
2528 77
2529 65
2530 4
2531 19
2532 41
2533 15
2534 11
2535 82
2536 52
2537 15
2538 56
2539 41
2540 11
2541 71
2542 22
2543 80
2544 65
2545 19
2546 12
2547 82
2548 67
2549 41
2550 49
2551 4
2552 43
2553 82
2554 64
2555 41
2556 34
2557 49
2558 30
2559 84
2560 84
2561 37
2562 12
2563 30
2564 60
2565 77
2566 4
2567 4
2568 33
2569 71
2570 6
2571 65
2572 68
2573 37
2574 4
2575 49
2576 42
2577 49
2578 80
2579 64
2580 52
2581 69
2582 60
2583 42
2584 65
2585 80
2586 70
2587 9
2588 12
2589 28
2590 68
2591 3
2592 62
2593 65
2594 60
2595 69
2596 70
2597 60
2598 52
2599 70
2600 1
2601 25
2602 15
2603 4
2604 69
2605 60
2606 34
2607 70
2608 49
2609 49
2610 37
2611 60
2612 49
2613 33
2614 80
2615 68
2616 69
2617 15
2618 69
2619 69
2620 71
2621 80
2622 6
2623 70
2624 34
2625 9
2626 19
2627 5
2628 71
2629 69
2630 41
2631 71
2632 71
2633 70
2634 19
2635 6
2636 41
2637 22
2638 63
2639 56
2640 22
2641 56
2642 19
2643 70
2644 60
2645 30
2646 25
2647 65
2648 82
2649 70
2650 34
2651 34
2652 28
2653 63
2654 22
2655 69
2656 42
2657 84
2658 68
2659 5
2660 82
2661 4
2662 9
2663 4
2664 9
2665 19
2666 56
2667 30
2668 34
2669 69
2670 42
2671 41
2672 64
2673 68
2674 4
2675 64
2676 3
2677 49
2678 30
2679 70
2680 34
2681 9
2682 3
2683 3
2684 28
2685 80
2686 22
2687 42
2688 4
2689 65
2690 28
2691 25
2692 56
2693 69
2694 34
2695 69
2696 1
2697 48
2698 30
2699 77
2700 48
2701 5
2702 65
2703 34
2704 42
2705 19
2706 68
2707 25
2708 48
2709 52
2710 15
2711 80
2712 4
2713 30
2714 3
2715 52
2716 64
2717 3
2718 30
2719 19
2720 80
2721 19
2722 71
2723 64
2724 64
2725 70
2726 80
2727 6
2728 80
2729 19
2730 71
2731 48
2732 11
2733 70
2734 37
2735 1
2736 28
2737 65
2738 80
2739 42
2740 1
2741 64
2742 65
2743 49
2744 63
2745 22
2746 70
2747 15
2748 15
2749 60
2750 60
2751 48
2752 41
2753 52
2754 60
2755 4
2756 34
2757 12
2758 41
2759 37
2760 48
2761 80
2762 1
2763 77
2764 12
2765 9
2766 37
2767 41
2768 52
2769 11
2770 41
2771 11
2772 77
2773 4
2774 6
2775 19
2776 15
2777 70
2778 52
2779 4
2780 6
2781 60
2782 77
2783 49
2784 77
2785 11
2786 37
2787 60
2788 19
2789 19
2790 25
2791 1
2792 34
2793 49
2794 48
2795 19
2796 63
2797 64
2798 4
2799 63
2800 22
2801 70
2802 65
2803 4
2804 64
2805 80
2806 48
2807 68
2808 42
2809 4
2810 64
2811 34
2812 37
2813 3
2814 4
2815 4
2816 63
2817 70
2818 25
2819 64
2820 37
2821 42
2822 69
2823 12
2824 42
2825 15
2826 12
2827 19
2828 30
2829 71
2830 22
2831 1
2832 64
2833 56
2834 22
2835 65
2836 15
2837 71
2838 70
2839 70
2840 64
2841 70
2842 60
2843 65
2844 15
2845 69
2846 60
2847 70
2848 34
2849 37
2850 71
2851 22
2852 3
2853 60
2854 9
2855 12
2856 69
2857 49
2858 48
2859 71
2860 41
2861 5
2862 6
2863 30
2864 52
2865 60
2866 37
2867 60
2868 68
2869 69
2870 19
2871 34
2872 70
2873 9
2874 19
2875 15
2876 30
2877 70
2878 65
2879 4
2880 6
2881 64
2882 65
2883 19
2884 41
2885 22
2886 22
2887 65
2888 41
2889 80
2890 6
2891 19
2892 41
2893 28
2894 80
2895 28
2896 56
2897 33
2898 64
2899 12
2900 63
2901 34
2902 11
2903 80
2904 3
2905 30
2906 49
2907 80
2908 41
2909 4
2910 64
2911 80
2912 70
2913 30
2914 80
2915 71
2916 22
2917 41
2918 12
2919 15
2920 30
2921 49
2922 34
2923 60
2924 19
2925 70
2926 22
2927 1
2928 15
2929 49
2930 60
2931 34
2932 69
2933 80
2934 63
2935 52
2936 56
2937 52
2938 30
2939 34
2940 30
2941 64
2942 60
2943 48
2944 33
2945 49
2946 48
2947 34
2948 64
2949 70
2950 4
2951 56
2952 52
2953 71
2954 19
2955 9
2956 65
2957 60
2958 41
2959 12
2960 69
2961 65
2962 52
2963 34
2964 64
2965 6
2966 9
2967 42
2968 11
2969 49
2970 80
2971 12
2972 68
2973 22
2974 41
2975 41
2976 70
2977 4
2978 12
2979 49
2980 52
2981 60
2982 49
2983 11
2984 30
2985 19
2986 56
2987 42
2988 42
2989 41
2990 33
2991 65
2992 30
2993 65
2994 52
2995 65
2996 42
2997 11
2998 19
2999 4
