1 110 175 207 486 526 550 589 656 947 959 1014 1072 1107 1161 1293 1318 1383 1526 1732 1737 1789 1808 2037 2089 2117 2148 2205 2223 2282 2342 2410 2458 2484 2498 2594 2662 2721 2737 2758 2805 2938 2966
77 128 560 927 1024 1117 1143 1154 1155 1221 1443
129 138 144 214 402 519 556 609 759 899 921 967 1083 1090 1186 1210 1218 1344 1361 1367 1384 1399 1519 1868 1910 1927 1994 2045 2209 2238 2370 2404 2497 2539 2563 2626 2661 2673 2747 2845 2988
9 18 78 106 151 197 280 283 287 348 422 429 466 487 496 509 510 516 527 532 553 576 625 669 706 846 905 934 969 987 1197 1216 1288 1325 1357 1504 1543 1575 1604 1628 1766 1769 1785 1823 1827 1832 1847 1860 1867 1886 1891 1901 1965 1987 2023 2038 2080 2131 2133 2134 2225 2249 2255 2300 2320 2421 2448 2481 2550 2558 2559 2565 2578 2613 2625 2630 2639 2641 2658 2670 2672 2718 2746 2774 2782 2811 2821 2823 2828 2856 2978 2981 2984 2999
53 111 117 127 208 325 419 461 922 990 1050 1301 1321 1489 1555 1609 1848 1877 1942 1970 1975 2025 2066 2082 2102 2108 2261 2303 2311 2335 2570 2768 2840 2842 2885 2960 2996 2998
50 120 132 154 227 308 343 451 489 531 554 562 682 757 766 771 820 827 910 1006 1453 1736 1795 1878 1896 1914 1991 2239 2256 2289 2313 2333 2351 2536 2638 2719 2726 2824 2846 2913 2922
157 161 271 334 790 1000 1091 1230 1278 1300 1414 1548 1698 1704 1805 1837 1839 1866 1906 1931 2126 2186 2211 2259 2288 2513 2537 2701 2798
69 379 505 585 780 781 797 1100 1111 1127 1157 1158 1171 1398 1546 1607
3 12 170 181 185 235 281 385 387 471 521 767 788 791 995 1008 1078 1089 1177 1248 1308 1317 1385 1687 1735 1759 1853 1888 2001 2100 2141 2143 2170 2236 2287 2306 2318 2406 2447 2707 2813
52 79 279 339 363 432 502 515 655 663 677 803 1093 1096 1142 1271 1359 1711 1745 1849 1984 2015 2201 2271 2501 2599 2611 2714 2809
32 359 368 383 396 434 450 490 559 569 952 1109 1113 1131 1520 1580 1724 1905 1951 1952 2000 2006 2018 2272 2278 2340 2345 2424 2479 2508 2555 2561 2562 2566 2606 2715 2806 2836 2873 2895 2962 2989
15 28 51 114 389 545 555 610 667 672 695 721 839 855 856 881 925 954 968 978 1047 1103 1129 1185 1261 1275 1382 1473 1493 1527 1576 1585 1665 1685 1752 1862 2047 2058 2103 2158 2204 2246 2279 2314 2408 2477 2480 2485 2487 2492 2521 2620 2667 2681 2698 2753 2815 2891 2924 2940 2952 2972
108 297 433 618 725 1040 1160 1439 1471 1503 1536 1552 1643 1647 1781 1803 2029 2039 2188 2191 2275 2308 2367 2381 2531 2659 2663 2702 2706
146 201 294 425 455 557 851 907 912 957 1080 1206 1232 1337 1475 1512 1630 1796 1908 1915 2032 2280 2323 2330 2349 2392 2624 2689 2904 2925
103 162 249 256 313 335 341 414 465 522 651 708 736 795 796 869 916 972 977 1110 1198 1223 1262 1276 1279 1291 1352 1369 1433 1457 1461 1464 1482 1485 1523 1525 1537 1616 1635 1672 1804 1814 1833 1871 1875 1887 1967 1979 2120 2250 2291 2292 2339 2350 2358 2401 2422 2426 2475 2511 2585 2717 2720 2741 2750 2800 2865 2868 2869 2964 2991
54 604 670 732 758 939 1166 1172 1266 1370 1441 1509 1515
5 29 229 240 257 369 823 1222 1297 1393 1551 1651 1689 1708 1791 1904
65 70 377 462 511 552 931 1070 1226 1251
34 71 159 169 177 189 286 321 374 376 408 410 457 460 467 472 544 571 623 674 683 704 731 751 754 984 1028 1034 1066 1086 1087 1313 1320 1334 1340 1342 1343 1405 1550 1620 1690 1727 1771 1774 1787 1817 1822 1899 1922 1929 1933 1940 1969 1996 2013 2054 2073 2107 2130 2138 2146 2150 2241 2242 2338 2346 2357 2395 2397 2430 2432 2437 2450 2489 2495 2527 2542 2631 2654 2684 2687 2735 2776 2831 2886 2918 2920 2980 2997
75 90 95 96 400 549 661 753 993 1085
101 242 275 406 498 696 749 861 870 875 933 1003 1212 1241 1633 1726 2002 2147 2161
68 251 316 424 538 588 687 770 777 813 814 816 822 964 998 1027 1029 1173 1227 1244 1328 1448 1460 1507 1560 1563 1593 1638 1702 1753 1792 1900 1935 1937 1986 2053 2096 2112 2140 2175 2195 2210 2230 2237 2265 2270 2294 2296 2354 2364 2391 2411 2417 2443 2515 2598 2627 2838 2859 2863 2874 2908 2914
57 291 333 344 355 399 478 675 703 718 932 1119 1120 1195 1583 1731 2009 2060 2194 2325 2329 2440 2548 2592 2597 2642 2765 2786
252 269 407 697 737 996 1239 1287 1339 1410
19 88 518 602 702 738 756 802 1097 1125 1165 1179 1184 1199 1267 1280 1329 1391 1529 1613 1654 1928 1944 1945 2030 2051 2151 2276 2400 2403 2551 2589 2691 2738 2770 2775 2802 2804 2882 2911
135 145 228 237 340 428 443 566 640 648 785 885 1043 1167 1435 1566
58 149 203 319 445 568 633 920 999 1010 1392 1412 1430 1661 1669 1706 1973 2119 2159 2192 2198 2251 2315 2382 2522 2579 2734
7 36 59 91 393 565 575 578 807 835 901 926 960 1044 1056 1057 1101 1152 1254 1458 1534 1634 1691 1854 1934 1949 1956 2050 2104 2162 2173 2183 2190 2215 2222 2252 2268 2286 2374 2519 2588 2674 2679 2688 2889 2986 2987
72 307 494 504 551 608 801 1054 1138 1187 1202 1311 1400 1454 1692 1762 1777 1879 1898 1958 2040 2176
44 133 172 183 196 218 254 270 315 367 483 503 525 584 629 636 709 739 768 867 930 976 1045 1073 1114 1132 1346 1348 1351 1404 1417 1596 1725 1728 1840 1874 1911 1959 1971 2172 2200 2214 2360 2506 2754 2919 2937 2939 2970
190 225 320 404 591 741 840 935 1121 1189
39 239 436 440 506 546 621 735 800 879 900 1298 1516 1524
13 27 105 136 273 274 365 482 507 540 574 626 838 843 844 848 889 963 1020 1112 1500 1530 1571 1601 1652 1684 1709 1719 1733 1938 1985 2111 2253 2348 2524 2554 2567 2643 2729 2783 2847 2912
42 55 115 188 356 373 456 533 539 583 605 649 689 699 742 747 815 849 859 888 1016 1036 1135 1164 1174 1183 1191 1207 1245 1296 1418 1419 1424 1427 1476 1491 1612 1660 1666 1761 1813 1816 1820 1829 1831 1846 1855 1859 1882 1925 1968 1976 1998 2034 2097 2347 2369 2383 2385 2423 2435 2496 2516 2596 2605 2645 2683 2709 2762 2872 2898 2916 2941 2948 2982
26 234 290 403 541 644 775 836 970 1055 1196 1235 1277 1538 1810 1876 1916
98 99 278 372 444 514 769 787 808 1331 1350 1423
20 191 202 226 299 401 530 657 671 716 761 794 798 918 929 936 1335 1371 1378 1394 1403 1455 1499 1502 1561 1670 1674 1811 1852 1897 1918 2091 2127 2257 2298 2307 2457 2469 2499 2544 2572 2609 2616 2646 2759 2766 2771 2773 2814 2852 2953 2990
16 370 723 764 988 1181 1229 1257 1270 1330 1395 1595
301 342 475 831 944 1026 1092 1438 1470 1533 1553 1567
49 94 104 392 479 492 940 1042 1046 1102 1213 1466 1517 1540 1568 1681 1842 2012 2042 2164 2269 2617 2649 2650 2676 2690 2801 2822
64 130 137 141 212 224 255 311 397 416 481 499 543 620 679 728 752 793 841 854 857 863 878 902 982 1002 1031 1038 1068 1081 1088 1128 1188 1209 1282 1283 1295 1336 1366 1368 1467 1488 1544 1581 1591 1617 1624 1667 1694 1793 1800 1841 1883 1990 2019 2024 2067 2075 2083 2101 2105 2155 2168 2185 2206 2208 2217 2243 2263 2285 2290 2321 2396 2416 2472 2476 2493 2509 2528 2552 2582 2595 2608 2622 2657 2692 2696 2731 2733 2792 2817 2819 2843 2861 2879 2884 2923
22 81 198 446 459 524 593 774 786 819 865 946 1021 1052 1106 1307 1327 1472 1481 1570 1592 1603 1644 1696 1714 1740 1747 1763 1775 1799 1806 1830 1836 1924 1926 1981 1992 2004 2031 2106 2273 2304 2375 2398 2438 2444 2523 2636 2697 2700 2736 2760 2780 2795 2832 2871 2954 2967 2995
153 187 258 264 357 627 647 740 824 850 965 1263 1312 1426 1449 1469 1495 1720 1757 1794 1825 1835 1923 1948 2156 2228 2412 2634 2671 2695 2743 2772 2835
474 615 733 809 937 1144 1148 1170 1193 1269
134 289 314 317 536 547 727 833 898 1310 1510
66 87 244 284 349 662 665 783 1051 1123 1625 1703 1721 1783 2041 2088 2135 2154 2234
31 33 209 332 361 542 650 792 825 974 1397
155 192 247 265 323 508 601 690 692 714 760 1018 1041 1060 1141 1156 1175 1274 1380 1408 1456 1542 1579 1815 1818 1821 1824 1843 1921 2074 2086 2092 2260 2266 2317 2343 2388 2428 2510 2535 2568 2575 2577 2623 2666 2820 2855 2870 2897 2900 2921 2942
25 47 93 246 268 295 354 364 375 394 520 537 639 688 693 707 806 915 945 948 1009 1063 1268 1281 1333 1387 1518 1557 1564 1772 1790 1812 1861 1955 1964 1997 2007 2071 2187 2258 2284 2322 2419 2436 2454 2541 2556 2560 2602 2619 2635 2648 2656 2722 2751 2763 2778 2797 2839 2876 2892 2902 2927 2971 2977
102 150 266 567 598 664 860 924 1324 1345 1349 1578 1701
140 148 164 243 353 409 485 613 750 886 992 1136 1139 1180 1372 1532 1622 1671 1909 2072 2078 2095 2114 2295 2534 2668 2784 2799
2 46 84 263 454 495 600 637 658 711 763 834 893 1074 1162 1194 1255 1323 1356 1389 1880 1930 1957 2005 2036 2098 2197 2202 2221 2274 2319 2372 2413 2462 2601 2618 2669 2727 2748 2769 2816 2857 2864 2867 2881 2934 2944 2950 2992
80 85 184 223 431 480 523 616 646 994 1108 1490
60 118 186 420 611 717 724 782 845 903 1341
45 156 351 362 468 614 645 712 765 904 914 1169 1205 1306 1606 1713 1717 1750 1776 2056 2189 2356
6 67 122 158 193 236 238 309 327 350 360 442 464 685 876 943 1030 1037 1071 1082 1140 1215 1284 1299 1319 1396 1632 1749 1809 1850 1890 1894 1902 1917 1920 1960 1966 1989 2035 2059 2084 2122 2142 2144 2145 2196 2264 2334 2434 2460 2467 2502 2514 2518 2540 2545 2547 2615 2633 2647 2651 2712 2742 2767 2829 2887 2899 2935 2945
178 322 641 684 705 713 762 799 909 951 1243 1347 1354 1428 1586 1588 1594 1605 1631 1645 1758 1943 2064 2180 2247 2414 2451 2789
35 63 107 219 303 548 580 700 837 966 1048 1116 1452 1556
17 147 152 563 570 635 887 1023 1058 1075
24 92 113 121 125 168 210 230 248 358 371 378 427 435 477 497 558 643 681 694 745 817 853 871 890 906 919 991 1019 1022 1077 1094 1099 1260 1362 1364 1365 1421 1442 1445 1474 1480 1521 1547 1676 1710 1756 1786 1856 1858 1881 2063 2128 2129 2160 2177 2178 2227 2231 2310 2312 2316 2393 2394 2449 2459 2478 2564 2621 2637 2682 2730 2757 2761 2848 2888 2933 2973 2976
206 438 449 564 773 776 962 1122 1190 1379 1429 1508 1611 1845
142 173 654 734 897 1017 1035 1118 1168 1204 1238 1388 1465 1522 1655 1695 1742 1780 1889 2118 2193 2199 2283 2301 2328 2399 2433 2441 2512 2571 2593 2739 2752 2810 2818
0 23 259 296 395 417 529 561 572 582 617 720 772 779 821 826 862 891 973 981 1013 1115 1137 1219 1292 1302 1402 1411 1432 1440 1444 1494 1545 1565 1646 1648 1653 1657 1659 1751 1788 1807 1834 1932 1953 2021 2048 2079 2136 2167 2232 2353 2359 2418 2466 2553 2587 2610 2612 2628 2711 2723 2728 2732 2740 2830 2905 2949
4 56 119 160 167 179 300 302 306 312 328 430 458 587 596 642 652 1064 1065 1151 1192 1220 1225 1332 1416 1422 1486 1514 1577 1707 1768 1773 1939 1982 2008 2010 2014 2033 2052 2081 2109 2179 2226 2240 2376 2409 2461 2464 2465 2470 2503 2533 2549 2590 2678 2685 2749 2803 2825 2844 2854 2893 2910 2915 2929 2955 2963 2985 2994
205 211 221 272 285 288 330 352 366 405 426 453 573 666 710 743 811 858 949 1025 1316 1415 1484 1572 1656 1668 1679 1699 1748 1912 1954 2093 2124 2362 2380 2402 2405 2420 2453 2526 2529 2604 2632 2694 2699 2705 2710 2787 2790 2807 2880 2946 2958 2993
89 388 447 678 715 896 911 980 1147 1236 1247 1447 1459 1554 1621 1999 2157 2169 2248 2439 2446 2525 2530 2777 2850 2853 2860 2903 2917 2936 2965 2979
48 305 331 423 473 594 719 748 1098 1314 1705 1729 1734 1738 1770 1778 2017 2087 2149 2174 2326 2373 2386 2425 2494 2573 2704 2725 2756 2779 2896 2975
10 21 73 82 112 116 163 253 261 412 501 603 638 680 730 744 805 818 872 892 908 942 979 1001 1005 1095 1208 1217 1231 1258 1326 1353 1375 1463 1511 1535 1629 1636 1642 1688 1767 1819 1892 1946 1988 2003 2011 2076 2121 2163 2181 2220 2235 2262 2267 2331 2427 2445 2473 2474 2546 2660 2665 2713 2716 2764 2791 2851 2878 2894 2951
37 61 62 74 76 123 222 241 282 336 345 513 579 722 842 868 877 923 928 985 1053 1079 1124 1126 1133 1159 1176 1228 1273 1390 1401 1407 1413 1425 1434 1608 1663 1664 1675 1678 1683 1693 1722 1798 1844 1913 1941 1977 1978 1995 2046 2057 2065 2070 2165 2184 2297 2305 2355 2361 2452 2569 2580 2680 2812 2841 2849 2862 2883 2906 2907 2943 2968 2969 2974
86 100 131 171 182 195 250 267 298 390 391 488 512 599 632 653 829 880 882 883 941 989 1011 1015 1163 1178 1237 1242 1265 1360 1450 1483 1506 1531 1569 1582 1597 1626 1640 1649 1650 1677 1743 1755 1797 1801 1802 1863 1895 1961 1962 1963 1972 1993 2016 2044 2094 2137 2212 2213 2244 2245 2277 2299 2336 2371 2378 2387 2442 2505 2507 2520 2532 2538 2543 2583 2603 2640 2675 2793 2834 2858 2866 2875 2877 2928
8 165 174 180 204 217 232 292 326 381 452 577 668 755 804 1049 1130 1150 1211 1224 1256 1304 1451 1487 1496 1501 1590 1598 1615 1619 1623 1627 1662 1741 1754 1828 1851 1873 1947 1950 1983 2077 2171 2203 2219 2233 2324 2341 2363 2368 2455 2490 2491 2581 2693 2708 2755 2788 2826 2930 2947
260 262 852 961 1076 1264 1315 1589 1599 1716 1826 1838 1869 2020 2027 2049 2068 2116 2352 2366 2390 2415 2429 2456 2586 2703 2745 2781 2827 2837 2931
398 437 441 784 873 950 955 1240 1259 1309 1420
30 126 293 324 413 746 917 1233 1252 1373 1376 1513 1614 1712
215 231 470 491 612 701 874 938 1059 1203 1250 1374 1584 1587 1618 1760 1765 1784 2090 2132 2327 2337 2344 2463 2607 2629 2664 2794
41 220 277 337 628 631 698 830 983 986
11 166 213 338 463 517 586 595 828 847 895 1007 1104 1145 1153 1201 1355 1363 1377 1436 1497 1549 1697 1715 1723 2061 2069 2099 2110 2125 2302 2379 2407 2557 2644 2744 2796 2890 2961
124 329 386 619 622 659 729 884 1067 1069 1146 1214 1338 1386 1406 1446 1477 1936 2166 2254
304 590 634 1039 1084 1182 1234 1249 1253 1303
14 43 97 194 216 233 245 310 346 380 382 411 418 421 448 476 606 607 624 660 673 676 691 726 778 789 812 832 953 1032 1061 1105 1290 1322 1381 1431 1462 1468 1478 1505 1559 1573 1600 1610 1639 1641 1673 1680 1682 1700 1718 1744 1764 1782 1857 1865 1893 1907 1974 2022 2028 2055 2062 2085 2113 2115 2182 2218 2224 2281 2293 2332 2365 2431 2471 2488 2504 2517 2574 2584 2591 2600 2614 2653 2655 2686 2808 2833 2909 2932 2959 2983
143 415 439 484 535 686 810 864 894 1285 1294 1358 1479 1574 1872
83 109 139 176 199 200 276 318 493 534 592 1134 1246 1272 1528 1539 1558 1562 1686 1730 1739 1746 1779 1884 2123 2207 2216 2482 2486 2500 2576 2901 2926 2956
40 469 500 528 581 630 866 913 956 975 1004 1012 1033 1062 1200 1409 1437 1492 1864 1980 2043 2377 2483
38 347 384 597 958 971 997 1149 1286 1289 1305 1498 1541 1602 1637 1658 1870 1885 1903 1919 2026 2139 2152 2153 2229 2309 2384 2389 2468 2652 2677 2724 2785 2957
