0 63
1 1
2 52
3 9
4 64
5 17
6 56
7 28
8 71
9 4
10 68
11 77
12 9
13 33
14 80
15 12
16 38
17 59
18 4
19 25
20 37
21 68
22 42
23 63
24 60
25 49
26 35
27 33
28 12
29 17
30 74
31 47
32 11
33 47
34 19
35 58
36 28
37 69
38 84
39 32
40 83
41 76
42 34
43 80
44 30
45 55
46 52
47 49
48 67
49 40
50 6
51 12
52 10
53 5
54 16
55 34
56 64
57 23
58 27
59 28
60 54
61 69
62 69
63 58
64 41
65 18
66 46
67 56
68 22
69 8
70 18
71 19
72 29
73 68
74 69
75 20
76 69
77 2
78 4
79 10
80 53
81 42
82 68
83 82
84 52
85 53
86 70
87 46
88 25
89 66
90 20
91 28
92 60
93 49
94 40
95 20
96 20
97 80
98 36
99 36
100 70
101 21
102 50
103 15
104 40
105 33
106 4
107 58
108 13
109 82
110 1
111 5
112 68
113 60
114 12
115 34
116 68
117 5
118 54
119 64
120 6
121 60
122 56
123 69
124 78
125 60
126 74
127 5
128 2
129 3
130 41
131 70
132 6
133 30
134 45
135 26
136 33
137 41
138 3
139 82
140 51
141 41
142 62
143 81
144 3
145 26
146 14
147 59
148 51
149 27
150 50
151 4
152 59
153 43
154 6
155 48
156 55
157 7
158 56
159 19
160 64
161 7
162 15
163 68
164 51
165 71
166 77
167 64
168 60
169 19
170 9
171 70
172 30
173 62
174 71
175 1
176 82
177 19
178 57
179 64
180 71
181 9
182 70
183 30
184 53
185 9
186 54
187 43
188 34
189 19
190 31
191 37
192 48
193 56
194 80
195 70
196 30
197 4
198 42
199 82
200 82
201 14
202 37
203 27
204 71
205 65
206 61
207 1
208 5
209 47
210 60
211 65
212 41
213 77
214 3
215 75
216 80
217 71
218 30
219 58
220 76
221 65
222 69
223 53
224 41
225 31
226 37
227 6
228 26
229 17
230 60
231 75
232 71
233 80
234 35
235 9
236 56
237 26
238 56
239 32
240 17
241 69
242 21
243 51
244 46
245 80
246 49
247 48
248 60
249 15
250 70
251 22
252 24
253 68
254 30
255 41
256 15
257 17
258 43
259 63
260 72
261 68
262 72
263 52
264 43
265 48
266 50
267 70
268 49
269 24
270 30
271 7
272 65
273 33
274 33
275 21
276 82
277 76
278 36
279 10
280 4
281 9
282 69
283 4
284 46
285 65
286 19
287 4
288 65
289 45
290 35
291 23
292 71
293 74
294 14
295 49
296 63
297 13
298 70
299 37
300 64
301 39
302 64
303 58
304 79
305 67
306 64
307 29
308 6
309 56
310 80
311 41
312 64
313 15
314 45
315 30
316 22
317 45
318 82
319 27
320 31
321 19
322 57
323 48
324 74
325 5
326 71
327 56
328 64
329 78
330 65
331 67
332 47
333 23
334 7
335 15
336 69
337 76
338 77
339 10
340 26
341 15
342 39
343 6
344 23
345 69
346 80
347 84
348 4
349 46
350 56
351 55
352 65
353 51
354 49
355 23
356 34
357 43
358 60
359 11
360 56
361 47
362 55
363 10
364 49
365 33
366 65
367 30
368 11
369 17
370 38
371 60
372 36
373 34
374 19
375 49
376 19
377 18
378 60
379 8
380 80
381 71
382 80
383 11
384 84
385 9
386 78
387 9
388 66
389 12
390 70
391 70
392 40
393 28
394 49
395 63
396 11
397 41
398 73
399 23
400 20
401 37
402 3
403 35
404 31
405 65
406 21
407 24
408 19
409 51
410 19
411 80
412 68
413 74
414 15
415 81
416 41
417 63
418 80
419 5
420 54
421 80
422 4
423 67
424 22
425 14
426 65
427 60
428 26
429 4
430 64
431 53
432 10
433 13
434 11
435 60
436 32
437 73
438 61
439 81
440 32
441 73
442 56
443 26
444 36
445 27
446 42
447 66
448 80
449 61
450 11
451 6
452 71
453 65
454 52
455 14
456 34
457 19
458 64
459 42
460 19
461 5
462 18
463 77
464 56
465 15
466 4
467 19
468 55
469 83
470 75
471 9
472 19
473 67
474 44
475 39
476 80
477 60
478 23
479 40
480 53
481 41
482 33
483 30
484 81
485 51
486 1
487 4
488 70
489 6
490 11
491 75
492 40
493 82
494 29
495 52
496 4
497 60
498 21
499 41
500 83
501 68
502 10
503 30
504 29
505 8
506 32
507 33
508 48
509 4
510 4
511 18
512 70
513 69
514 36
515 10
516 4
517 77
518 25
519 3
520 49
521 9
522 15
523 53
524 42
525 30
526 1
527 4
528 83
529 63
530 37
531 6
532 4
533 34
534 82
535 81
536 45
537 49
538 22
539 34
540 33
541 35
542 47
543 41
544 19
545 12
546 32
547 45
548 58
549 20
550 1
551 29
552 18
553 4
554 6
555 12
556 3
557 14
558 60
559 11
560 2
561 63
562 6
563 59
564 61
565 28
566 26
567 50
568 27
569 11
570 59
571 19
572 63
573 65
574 33
575 28
576 4
577 71
578 28
579 69
580 58
581 83
582 63
583 34
584 30
585 8
586 77
587 64
588 22
589 1
590 79
591 31
592 82
593 42
594 67
595 77
596 64
597 84
598 50
599 70
600 52
601 48
602 25
603 68
604 16
605 34
606 80
607 80
608 29
609 3
610 12
611 54
612 75
613 51
614 55
615 44
616 53
617 63
618 13
619 78
620 41
621 32
622 78
623 19
624 80
625 4
626 33
627 43
628 76
629 30
630 83
631 76
632 70
633 27
634 79
635 59
636 30
637 52
638 68
639 49
640 26
641 57
642 64
643 60
644 35
645 55
646 53
647 43
648 26
649 34
650 47
651 15
652 64
653 70
654 62
655 10
656 1
657 37
658 52
659 78
660 80
661 20
662 46
663 10
664 50
665 46
666 65
667 12
668 71
669 4
670 16
671 37
672 12
673 80
674 19
675 23
676 80
677 10
678 66
679 41
680 68
681 60
682 6
683 19
684 57
685 56
686 81
687 22
688 49
689 34
690 48
691 80
692 48
693 49
694 60
695 12
696 21
697 24
698 76
699 34
700 58
701 75
702 25
703 23
704 19
705 57
706 4
707 49
708 15
709 30
710 65
711 52
712 55
713 57
714 48
715 66
716 37
717 54
718 23
719 67
720 63
721 12
722 69
723 38
724 54
725 13
726 80
727 45
728 41
729 78
730 68
731 19
732 16
733 44
734 62
735 32
736 15
737 24
738 25
739 30
740 43
741 31
742 34
743 65
744 68
745 60
746 74
747 34
748 67
749 21
750 51
751 19
752 41
753 20
754 19
755 71
756 25
757 6
758 16
759 3
760 48
761 37
762 57
763 52
764 38
765 55
766 6
767 9
768 30
769 36
770 22
771 6
772 63
773 61
774 42
775 35
776 61
777 22
778 80
779 63
780 8
781 8
782 54
783 46
784 73
785 26
786 42
787 36
788 9
789 80
790 7
791 9
792 47
793 41
794 37
795 15
796 15
797 8
798 37
799 57
800 32
801 29
802 25
803 10
804 71
805 68
806 49
807 28
808 36
809 44
810 81
811 65
812 80
813 22
814 22
815 34
816 22
817 60
818 68
819 42
820 6
821 63
822 22
823 17
824 43
825 47
826 63
827 6
828 77
829 70
830 76
831 39
832 80
833 45
834 52
835 28
836 35
837 58
838 33
839 12
840 31
841 41
842 69
843 33
844 33
845 54
846 4
847 77
848 33
849 34
850 43
851 14
852 72
853 60
854 41
855 12
856 12
857 41
858 65
859 34
860 50
861 21
862 63
863 41
864 81
865 42
866 83
867 30
868 69
869 15
870 21
871 60
872 68
873 73
874 75
875 21
876 56
877 69
878 41
879 32
880 70
881 12
882 70
883 70
884 78
885 26
886 51
887 59
888 34
889 33
890 60
891 63
892 68
893 52
894 81
895 77
896 66
897 62
898 45
899 3
900 32
901 28
902 41
903 54
904 55
905 4
906 60
907 14
908 68
909 57
910 6
911 66
912 14
913 83
914 55
915 49
916 15
917 74
918 37
919 60
920 27
921 3
922 5
923 69
924 50
925 12
926 28
927 2
928 69
929 37
930 30
931 18
932 23
933 21
934 4
935 31
936 37
937 44
938 75
939 16
940 40
941 70
942 68
943 56
944 39
945 49
946 42
947 1
948 49
949 65
950 73
951 57
952 11
953 80
954 12
955 73
956 83
957 14
958 84
959 1
960 28
961 72
962 61
963 33
964 22
965 43
966 58
967 3
968 12
969 4
970 35
971 84
972 15
973 63
974 47
975 83
976 30
977 15
978 12
979 68
980 66
981 63
982 41
983 76
984 19
985 69
986 76
987 4
988 38
989 70
990 5
991 60
992 51
993 20
994 53
995 9
996 24
997 84
998 22
999 27
1000 7
1001 68
1002 41
1003 21
1004 83
1005 68
1006 6
1007 77
1008 9
1009 49
1010 27
1011 70
1012 83
1013 63
1014 1
1015 70
1016 34
1017 62
1018 48
1019 60
1020 33
1021 42
1022 60
1023 59
1024 2
1025 65
1026 39
1027 22
1028 19
1029 22
1030 56
1031 41
1032 80
1033 83
1034 19
1035 62
1036 34
1037 56
1038 41
1039 79
1040 13
1041 48
1042 40
1043 26
1044 28
1045 30
1046 40
1047 12
1048 58
1049 71
1050 5
1051 46
1052 42
1053 69
1054 29
1055 35
1056 28
1057 28
1058 59
1059 75
1060 48
1061 80
1062 83
1063 49
1064 64
1065 64
1066 19
1067 78
1068 41
1069 78
1070 18
1071 56
1072 1
1073 30
1074 52
1075 59
1076 72
1077 60
1078 9
1079 69
1080 14
1081 41
1082 56
1083 3
1084 79
1085 20
1086 19
1087 19
1088 41
1089 9
1090 3
1091 7
1092 39
1093 10
1094 60
1095 68
1096 10
1097 25
1098 67
1099 60
1100 8
1101 28
1102 40
1103 12
1104 77
1105 80
1106 42
1107 1
1108 53
1109 11
1110 15
1111 8
1112 33
1113 11
1114 30
1115 63
1116 58
1117 2
1118 62
1119 23
1120 23
1121 31
1122 61
1123 46
1124 69
1125 25
1126 69
1127 8
1128 41
1129 12
1130 71
1131 11
1132 30
1133 69
1134 82
1135 34
1136 51
1137 63
1138 29
1139 51
1140 56
1141 48
1142 10
1143 2
1144 44
1145 77
1146 78
1147 66
1148 44
1149 84
1150 71
1151 64
1152 28
1153 77
1154 2
1155 2
1156 48
1157 8
1158 8
1159 69
1160 13
1161 1
1162 52
1163 70
1164 34
1165 25
1166 16
1167 26
1168 62
1169 55
1170 44
1171 8
1172 16
1173 22
1174 34
1175 48
1176 69
1177 9
1178 70
1179 25
1180 51
1181 38
1182 79
1183 34
1184 25
1185 12
1186 3
1187 29
1188 41
1189 31
1190 61
1191 34
1192 64
1193 44
1194 52
1195 23
1196 35
1197 4
1198 15
1199 25
1200 83
1201 77
1202 29
1203 75
1204 62
1205 55
1206 14
1207 34
1208 68
1209 41
1210 3
1211 71
1212 21
1213 40
1214 78
1215 56
1216 4
1217 68
1218 3
1219 63
1220 64
1221 2
1222 17
1223 15
1224 71
1225 64
1226 18
1227 22
1228 69
1229 38
1230 7
1231 68
1232 14
1233 74
1234 79
1235 35
1236 66
1237 70
1238 62
1239 24
1240 73
1241 21
1242 70
1243 57
1244 22
1245 34
1246 82
1247 66
1248 9
1249 79
1250 75
1251 18
1252 74
1253 79
1254 28
1255 52
1256 71
1257 38
1258 68
1259 73
1260 60
1261 12
1262 15
1263 43
1264 72
1265 70
1266 16
1267 25
1268 49
1269 44
1270 38
1271 10
1272 82
1273 69
1274 48
1275 12
1276 15
1277 35
1278 7
1279 15
1280 25
1281 49
1282 41
1283 41
1284 56
1285 81
1286 84
1287 24
1288 4
1289 84
1290 80
1291 15
1292 63
1293 1
1294 81
1295 41
1296 34
1297 17
1298 32
1299 56
1300 7
1301 5
1302 63
1303 79
1304 71
1305 84
1306 55
1307 42
1308 9
1309 73
1310 45
1311 29
1312 43
1313 19
1314 67
1315 72
1316 65
1317 9
1318 1
1319 56
1320 19
1321 5
1322 80
1323 52
1324 50
1325 4
1326 68
1327 42
1328 22
1329 25
1330 38
1331 36
1332 64
1333 49
1334 19
1335 37
1336 41
1337 14
1338 78
1339 24
1340 19
1341 54
1342 19
1343 19
1344 3
1345 50
1346 30
1347 57
1348 30
1349 50
1350 36
1351 30
1352 15
1353 68
1354 57
1355 77
1356 52
1357 4
1358 81
1359 10
1360 70
1361 3
1362 60
1363 77
1364 60
1365 60
1366 41
1367 3
1368 41
1369 15
1370 16
1371 37
1372 51
1373 74
1374 75
1375 68
1376 74
1377 77
1378 37
1379 61
1380 48
1381 80
1382 12
1383 1
1384 3
1385 9
1386 78
1387 49
1388 62
1389 52
1390 69
1391 25
1392 27
1393 17
1394 37
1395 38
1396 56
1397 47
1398 8
1399 3
1400 29
1401 69
1402 63
1403 37
1404 30
1405 19
1406 78
1407 69
1408 48
1409 83
1410 24
1411 63
1412 27
1413 69
1414 7
1415 65
1416 64
1417 30
1418 34
1419 34
1420 73
1421 60
1422 64
1423 36
1424 34
1425 69
1426 43
1427 34
1428 57
1429 61
1430 27
1431 80
1432 63
1433 15
1434 69
1435 26
1436 77
1437 83
1438 39
1439 13
1440 63
1441 16
1442 60
1443 2
1444 63
1445 60
1446 78
1447 66
1448 22
1449 43
1450 70
1451 71
1452 58
1453 6
1454 29
1455 37
1456 48
1457 15
1458 28
1459 66
1460 22
1461 15
1462 80
1463 68
1464 15
1465 62
1466 40
1467 41
1468 80
1469 43
1470 39
1471 13
1472 42
1473 12
1474 60
1475 14
1476 34
1477 78
1478 80
1479 81
1480 60
1481 42
1482 15
1483 70
1484 65
1485 15
1486 64
1487 71
1488 41
1489 5
1490 53
1491 34
1492 83
1493 12
1494 63
1495 43
1496 71
1497 77
1498 84
1499 37
1500 33
1501 71
1502 37
1503 13
1504 4
1505 80
1506 70
1507 22
1508 61
1509 16
1510 45
1511 68
1512 14
1513 74
1514 64
1515 16
1516 32
1517 40
1518 49
1519 3
1520 11
1521 60
1522 62
1523 15
1524 32
1525 15
1526 1
1527 12
1528 82
1529 25
1530 33
1531 70
1532 51
1533 39
1534 28
1535 68
1536 13
1537 15
1538 35
1539 82
1540 40
1541 84
1542 48
1543 4
1544 41
1545 63
1546 8
1547 60
1548 7
1549 77
1550 19
1551 17
1552 13
1553 39
1554 66
1555 5
1556 58
1557 49
1558 82
1559 80
1560 22
1561 37
1562 82
1563 22
1564 49
1565 63
1566 26
1567 39
1568 40
1569 70
1570 42
1571 33
1572 65
1573 80
1574 81
1575 4
1576 12
1577 64
1578 50
1579 48
1580 11
1581 41
1582 70
1583 23
1584 75
1585 12
1586 57
1587 75
1588 57
1589 72
1590 71
1591 41
1592 42
1593 22
1594 57
1595 38
1596 30
1597 70
1598 71
1599 72
1600 80
1601 33
1602 84
1603 42
1604 4
1605 57
1606 55
1607 8
1608 69
1609 5
1610 80
1611 61
1612 34
1613 25
1614 74
1615 71
1616 15
1617 41
1618 75
1619 71
1620 19
1621 66
1622 51
1623 71
1624 41
1625 46
1626 70
1627 71
1628 4
1629 68
1630 14
1631 57
1632 56
1633 21
1634 28
1635 15
1636 68
1637 84
1638 22
1639 80
1640 70
1641 80
1642 68
1643 13
1644 42
1645 57
1646 63
1647 13
1648 63
1649 70
1650 70
1651 17
1652 33
1653 63
1654 25
1655 62
1656 65
1657 63
1658 84
1659 63
1660 34
1661 27
1662 71
1663 69
1664 69
1665 12
1666 34
1667 41
1668 65
1669 27
1670 37
1671 51
1672 15
1673 80
1674 37
1675 69
1676 60
1677 70
1678 69
1679 65
1680 80
1681 40
1682 80
1683 69
1684 33
1685 12
1686 82
1687 9
1688 68
1689 17
1690 19
1691 28
1692 29
1693 69
1694 41
1695 62
1696 42
1697 77
1698 7
1699 65
1700 80
1701 50
1702 22
1703 46
1704 7
1705 67
1706 27
1707 64
1708 17
1709 33
1710 60
1711 10
1712 74
1713 55
1714 42
1715 77
1716 72
1717 55
1718 80
1719 33
1720 43
1721 46
1722 69
1723 77
1724 11
1725 30
1726 21
1727 19
1728 30
1729 67
1730 82
1731 23
1732 1
1733 33
1734 67
1735 9
1736 6
1737 1
1738 67
1739 82
1740 42
1741 71
1742 62
1743 70
1744 80
1745 10
1746 82
1747 42
1748 65
1749 56
1750 55
1751 63
1752 12
1753 22
1754 71
1755 70
1756 60
1757 43
1758 57
1759 9
1760 75
1761 34
1762 29
1763 42
1764 80
1765 75
1766 4
1767 68
1768 64
1769 4
1770 67
1771 19
1772 49
1773 64
1774 19
1775 42
1776 55
1777 29
1778 67
1779 82
1780 62
1781 13
1782 80
1783 46
1784 75
1785 4
1786 60
1787 19
1788 63
1789 1
1790 49
1791 17
1792 22
1793 41
1794 43
1795 6
1796 14
1797 70
1798 69
1799 42
1800 41
1801 70
1802 70
1803 13
1804 15
1805 7
1806 42
1807 63
1808 1
1809 56
1810 35
1811 37
1812 49
1813 34
1814 15
1815 48
1816 34
1817 19
1818 48
1819 68
1820 34
1821 48
1822 19
1823 4
1824 48
1825 43
1826 72
1827 4
1828 71
1829 34
1830 42
1831 34
1832 4
1833 15
1834 63
1835 43
1836 42
1837 7
1838 72
1839 7
1840 30
1841 41
1842 40
1843 48
1844 69
1845 61
1846 34
1847 4
1848 5
1849 10
1850 56
1851 71
1852 37
1853 9
1854 28
1855 34
1856 60
1857 80
1858 60
1859 34
1860 4
1861 49
1862 12
1863 70
1864 83
1865 80
1866 7
1867 4
1868 3
1869 72
1870 84
1871 15
1872 81
1873 71
1874 30
1875 15
1876 35
1877 5
1878 6
1879 29
1880 52
1881 60
1882 34
1883 41
1884 82
1885 84
1886 4
1887 15
1888 9
1889 62
1890 56
1891 4
1892 68
1893 80
1894 56
1895 70
1896 6
1897 37
1898 29
1899 19
1900 22
1901 4
1902 56
1903 84
1904 17
1905 11
1906 7
1907 80
1908 14
1909 51
1910 3
1911 30
1912 65
1913 69
1914 6
1915 14
1916 35
1917 56
1918 37
1919 84
1920 56
1921 48
1922 19
1923 43
1924 42
1925 34
1926 42
1927 3
1928 25
1929 19
1930 52
1931 7
1932 63
1933 19
1934 28
1935 22
1936 78
1937 22
1938 33
1939 64
1940 19
1941 69
1942 5
1943 57
1944 25
1945 25
1946 68
1947 71
1948 43
1949 28
1950 71
1951 11
1952 11
1953 63
1954 65
1955 49
1956 28
1957 52
1958 29
1959 30
1960 56
1961 70
1962 70
1963 70
1964 49
1965 4
1966 56
1967 15
1968 34
1969 19
1970 5
1971 30
1972 70
1973 27
1974 80
1975 5
1976 34
1977 69
1978 69
1979 15
1980 83
1981 42
1982 64
1983 71
1984 10
1985 33
1986 22
1987 4
1988 68
1989 56
1990 41
1991 6
1992 42
1993 70
1994 3
1995 69
1996 19
1997 49
1998 34
1999 66
2000 11
2001 9
2002 21
2003 68
2004 42
2005 52
2006 11
2007 49
2008 64
2009 23
2010 64
2011 68
2012 40
2013 19
2014 64
2015 10
2016 70
2017 67
2018 11
2019 41
2020 72
2021 63
2022 80
2023 4
2024 41
2025 5
2026 84
2027 72
2028 80
2029 13
2030 25
2031 42
2032 14
2033 64
2034 34
2035 56
2036 52
2037 1
2038 4
2039 13
2040 29
2041 46
2042 40
2043 83
2044 70
2045 3
2046 69
2047 12
2048 63
2049 72
2050 28
2051 25
2052 64
2053 22
2054 19
2055 80
2056 55
2057 69
2058 12
2059 56
2060 23
2061 77
2062 80
2063 60
2064 57
2065 69
2066 5
2067 41
2068 72
2069 77
2070 69
2071 49
2072 51
2073 19
2074 48
2075 41
2076 68
2077 71
2078 51
2079 63
2080 4
2081 64
2082 5
2083 41
2084 56
2085 80
2086 48
2087 67
2088 46
2089 1
2090 75
2091 37
2092 48
2093 65
2094 70
2095 51
2096 22
2097 34
2098 52
2099 77
2100 9
2101 41
2102 5
2103 12
2104 28
2105 41
2106 42
2107 19
2108 5
2109 64
2110 77
2111 33
2112 22
2113 80
2114 51
2115 80
2116 72
2117 1
2118 62
2119 27
2120 15
2121 68
2122 56
2123 82
2124 65
2125 77
2126 7
2127 37
2128 60
2129 60
2130 19
2131 4
2132 75
2133 4
2134 4
2135 46
2136 63
2137 70
2138 19
2139 84
2140 22
2141 9
2142 56
2143 9
2144 56
2145 56
2146 19
2147 21
2148 1
2149 67
2150 19
2151 25
2152 84
2153 84
2154 46
2155 41
2156 43
2157 66
2158 12
2159 27
2160 60
2161 21
2162 28
2163 68
2164 40
2165 69
2166 78
2167 63
2168 41
2169 66
2170 9
2171 71
2172 30
2173 28
2174 67
2175 22
2176 29
2177 60
2178 60
2179 64
2180 57
2181 68
2182 80
2183 28
2184 69
2185 41
2186 7
2187 49
2188 13
2189 55
2190 28
2191 13
2192 27
2193 62
2194 23
2195 22
2196 56
2197 52
2198 27
2199 62
2200 30
2201 10
2202 52
2203 71
2204 12
2205 1
2206 41
2207 82
2208 41
2209 3
2210 22
2211 7
2212 70
2213 70
2214 30
2215 28
2216 82
2217 41
2218 80
2219 71
2220 68
2221 52
2222 28
2223 1
2224 80
2225 4
2226 64
2227 60
2228 43
2229 84
2230 22
2231 60
2232 63
2233 71
2234 46
2235 68
2236 9
2237 22
2238 3
2239 6
2240 64
2241 19
2242 19
2243 41
2244 70
2245 70
2246 12
2247 57
2248 66
2249 4
2250 15
2251 27
2252 28
2253 33
2254 78
2255 4
2256 6
2257 37
2258 49
2259 7
2260 48
2261 5
2262 68
2263 41
2264 56
2265 22
2266 48
2267 68
2268 28
2269 40
2270 22
2271 10
2272 11
2273 42
2274 52
2275 13
2276 25
2277 70
2278 11
2279 12
2280 14
2281 80
2282 1
2283 62
2284 49
2285 41
2286 28
2287 9
2288 7
2289 6
2290 41
2291 15
2292 15
2293 80
2294 22
2295 51
2296 22
2297 69
2298 37
2299 70
2300 4
2301 62
2302 77
2303 5
2304 42
2305 69
2306 9
2307 37
2308 13
2309 84
2310 60
2311 5
2312 60
2313 6
2314 12
2315 27
2316 60
2317 48
2318 9
2319 52
2320 4
2321 41
2322 49
2323 14
2324 71
2325 23
2326 67
2327 75
2328 62
2329 23
2330 14
2331 68
2332 80
2333 6
2334 56
2335 5
2336 70
2337 75
2338 19
2339 15
2340 11
2341 71
2342 1
2343 48
2344 75
2345 11
2346 19
2347 34
2348 33
2349 14
2350 15
2351 6
2352 72
2353 63
2354 22
2355 69
2356 55
2357 19
2358 15
2359 63
2360 30
2361 69
2362 65
2363 71
2364 22
2365 80
2366 72
2367 13
2368 71
2369 34
2370 3
2371 70
2372 52
2373 67
2374 28
2375 42
2376 64
2377 83
2378 70
2379 77
2380 65
2381 13
2382 27
2383 34
2384 84
2385 34
2386 67
2387 70
2388 48
2389 84
2390 72
2391 22
2392 14
2393 60
2394 60
2395 19
2396 41
2397 19
2398 42
2399 62
2400 25
2401 15
2402 65
2403 25
2404 3
2405 65
2406 9
2407 77
2408 12
2409 64
2410 1
2411 22
2412 43
2413 52
2414 57
2415 72
2416 41
2417 22
2418 63
2419 49
2420 65
2421 4
2422 15
2423 34
2424 11
2425 67
2426 15
2427 68
2428 48
2429 72
2430 19
2431 80
2432 19
2433 62
2434 56
2435 34
2436 49
2437 19
2438 42
2439 66
2440 23
2441 62
2442 70
2443 22
2444 42
2445 68
2446 66
2447 9
2448 4
2449 60
2450 19
2451 57
2452 69
2453 65
2454 49
2455 71
2456 72
2457 37
2458 1
2459 60
2460 56
2461 64
2462 52
2463 75
2464 64
2465 64
2466 63
2467 56
2468 84
2469 37
2470 64
2471 80
2472 41
2473 68
2474 68
2475 15
2476 41
2477 12
2478 60
2479 11
2480 12
2481 4
2482 82
2483 83
2484 1
2485 12
2486 82
2487 12
2488 80
2489 19
2490 71
2491 71
2492 12
2493 41
2494 67
2495 19
2496 34
2497 3
2498 1
2499 37
2500 82
2501 10
2502 56
2503 64
2504 80
2505 70
2506 30
2507 70
2508 11
2509 41
2510 48
2511 15
2512 62
2513 7
2514 56
2515 22
2516 34
2517 80
2518 56
2519 28
2520 70
2521 12
2522 27
2523 42
2524 33
2525 66
2526 65
2527 19
2528 41
2529 65
2530 66
2531 13
2532 70
2533 64
2534 51
2535 48
2536 6
2537 7
2538 70
2539 3
2540 56
2541 49
2542 19
2543 70
2544 37
2545 56
2546 68
2547 56
2548 23
2549 64
2550 4
2551 25
2552 41
2553 63
2554 33
2555 11
2556 49
2557 77
2558 4
2559 4
2560 49
2561 11
2562 11
2563 3
2564 60
2565 4
2566 11
2567 33
2568 48
2569 69
2570 5
2571 62
2572 37
2573 67
2574 80
2575 48
2576 82
2577 48
2578 4
2579 27
2580 69
2581 71
2582 41
2583 70
2584 80
2585 15
2586 72
2587 63
2588 28
2589 25
2590 64
2591 80
2592 23
2593 62
2594 1
2595 41
2596 34
2597 23
2598 22
2599 10
2600 80
2601 52
2602 49
2603 70
2604 65
2605 34
2606 11
2607 75
2608 41
2609 37
2610 63
2611 10
2612 63
2613 4
2614 80
2615 56
2616 37
2617 40
2618 52
2619 49
2620 12
2621 60
2622 41
2623 48
2624 14
2625 4
2626 3
2627 22
2628 63
2629 75
2630 4
2631 19
2632 65
2633 56
2634 43
2635 49
2636 42
2637 60
2638 6
2639 4
2640 70
2641 4
2642 23
2643 33
2644 77
2645 34
2646 37
2647 56
2648 49
2649 40
2650 40
2651 56
2652 84
2653 80
2654 19
2655 80
2656 49
2657 41
2658 4
2659 13
2660 68
2661 3
2662 1
2663 13
2664 75
2665 68
2666 48
2667 12
2668 51
2669 52
2670 4
2671 43
2672 4
2673 3
2674 28
2675 70
2676 40
2677 84
2678 64
2679 28
2680 69
2681 12
2682 60
2683 34
2684 19
2685 64
2686 80
2687 19
2688 28
2689 14
2690 40
2691 25
2692 41
2693 71
2694 65
2695 43
2696 41
2697 42
2698 12
2699 65
2700 42
2701 7
2702 13
2703 72
2704 67
2705 65
2706 13
2707 9
2708 71
2709 34
2710 65
2711 63
2712 56
2713 68
2714 10
2715 11
2716 68
2717 15
2718 4
2719 6
2720 15
2721 1
2722 49
2723 63
2724 84
2725 67
2726 6
2727 52
2728 63
2729 33
2730 60
2731 41
2732 63
2733 41
2734 27
2735 19
2736 42
2737 1
2738 25
2739 62
2740 63
2741 15
2742 56
2743 43
2744 77
2745 72
2746 4
2747 3
2748 52
2749 64
2750 15
2751 49
2752 62
2753 12
2754 30
2755 71
2756 67
2757 60
2758 1
2759 37
2760 42
2761 60
2762 34
2763 49
2764 68
2765 23
2766 37
2767 56
2768 5
2769 52
2770 25
2771 37
2772 43
2773 37
2774 4
2775 25
2776 19
2777 66
2778 49
2779 67
2780 42
2781 72
2782 4
2783 33
2784 51
2785 84
2786 23
2787 65
2788 71
2789 57
2790 65
2791 68
2792 41
2793 70
2794 75
2795 42
2796 77
2797 49
2798 7
2799 51
2800 15
2801 40
2802 25
2803 64
2804 25
2805 1
2806 11
2807 65
2808 80
2809 10
2810 62
2811 4
2812 69
2813 9
2814 37
2815 12
2816 52
2817 41
2818 62
2819 41
2820 48
2821 4
2822 40
2823 4
2824 6
2825 64
2826 71
2827 72
2828 4
2829 56
2830 63
2831 19
2832 42
2833 80
2834 70
2835 43
2836 11
2837 72
2838 22
2839 49
2840 5
2841 69
2842 5
2843 41
2844 64
2845 3
2846 6
2847 33
2848 60
2849 69
2850 66
2851 68
2852 37
2853 66
2854 64
2855 48
2856 4
2857 52
2858 70
2859 22
2860 66
2861 41
2862 69
2863 22
2864 52
2865 15
2866 70
2867 52
2868 15
2869 15
2870 48
2871 42
2872 34
2873 11
2874 22
2875 70
2876 49
2877 70
2878 68
2879 41
2880 65
2881 52
2882 25
2883 69
2884 41
2885 5
2886 19
2887 56
2888 60
2889 28
2890 77
2891 12
2892 49
2893 64
2894 68
2895 11
2896 67
2897 48
2898 34
2899 56
2900 48
2901 82
2902 49
2903 66
2904 14
2905 63
2906 69
2907 69
2908 22
2909 80
2910 64
2911 25
2912 33
2913 6
2914 22
2915 64
2916 34
2917 66
2918 19
2919 30
2920 19
2921 48
2922 6
2923 41
2924 12
2925 14
2926 82
2927 49
2928 70
2929 64
2930 71
2931 72
2932 80
2933 60
2934 52
2935 56
2936 66
2937 30
2938 1
2939 30
2940 12
2941 34
2942 48
2943 69
2944 52
2945 56
2946 65
2947 71
2948 34
2949 63
2950 52
2951 68
2952 12
2953 37
2954 42
2955 64
2956 82
2957 84
2958 65
2959 80
2960 5
2961 77
2962 11
2963 64
2964 15
2965 66
2966 1
2967 42
2968 69
2969 69
2970 30
2971 49
2972 12
2973 60
2974 69
2975 67
2976 60
2977 49
2978 4
2979 66
2980 19
2981 4
2982 34
2983 80
2984 4
2985 64
2986 28
2987 28
2988 3
2989 11
2990 37
2991 15
2992 52
2993 65
2994 64
2995 42
2996 5
2997 19
2998 5
2999 4
