15 41 53 64 65 71 75 91 130 142 156 157 158 159 167 250 308 322 324 329 399 428 432 459 471 474 482 506 514 519 542 581 590 591 602 604 633 635 671 677 689 692 727 732 743 756 764 767 773 777 782 819 824 842 856 905 922 962 974 990 992 996
29 48 89 124 150 162 171 189 241 309 312 334 346 444 470 476 479 500 501 585 619 657 681 702 735 799 803 841 867 881 883 903 915 986
34 78 105 166 207 216 231 271 306 333 338 343 345 442 456 515 544 551 567 623 631 678 691 694 698 701 705 729 730 770 829 836 839 908 920 960 980 981
7 128 175 215 219 262 267 299 323 362 488 572 625 661 711 805 813 817 893 947 955
2 17 23 32 92 111 117 118 122 146 183 188 192 198 201 210 229 233 237 255 276 281 290 310 316 318 366 371 377 380 384 389 398 401 410 414 431 436 451 460 463 467 487 508 510 513 529 537 541 553 566 588 594 600 603 610 614 627 628 630 652 696 740 747 760 766 838 857 889 891 923 927 935 937 945 956 957 969 971 991 998
0 3 9 11 21 44 46 58 62 67 88 90 119 126 147 148 163 173 194 205 212 214 234 238 242 247 256 272 295 305 321 337 341 349 358 359 365 373 381 383 390 394 404 409 411 420 447 462 465 497 502 507 511 525 540 560 575 586 595 606 609 659 666 668 676 699 717 720 733 737 749 762 775 776 778 787 788 798 830 848 851 853 854 858 865 901 951 964 979 994
16 18 33 38 39 55 59 69 94 99 100 112 120 139 154 191 206 208 224 244 259 265 288 332 350 353 367 370 405 434 435 449 455 461 464 493 494 516 517 524 539 545 549 550 582 589 601 608 611 622 638 640 662 665 672 714 718 721 723 746 748 751 790 793 807 815 825 834 859 863 869 871 878 885 894 900 906 930 933 940 941 946 948 967 978 989 997 999
108 143 151 177 221 335 348 438 483 580 634 724 771 784 902
79 84 93 136 137 187 217 222 279 283 315 415 421 475 490 498 543 552 563 578 653 688 742 781 804 814 844
68 73 74 113 155 227 235 368 445 523 655 712 818 880 944
19 45 56 60 72 86 106 107 123 134 135 165 195 196 202 204 211 226 287 301 314 395 417 423 453 469 492 503 521 617 646 663 673 675 697 707 728 739 741 789 808 828 861 876 887 931 966 983 984
5 20 27 28 40 70 80 95 101 109 114 132 138 140 144 145 176 185 209 254 257 264 282 291 303 357 379 385 397 412 413 454 466 489 518 522 531 532 547 555 564 565 568 571 584 592 596 598 613 616 618 621 626 636 639 649 658 664 682 683 684 686 738 750 755 757 768 769 774 800 806 816 821 827 832 835 860 888 904 916 919 926 950 952 970 972 988 995
4 24 42 57 61 104 220 223 248 285 319 388 457 478 949
43 49 52 54 76 97 98 102 103 133 174 181 182 225 232 252 253 269 278 289 311 317 328 342 347 352 355 360 372 374 378 382 386 392 400 408 416 424 425 426 429 433 437 440 448 481 486 496 504 530 534 535 536 554 556 587 597 605 612 624 644 647 650 680 716 725 736 785 786 794 796 831 847 868 870 890 918 934 963 968 973 977 987 993
22 25 31 47 77 87 127 168 169 170 172 179 186 218 228 240 243 246 263 275 277 280 284 294 298 327 361 364 369 407 443 452 468 472 480 491 499 520 527 528 533 546 573 599 615 620 642 654 667 687 704 710 713 719 722 745 772 783 797 801 809 811 820 822 823 826 852 862 864 866 872 874 875 882 895 898 899 910 928 929 936 938 942 953 954 959 965 982
6 36 82 230 239 251 297 313 558 569 574 583 648 670 674 833 840 913
35 121 131 273 375 419 562 593 660 669 685 693 709 753 754 758 759 795 896 921 943
8 12 14 26 30 37 51 66 83 115 116 141 149 152 153 161 184 190 193 200 203 213 245 249 258 260 268 274 292 296 302 304 307 320 326 330 331 339 340 344 354 363 376 387 393 402 403 406 427 441 450 458 473 484 485 509 512 526 577 579 607 632 643 645 679 690 695 703 708 715 726 761 763 780 791 812 843 845 849 855 884 886 892 897 917 925 932 939 958 961 975 976 985
1 10 50 63 85 129 160 164 178 180 197 236 261 270 286 293 325 356 391 396 418 422 430 439 477 505 538 548 559 570 629 637 651 656 700 734 744 752 765 802 810 837 846 850 873 877 879 911 912 924
13 81 96 110 125 199 266 300 336 351 446 495 557 561 576 641 706 731 779 792 907 909 914
