0 6
1 19
2 5
3 6
4 13
5 12
6 16
7 4
8 18
9 6
10 19
11 6
12 18
13 20
14 18
15 1
16 7
17 5
18 7
19 11
20 12
21 6
22 15
23 5
24 13
25 15
26 18
27 12
28 12
29 2
30 18
31 15
32 5
33 7
34 3
35 17
36 16
37 18
38 7
39 7
40 12
41 1
42 13
43 14
44 6
45 11
46 6
47 15
48 2
49 14
50 19
51 18
52 14
53 1
54 14
55 7
56 11
57 13
58 6
59 7
60 11
61 13
62 6
63 19
64 1
65 1
66 18
67 6
68 10
69 7
70 12
71 1
72 11
73 10
74 10
75 1
76 14
77 15
78 3
79 9
80 12
81 20
82 16
83 18
84 9
85 19
86 11
87 15
88 6
89 2
90 6
91 1
92 5
93 9
94 7
95 12
96 20
97 14
98 14
99 7
100 7
101 12
102 14
103 14
104 13
105 3
106 11
107 11
108 8
109 12
110 20
111 5
112 7
113 10
114 12
115 18
116 18
117 5
118 5
119 6
120 7
121 17
122 5
123 11
124 2
125 20
126 6
127 15
128 4
129 19
130 1
131 17
132 12
133 14
134 11
135 11
136 9
137 9
138 12
139 7
140 12
141 18
142 1
143 8
144 12
145 12
146 5
147 6
148 6
149 18
150 2
151 8
152 18
153 18
154 7
155 10
156 1
157 1
158 1
159 1
160 19
161 18
162 2
163 6
164 19
165 11
166 3
167 1
168 15
169 15
170 15
171 2
172 15
173 6
174 14
175 4
176 12
177 8
178 19
179 15
180 19
181 14
182 14
183 5
184 18
185 12
186 15
187 9
188 5
189 2
190 18
191 7
192 5
193 18
194 6
195 11
196 11
197 19
198 5
199 20
200 18
201 5
202 11
203 18
204 11
205 6
206 7
207 3
208 7
209 12
210 5
211 11
212 6
213 18
214 6
215 4
216 3
217 9
218 15
219 4
220 13
221 8
222 9
223 13
224 7
225 14
226 11
227 10
228 15
229 5
230 16
231 3
232 14
233 5
234 6
235 10
236 19
237 5
238 6
239 16
240 15
241 2
242 6
243 15
244 7
245 18
246 15
247 6
248 13
249 18
250 1
251 16
252 14
253 14
254 12
255 5
256 6
257 12
258 18
259 7
260 18
261 19
262 4
263 15
264 12
265 7
266 20
267 4
268 18
269 14
270 19
271 3
272 6
273 17
274 18
275 15
276 5
277 15
278 14
279 9
280 15
281 5
282 12
283 9
284 15
285 13
286 19
287 11
288 7
289 14
290 5
291 12
292 18
293 19
294 15
295 6
296 18
297 16
298 15
299 4
300 20
301 11
302 18
303 12
304 18
305 6
306 3
307 18
308 1
309 2
310 5
311 14
312 2
313 16
314 11
315 9
316 5
317 14
318 5
319 13
320 18
321 6
322 1
323 4
324 1
325 19
326 18
327 15
328 14
329 1
330 18
331 18
332 7
333 3
334 2
335 8
336 20
337 6
338 3
339 18
340 18
341 6
342 14
343 3
344 18
345 3
346 2
347 14
348 8
349 6
350 7
351 20
352 14
353 7
354 18
355 14
356 19
357 12
358 6
359 6
360 14
361 15
362 4
363 18
364 15
365 6
366 5
367 7
368 10
369 15
370 7
371 5
372 14
373 6
374 14
375 17
376 18
377 5
378 14
379 12
380 5
381 6
382 14
383 6
384 5
385 12
386 14
387 18
388 13
389 5
390 6
391 19
392 14
393 18
394 6
395 11
396 19
397 12
398 5
399 1
400 14
401 5
402 18
403 18
404 6
405 7
406 18
407 15
408 14
409 6
410 5
411 6
412 12
413 12
414 5
415 9
416 14
417 11
418 19
419 17
420 6
421 9
422 19
423 11
424 14
425 14
426 14
427 18
428 1
429 14
430 19
431 5
432 1
433 14
434 7
435 7
436 5
437 14
438 8
439 19
440 14
441 18
442 3
443 15
444 2
445 10
446 20
447 6
448 14
449 7
450 18
451 5
452 15
453 11
454 12
455 7
456 3
457 13
458 18
459 1
460 5
461 7
462 6
463 5
464 7
465 6
466 12
467 5
468 15
469 11
470 2
471 1
472 15
473 18
474 1
475 9
476 2
477 19
478 13
479 2
480 15
481 14
482 1
483 8
484 18
485 18
486 14
487 5
488 4
489 12
490 9
491 15
492 11
493 7
494 7
495 20
496 14
497 6
498 9
499 15
500 2
501 2
502 6
503 11
504 14
505 19
506 1
507 6
508 5
509 18
510 5
511 6
512 18
513 5
514 1
515 3
516 7
517 7
518 12
519 1
520 15
521 11
522 12
523 10
524 7
525 6
526 18
527 15
528 15
529 5
530 14
531 12
532 12
533 15
534 14
535 14
536 14
537 5
538 19
539 7
540 6
541 5
542 1
543 9
544 3
545 7
546 15
547 12
548 19
549 7
550 7
551 3
552 9
553 5
554 14
555 12
556 14
557 20
558 16
559 19
560 6
561 20
562 17
563 9
564 12
565 12
566 5
567 3
568 12
569 16
570 19
571 12
572 4
573 15
574 16
575 6
576 20
577 18
578 9
579 18
580 8
581 1
582 7
583 16
584 12
585 2
586 6
587 14
588 5
589 7
590 1
591 1
592 12
593 17
594 5
595 6
596 12
597 14
598 12
599 15
600 5
601 7
602 1
603 5
604 1
605 14
606 6
607 18
608 7
609 6
610 5
611 7
612 14
613 12
614 5
615 15
616 12
617 11
618 12
619 2
620 15
621 12
622 7
623 3
624 14
625 4
626 12
627 5
628 5
629 19
630 5
631 3
632 18
633 1
634 8
635 1
636 12
637 19
638 7
639 12
640 7
641 20
642 15
643 18
644 14
645 18
646 11
647 14
648 16
649 12
650 14
651 19
652 5
653 9
654 15
655 10
656 19
657 2
658 12
659 6
660 17
661 4
662 7
663 11
664 12
665 7
666 6
667 15
668 6
669 17
670 16
671 1
672 7
673 11
674 16
675 11
676 6
677 1
678 3
679 18
680 14
681 2
682 12
683 12
684 12
685 17
686 12
687 15
688 9
689 1
690 18
691 3
692 1
693 17
694 3
695 18
696 5
697 11
698 3
699 6
700 19
701 3
702 2
703 18
704 15
705 3
706 20
707 11
708 18
709 17
710 15
711 4
712 10
713 15
714 7
715 18
716 14
717 6
718 7
719 15
720 6
721 7
722 15
723 7
724 8
725 14
726 18
727 1
728 11
729 3
730 3
731 20
732 1
733 6
734 19
735 2
736 14
737 6
738 12
739 11
740 5
741 11
742 9
743 1
744 19
745 15
746 7
747 5
748 7
749 6
750 12
751 7
752 19
753 17
754 17
755 12
756 1
757 12
758 17
759 17
760 5
761 18
762 6
763 18
764 1
765 19
766 5
767 1
768 12
769 12
770 3
771 8
772 15
773 1
774 12
775 6
776 6
777 1
778 6
779 20
780 18
781 9
782 1
783 15
784 8
785 14
786 14
787 6
788 6
789 11
790 7
791 18
792 20
793 7
794 14
795 17
796 14
797 15
798 6
799 2
800 12
801 15
802 19
803 2
804 9
805 4
806 12
807 7
808 11
809 15
810 19
811 15
812 18
813 4
814 9
815 7
816 12
817 4
818 10
819 1
820 15
821 12
822 15
823 15
824 1
825 7
826 15
827 12
828 11
829 3
830 6
831 14
832 12
833 16
834 7
835 12
836 3
837 19
838 5
839 3
840 16
841 2
842 1
843 18
844 9
845 18
846 19
847 14
848 6
849 18
850 19
851 6
852 15
853 6
854 6
855 18
856 1
857 5
858 6
859 7
860 12
861 11
862 15
863 7
864 15
865 6
866 15
867 2
868 14
869 7
870 14
871 7
872 15
873 19
874 15
875 15
876 11
877 19
878 7
879 19
880 10
881 2
882 15
883 2
884 18
885 7
886 18
887 11
888 12
889 5
890 14
891 5
892 18
893 4
894 7
895 15
896 17
897 18
898 15
899 15
900 7
901 6
902 8
903 2
904 12
905 1
906 7
907 20
908 3
909 20
910 15
911 19
912 19
913 16
914 20
915 2
916 12
917 18
918 14
919 12
920 3
921 17
922 1
923 5
924 19
925 18
926 12
927 5
928 15
929 15
930 7
931 11
932 18
933 7
934 14
935 5
936 15
937 5
938 15
939 18
940 7
941 7
942 15
943 17
944 10
945 5
946 7
947 4
948 7
949 13
950 12
951 6
952 12
953 15
954 15
955 4
956 5
957 5
958 18
959 15
960 3
961 18
962 1
963 14
964 6
965 15
966 11
967 7
968 14
969 5
970 12
971 5
972 12
973 14
974 1
975 18
976 18
977 14
978 7
979 6
980 3
981 3
982 15
983 11
984 11
985 18
986 2
987 14
988 12
989 7
990 1
991 5
992 1
993 14
994 6
995 12
996 1
997 7
998 5
999 7
