0 675
0 800
0 848
1 765
1 878
1 985
2 779
2 969
2 987
3 178
3 984
3 994
4 24
4 949
4 962
5 402
5 969
5 995
6 825
6 913
6 968
7 796
7 893
7 955
8 106
8 793
8 958
9 949
9 978
9 994
10 214
10 824
10 912
11 132
11 737
11 997
12 830
12 961
12 975
13 506
13 914
13 978
14 903
14 937
14 939
15 689
15 722
15 804
16 61
16 883
16 906
17 352
17 570
17 971
18 613
18 900
18 989
19 228
19 876
19 983
20 586
20 926
20 972
21 514
21 853
21 865
22 820
22 954
22 962
23 460
23 927
23 934
24 4
24 589
24 949
25 719
25 827
25 911
26 643
26 863
26 985
27 899
27 970
27 995
28 318
28 834
28 988
29 44
29 764
29 903
30 152
30 884
30 992
31 864
31 877
31 898
32 805
32 926
32 956
33 842
33 997
33 998
34 969
34 981
34 986
35 795
35 943
35 981
36 648
36 833
36 913
37 376
37 687
37 892
38 482
38 890
38 946
39 945
39 959
39 997
40 860
40 970
40 994
41 922
41 996
41 998
42 829
42 949
42 988
43 745
43 868
43 881
44 29
44 203
44 699
45 871
45 931
45 983
46 497
46 579
46 964
47 739
47 872
47 965
48 657
48 782
48 986
49 495
49 774
49 963
50 687
50 734
50 837
51 468
51 892
51 999
52 612
52 737
52 987
53 332
53 519
53 990
54 80
54 808
54 987
55 368
55 900
55 906
56 135
56 397
56 492
57 442
57 734
57 949
58 564
58 800
58 901
59 545
59 751
59 990
60 476
60 902
60 989
61 16
61 949
61 992
62 788
62 884
62 911
63 752
63 808
63 982
64 635
64 780
64 931
65 324
65 922
65 983
66 899
66 958
66 961
67 236
67 305
67 666
68 712
68 880
68 933
69 366
69 940
69 989
70 626
70 884
70 904
71 120
71 687
71 773
72 771
72 983
72 984
73 418
73 712
73 944
74 880
74 891
74 945
75 883
75 990
75 992
76 647
76 934
76 967
77 245
77 954
77 968
78 819
78 908
78 943
79 93
79 976
79 985
80 54
80 686
80 751
81 199
81 909
81 986
82 464
82 833
82 840
83 706
83 763
83 767
84 385
84 596
84 688
85 765
85 811
85 841
86 190
86 887
86 984
87 827
87 914
87 938
88 705
88 865
88 938
89 735
89 747
89 867
90 957
90 979
90 999
91 842
91 962
91 972
92 434
92 991
92 995
93 79
93 498
93 873
94 416
94 807
94 999
95 888
95 971
95 995
96 706
96 909
96 998
97 838
97 969
97 973
98 481
98 963
98 984
99 337
99 926
99 946
100 885
100 991
100 999
101 395
101 900
101 995
102 212
102 708
102 993
103 425
103 847
103 988
104 248
104 877
104 949
105 432
105 839
105 981
106 8
106 196
106 959
107 423
107 966
107 987
108 335
108 984
108 998
109 890
109 926
109 998
110 792
110 838
110 970
111 319
111 340
111 937
112 631
112 788
112 878
113 464
113 880
113 944
114 394
114 598
114 924
115 203
115 330
115 996
116 890
116 925
116 958
117 367
117 857
117 999
118 718
118 841
118 998
119 321
119 327
119 594
120 71
120 922
120 967
121 709
121 896
121 921
122 175
122 332
122 971
123 764
123 779
123 931
124 671
124 701
124 986
125 405
125 561
125 907
126 337
126 918
126 951
127 295
127 783
127 895
128 362
128 577
128 955
129 325
129 837
129 984
130 808
130 965
130 974
131 713
131 878
131 943
132 11
132 903
132 952
133 635
133 763
133 918
134 876
134 966
134 994
135 56
135 942
135 983
136 781
136 814
136 951
137 243
137 582
137 844
138 838
138 972
138 981
139 622
139 797
139 867
140 522
140 949
140 970
141 909
141 958
141 967
142 590
142 922
142 955
143 580
143 902
143 980
144 878
144 898
144 995
145 658
145 924
145 988
146 864
146 869
146 923
147 420
147 830
147 954
148 697
148 940
148 994
149 855
149 961
149 980
150 501
150 903
150 923
151 900
151 902
151 981
152 30
152 268
152 537
153 666
153 919
153 985
154 157
154 738
154 997
155 744
155 818
155 944
156 250
156 669
156 872
157 154
157 856
157 873
158 944
158 968
158 992
159 739
159 767
159 996
160 753
160 846
160 982
161 598
161 830
161 939
162 205
162 823
162 986
163 337
163 830
163 885
164 837
164 877
164 886
165 784
165 951
165 983
166 216
166 936
166 981
167 840
167 842
167 859
168 171
168 715
168 899
169 799
169 823
169 979
170 866
170 883
170 933
171 168
171 903
171 969
172 874
172 953
172 991
173 730
173 985
173 994
174 484
174 930
174 993
175 122
175 893
175 947
176 440
176 531
176 972
177 758
177 784
177 898
178 3
178 559
178 912
179 905
179 938
179 954
180 480
180 879
180 953
181 203
181 796
181 987
182 584
182 968
182 973
183 316
183 945
183 965
184 612
184 812
184 908
185 761
185 814
185 832
186 593
186 882
186 937
187 781
187 821
187 881
188 943
188 991
188 994
189 551
189 841
189 936
190 86
190 632
190 739
191 894
191 933
191 984
192 519
192 877
192 945
193 331
193 843
193 943
194 778
194 801
194 964
195 305
195 542
195 984
196 106
196 955
196 970
197 637
197 846
197 998
198 281
198 824
198 969
199 81
199 420
199 562
200 864
200 917
200 975
201 377
201 696
201 895
202 877
202 966
202 988
203 44
203 115
203 181
204 441
204 663
204 836
205 162
205 305
205 818
206 590
206 834
206 955
207 920
207 980
207 999
208 894
208 900
208 951
209 796
209 936
209 952
210 605
210 614
210 957
211 590
211 931
211 966
212 102
212 787
212 894
213 844
213 897
213 961
214 10
214 247
214 994
215 568
215 947
215 999
216 166
216 754
216 952
217 543
217 927
217 980
218 695
218 839
218 929
219 644
219 661
219 805
220 403
220 949
220 987
221 553
221 634
221 924
222 504
222 543
222 713
223 826
223 858
223 949
224 854
224 997
224 999
225 943
225 963
225 977
226 924
226 975
226 984
227 944
227 964
227 992
228 19
228 284
228 822
229 249
229 935
229 998
230 798
230 897
230 913
231 694
231 829
231 975
232 795
232 807
232 890
233 931
233 957
233 991
234 698
234 848
234 964
235 655
235 754
235 944
236 67
236 651
236 822
237 310
237 513
237 786
238 390
238 849
238 992
239 840
239 856
239 966
240 874
240 889
240 953
241 735
241 986
241 996
242 806
242 848
242 858
243 137
243 928
243 983
244 831
244 933
244 975
245 77
245 447
245 643
246 520
246 545
246 990
247 214
247 860
247 886
248 104
248 601
248 949
249 229
249 512
249 985
250 156
250 671
250 966
251 567
251 674
251 948
252 804
252 970
252 977
253 963
253 973
253 991
254 456
254 860
254 990
255 410
255 857
255 909
256 586
256 659
256 693
257 919
257 978
257 998
258 849
258 852
258 898
259 297
259 871
259 989
260 763
260 956
260 985
261 924
261 991
261 992
262 954
262 955
262 980
263 588
263 667
263 828
264 659
264 686
264 904
265 351
265 640
265 933
266 495
266 792
266 954
267 633
267 813
267 955
268 152
268 909
268 948
269 701
269 957
269 987
270 696
270 873
270 999
271 306
271 726
271 980
272 297
272 666
272 981
273 795
273 948
273 971
274 320
274 710
274 816
275 381
275 872
275 875
276 652
276 826
276 991
277 696
277 852
277 920
278 382
278 584
278 688
279 475
279 844
279 936
280 491
280 566
280 964
281 198
281 987
281 991
282 743
282 919
282 982
282 995
283 552
283 578
283 790
283 923
284 228
284 713
284 992
284 994
285 478
285 585
285 949
285 958
286 700
286 832
286 850
286 949
287 469
287 521
287 973
287 974
288 701
288 746
288 936
288 978
289 716
289 768
289 964
289 968
290 889
290 913
290 948
290 998
291 857
291 988
291 989
291 995
292 600
292 632
292 752
292 958
293 505
293 802
293 875
293 906
294 928
294 955
294 970
294 982
295 127
295 749
295 830
295 982
296 787
296 975
296 976
296 987
297 259
297 272
297 558
297 670
298 913
298 929
298 942
298 975
299 805
299 817
299 879
299 977
300 657
300 909
300 914
300 957
301 789
301 852
301 854
301 984
302 619
302 917
302 961
302 978
303 522
303 572
303 832
303 982
304 761
304 904
304 976
304 996
305 67
305 195
305 205
305 437
306 271
306 678
306 962
306 964
307 510
307 577
307 598
307 958
308 449
308 748
308 974
308 996
309 346
309 692
309 807
309 881
310 237
310 478
310 696
310 990
311 408
311 650
311 854
311 874
312 694
312 719
312 867
312 986
313 509
313 543
313 840
313 913
314 695
314 946
314 966
314 983
315 563
315 742
315 838
315 862
316 183
316 387
316 810
316 923
317 355
317 764
317 919
317 993
318 28
318 371
318 728
318 927
319 111
319 457
319 885
319 949
320 274
320 780
320 820
320 934
321 119
321 676
321 735
321 961
322 428
322 948
322 989
322 992
323 624
323 947
323 955
323 981
324 65
324 660
324 905
324 974
325 129
325 391
325 820
325 921
326 850
326 855
326 944
326 985
327 119
327 936
327 980
327 982
328 611
328 968
328 974
328 977
329 751
329 909
329 962
329 992
330 115
330 442
330 939
330 990
331 193
331 376
331 734
331 921
332 53
332 122
332 978
332 999
333 953
333 960
333 968
333 980
334 544
334 803
334 986
334 999
335 108
335 724
335 733
335 834
336 731
336 808
336 848
336 907
337 99
337 126
337 163
337 725
338 872
338 957
338 960
338 981
339 357
339 526
339 925
339 929
340 111
340 647
340 897
340 939
341 851
341 979
341 986
341 997
342 890
342 939
342 967
342 993
343 691
343 950
343 960
343 988
344 915
344 975
344 976
344 979
345 770
345 776
345 899
345 980
346 309
346 831
346 903
346 912
347 352
347 612
347 817
347 843
348 784
348 902
348 920
348 946
349 502
349 650
349 952
349 994
350 351
350 941
350 955
350 997
351 265
351 350
351 446
351 914
352 17
352 347
352 964
352 968
353 766
353 856
353 900
353 967
354 479
354 720
354 939
354 985
355 317
355 647
355 932
355 995
356 474
356 538
356 818
356 924
357 339
357 412
357 995
357 997
358 901
358 951
358 975
358 997
359 396
359 851
359 979
359 982
360 668
360 968
360 984
360 993
361 499
361 858
361 946
361 959
362 128
362 885
362 893
362 934
363 540
363 780
363 849
363 994
364 905
364 938
364 942
364 991
365 845
365 901
365 906
365 964
366 69
366 597
366 614
366 999
367 117
367 814
367 941
367 967
368 55
368 818
368 944
368 958
369 870
369 882
369 959
369 991
370 848
370 909
370 930
370 989
371 318
371 569
371 937
371 951
372 494
372 922
372 968
372 993
373 383
373 926
373 959
373 994
374 707
374 918
374 938
374 993
375 704
375 753
375 901
375 943
376 37
376 331
376 603
376 951
377 201
377 550
377 654
377 998
378 716
378 731
378 837
378 973
379 876
379 952
379 981
379 988
380 487
380 677
380 821
380 998
381 275
381 404
381 762
381 924
382 278
382 427
382 745
382 977
383 373
383 577
383 914
383 979
384 927
384 937
384 966
384 997
385 84
385 649
385 950
385 978
386 854
386 944
386 968
386 973
387 316
387 512
387 610
387 932
388 457
388 517
388 949
388 973
389 537
389 791
389 848
389 971
390 238
390 862
390 986
390 994
391 325
391 865
391 911
391 978
392 786
392 952
392 962
392 968
393 833
393 893
393 958
393 985
394 114
394 736
394 858
394 994
395 101
395 876
395 978
395 984
396 359
396 418
396 877
396 959
397 56
397 750
397 800
397 811
398 921
398 935
398 956
398 994
399 922
399 990
399 993
399 997
400 765
400 785
400 831
400 920
401 508
401 881
401 968
401 998
402 5
402 892
402 932
402 991
403 220
403 706
403 726
403 975
404 381
404 409
404 602
404 607
405 125
405 932
405 940
405 999
406 920
406 925
406 951
406 976
407 642
407 924
407 949
407 953
408 311
408 507
408 785
408 915
409 404
409 411
409 520
409 884
410 255
410 644
410 956
410 976
411 409
411 560
411 812
411 922
412 357
412 658
412 690
412 977
413 415
413 806
413 825
413 988
414 689
414 857
414 927
414 994
415 413
415 649
415 804
415 844
416 94
416 891
416 977
416 993
417 673
417 765
417 808
417 863
418 73
418 396
418 871
418 924
419 472
419 753
419 896
419 947
420 147
420 199
420 741
420 798
421 495
421 578
421 804
421 844
422 505
422 658
422 912
422 984
423 107
423 933
423 940
423 966
424 965
424 987
424 989
424 993
425 103
425 429
425 787
425 970
426 680
426 735
426 935
426 987
427 382
427 645
427 947
427 985
428 322
428 549
428 743
428 967
429 425
429 489
429 530
429 618
430 490
430 543
430 700
430 924
431 435
431 937
431 971
431 980
432 105
432 963
432 992
432 996
433 496
433 679
433 987
433 994
434 92
434 792
434 793
434 869
435 431
435 524
435 793
435 840
436 944
436 956
436 957
436 973
437 305
437 870
437 946
437 987
438 724
438 867
438 902
438 957
439 628
439 744
439 877
439 971
440 176
440 647
440 958
440 977
441 204
441 915
441 939
441 961
442 57
442 330
442 980
442 981
443 811
443 965
443 993
443 995
444 915
444 932
444 979
444 986
445 796
445 880
445 944
445 972
446 351
446 530
446 914
446 973
447 245
447 833
447 951
447 979
448 868
448 922
448 973
448 976
449 308
449 630
449 807
449 948
450 917
450 947
450 985
450 989
451 627
451 676
451 923
451 925
451 959
452 652
452 874
452 910
452 917
452 929
453 749
453 876
453 966
453 970
453 983
454 612
454 627
454 864
454 916
454 988
455 503
455 927
455 961
455 989
455 999
456 254
456 729
456 741
456 960
456 980
457 319
457 388
457 591
457 855
457 989
458 484
458 499
458 816
458 843
458 957
459 922
459 961
459 962
459 980
459 996
460 23
460 892
460 928
460 983
460 998
461 582
461 740
461 888
461 964
461 997
462 586
462 875
462 916
462 964
462 994
463 564
463 582
463 610
463 945
463 958
464 82
464 113
464 515
464 948
464 989
465 674
465 733
465 798
465 859
465 895
466 676
466 818
466 921
466 950
466 995
467 513
467 889
467 930
467 949
467 998
468 51
468 515
468 622
468 898
468 938
469 287
469 471
469 728
469 743
469 931
470 484
470 757
470 867
470 883
470 973
471 469
471 905
471 942
471 962
471 974
472 419
472 527
472 657
472 809
472 959
473 522
473 884
473 932
473 958
473 967
474 356
474 519
474 851
474 992
474 996
475 279
475 490
475 804
475 916
475 977
476 60
476 829
476 841
476 883
476 984
477 744
477 877
477 927
477 965
477 973
478 285
478 310
478 852
478 949
478 969
479 354
479 799
479 851
479 976
479 986
480 180
480 642
480 759
480 874
480 965
481 98
481 951
481 968
481 987
481 995
482 38
482 602
482 742
482 974
482 989
483 771
483 784
483 902
483 987
483 992
484 174
484 458
484 470
484 646
484 886
485 630
485 737
485 780
485 874
485 985
486 731
486 919
486 934
486 963
486 973
487 380
487 594
487 622
487 806
487 998
488 661
488 705
488 893
488 947
488 955
489 429
489 786
489 806
489 816
489 977
490 430
490 475
490 814
490 952
490 965
491 280
491 828
491 856
491 882
491 981
492 56
492 503
492 547
492 788
492 994
493 549
493 638
493 819
493 951
493 955
494 372
494 516
494 863
494 988
494 999
495 49
495 266
495 421
495 820
495 909
496 433
496 691
496 723
496 986
496 987
497 46
497 750
497 942
497 979
497 994
498 93
498 742
498 893
498 907
498 953
499 361
499 458
499 714
499 898
499 959
500 595
500 681
500 881
500 931
500 986
501 150
501 681
501 723
501 960
501 986
502 349
502 525
502 677
502 972
502 973
503 455
503 492
503 733
503 983
503 984
504 222
504 725
504 787
504 831
504 983
505 293
505 422
505 868
505 879
505 929
506 13
506 635
506 648
506 756
506 916
507 408
507 717
507 928
507 934
507 994
508 401
508 870
508 945
508 991
508 997
509 313
509 849
509 953
509 961
509 975
510 307
510 877
510 890
510 927
510 969
511 676
511 783
511 951
511 979
511 998
512 249
512 387
512 584
512 712
512 761
513 237
513 467
513 666
513 824
513 952
514 21
514 677
514 728
514 905
514 962
515 464
515 468
515 839
515 908
515 968
516 494
516 601
516 860
516 986
516 997
517 388
517 815
517 894
517 904
517 997
518 564
518 826
518 972
518 986
518 992
519 53
519 192
519 474
519 675
519 915
520 246
520 409
520 936
520 962
520 981
521 287
521 829
521 901
521 983
521 984
522 140
522 303
522 473
522 919
522 985
523 655
523 748
523 818
523 944
523 977
524 435
524 887
524 933
524 938
524 989
525 502
525 873
525 951
525 963
525 979
526 339
526 568
526 884
526 958
526 992
527 472
527 931
527 938
527 959
527 998
528 533
528 566
528 599
528 827
528 882
529 891
529 900
529 987
529 991
529 994
530 429
530 446
530 534
530 681
530 993
531 176
531 564
531 746
531 915
531 988
532 782
532 864
532 972
532 985
532 988
533 528
533 707
533 928
533 941
533 942
534 530
534 831
534 967
534 986
534 987
535 548
535 873
535 963
535 968
535 998
536 758
536 847
536 960
536 963
536 977
537 152
537 389
537 724
537 889
537 927
538 356
538 700
538 877
538 942
538 958
539 589
539 860
539 897
539 970
539 997
540 363
540 563
540 733
540 788
540 980
541 799
541 889
541 895
541 923
541 999
542 195
542 905
542 949
542 974
542 996
543 217
543 222
543 313
543 430
543 688
544 334
544 730
544 836
544 980
544 985
545 59
545 246
545 757
545 913
545 999
546 656
546 872
546 895
546 982
546 988
547 492
547 674
547 885
547 919
547 950
548 535
548 881
548 912
548 924
548 976
549 428
549 493
549 672
549 893
549 999
550 377
550 688
550 834
550 980
550 989
551 189
551 718
551 836
551 974
551 981
552 283
552 670
552 688
552 832
552 996
553 221
553 773
553 957
553 975
553 998
554 796
554 803
554 837
554 934
554 977
555 584
555 749
555 842
555 970
555 991
556 725
556 858
556 868
556 986
556 993
557 897
557 909
557 914
557 995
557 999
558 297
558 670
558 767
558 833
558 876
558 984
559 178
559 744
559 873
559 889
559 930
559 991
560 411
560 720
560 823
560 854
560 960
560 990
561 125
561 580
561 796
561 868
561 907
561 909
562 199
562 593
562 753
562 839
562 921
562 974
563 315
563 540
563 578
563 781
563 961
563 974
564 58
564 463
564 518
564 531
564 862
564 988
565 621
565 736
565 832
565 903
565 976
565 995
566 280
566 528
566 766
566 790
566 945
566 956
567 251
567 857
567 960
567 980
567 981
567 996
568 215
568 526
568 639
568 792
568 919
568 972
569 371
569 574
569 759
569 808
569 840
569 913
570 17
570 629
570 637
570 791
570 924
570 993
571 603
571 621
571 684
571 721
571 802
571 816
572 303
572 704
572 813
572 883
572 947
572 955
573 797
573 852
573 935
573 960
573 965
573 985
574 569
574 583
574 697
574 706
574 913
574 950
575 837
575 854
575 870
575 875
575 901
575 964
576 635
576 706
576 779
576 910
576 914
576 974
577 128
577 307
577 383
577 763
577 873
577 976
578 283
578 421
578 563
578 761
578 793
578 878
579 46
579 762
579 843
579 855
579 892
579 930
580 143
580 561
580 688
580 771
580 902
580 996
581 627
581 710
581 732
581 797
581 905
581 990
582 137
582 461
582 463
582 757
582 859
582 999
583 574
583 670
583 674
583 946
583 967
583 989
584 182
584 278
584 512
584 555
584 835
584 988
585 285
585 789
585 803
585 908
585 915
585 986
586 20
586 256
586 462
586 769
586 853
586 976
587 682
587 785
587 917
587 968
587 993
587 996
588 263
588 760
588 866
588 894
588 956
588 991
589 24
589 539
589 794
589 802
589 930
589 933
590 142
590 206
590 211
590 602
590 671
590 683
591 457
591 602
591 857
591 929
591 974
591 992
592 596
592 716
592 800
592 899
592 972
592 982
593 186
593 562
593 709
593 943
593 970
593 990
594 119
594 487
594 709
594 926
594 945
594 957
595 500
595 775
595 778
595 875
595 971
595 979
596 84
596 592
596 678
596 888
596 908
596 995
597 366
597 778
597 831
597 933
597 963
597 987
598 114
598 161
598 307
598 888
598 952
598 984
599 528
599 654
599 682
599 812
599 815
599 866
600 292
600 663
600 969
600 991
600 993
600 998
601 248
601 516
601 650
601 721
601 859
601 888
602 404
602 482
602 590
602 591
602 793
602 982
603 376
603 571
603 795
603 935
603 956
603 991
604 660
604 743
604 844
604 856
604 945
604 962
605 210
605 750
605 890
605 919
605 968
605 977
606 660
606 699
606 798
606 805
606 942
606 979
607 404
607 703
607 811
607 882
607 925
607 975
608 699
608 840
608 863
608 930
608 992
608 999
609 703
609 834
609 865
609 900
609 964
609 979
610 387
610 463
610 838
610 935
610 973
610 979
611 328
611 640
611 748
611 789
611 825
611 879
612 52
612 184
612 347
612 454
612 642
612 977
613 18
613 658
613 832
613 962
613 990
613 995
614 210
614 366
614 759
614 910
614 944
614 998
615 654
615 690
615 950
615 953
615 954
615 963
616 738
616 820
616 892
616 917
616 926
616 995
617 781
617 861
617 871
617 947
617 983
617 984
618 429
618 686
618 904
618 934
618 950
618 953
619 302
619 841
619 864
619 874
619 915
619 986
620 672
620 752
620 875
620 924
620 929
620 954
621 565
621 571
621 663
621 821
621 938
621 947
622 139
622 468
622 487
622 702
622 941
622 967
623 659
623 675
623 774
623 908
623 920
623 981
624 323
624 650
624 863
624 868
624 934
624 962
625 711
625 930
625 947
625 955
625 975
625 996
626 70
626 800
626 867
626 910
626 920
626 995
627 451
627 454
627 581
627 630
627 969
627 983
628 439
628 945
628 952
628 969
628 990
628 991
629 570
629 637
629 670
629 911
629 960
629 975
630 449
630 485
630 627
630 824
630 957
630 969
631 112
631 914
631 920
631 948
631 980
631 981
632 190
632 292
632 732
632 942
632 976
632 990
633 267
633 842
633 905
633 955
633 974
633 993
634 221
634 672
634 737
634 771
634 784
634 887
634 902
635 64
635 133
635 506
635 576
635 889
635 907
635 990
636 673
636 738
636 742
636 821
636 904
636 931
636 995
637 197
637 570
637 629
637 678
637 810
637 930
637 946
638 493
638 672
638 760
638 826
638 827
638 971
638 997
639 568
639 642
639 879
639 945
639 950
639 952
639 988
640 265
640 611
640 831
640 834
640 984
640 998
640 999
641 731
641 846
641 873
641 907
641 914
641 969
641 987
642 407
642 480
642 612
642 639
642 687
642 811
642 812
643 26
643 245
643 703
643 748
643 861
643 884
643 929
644 219
644 410
644 715
644 720
644 977
644 987
644 993
645 427
645 681
645 695
645 808
645 886
645 961
645 997
646 484
646 808
646 876
646 878
646 963
646 983
646 984
647 76
647 340
647 355
647 440
647 818
647 848
647 973
648 36
648 506
648 763
648 833
648 839
648 913
648 939
649 385
649 415
649 683
649 727
649 816
649 835
649 942
650 311
650 349
650 601
650 624
650 786
650 961
650 989
651 236
651 656
651 807
651 850
651 853
651 879
651 974
652 276
652 452
652 881
652 923
652 930
652 969
652 991
653 685
653 688
653 814
653 844
653 853
653 908
653 989
654 377
654 599
654 615
654 698
654 736
654 938
654 987
655 235
655 523
655 880
655 944
655 983
655 993
655 996
656 546
656 651
656 661
656 700
656 810
656 873
656 971
657 48
657 300
657 472
657 702
657 929
657 975
657 986
658 145
658 412
658 422
658 613
658 946
658 972
658 992
659 256
659 264
659 623
659 662
659 668
659 830
659 921
660 324
660 604
660 606
660 693
660 795
660 896
660 940
661 219
661 488
661 656
661 870
661 913
661 947
661 955
662 659
662 723
662 749
662 871
662 941
662 964
662 986
663 204
663 600
663 621
663 675
663 828
663 880
663 983
664 683
664 827
664 896
664 926
664 936
664 970
664 986
665 696
665 885
665 904
665 933
665 940
665 947
665 999
666 67
666 153
666 272
666 513
666 761
666 851
666 977
667 263
667 697
667 704
667 801
667 809
667 851
667 857
668 360
668 659
668 775
668 788
668 926
668 968
668 978
669 156
669 709
669 835
669 896
669 921
669 943
669 993
670 297
670 552
670 558
670 583
670 629
670 913
670 945
671 124
671 250
671 590
671 824
671 904
671 941
671 990
672 549
672 620
672 634
672 638
672 774
672 941
672 978
673 417
673 636
673 680
673 707
673 828
673 836
673 997
674 251
674 465
674 547
674 583
674 833
674 840
674 932
675 0
675 519
675 623
675 663
675 876
675 956
675 966
676 321
676 451
676 466
676 511
676 858
676 880
676 994
677 380
677 502
677 514
677 974
677 990
677 993
677 996
678 306
678 596
678 637
678 839
678 864
678 908
678 981
679 433
679 715
679 719
679 840
679 925
679 961
679 971
680 426
680 673
680 777
680 794
680 870
680 943
680 981
681 500
681 501
681 530
681 645
681 899
681 903
681 915
682 587
682 599
682 777
682 781
682 832
682 916
682 952
683 590
683 649
683 664
683 916
683 943
683 959
683 988
684 571
684 691
684 755
684 896
684 962
684 970
684 998
685 653
685 758
685 804
685 921
685 943
685 968
685 972
686 80
686 264
686 618
686 810
686 868
686 950
686 982
687 37
687 50
687 71
687 642
687 745
687 953
687 976
688 84
688 278
688 543
688 550
688 552
688 580
688 653
689 15
689 414
689 726
689 842
689 894
689 974
689 990
690 412
690 615
690 780
690 855
690 866
690 897
690 944
691 343
691 496
691 684
691 694
691 853
691 981
691 988
692 309
692 743
692 934
692 988
692 990
692 992
692 996
693 256
693 660
693 695
693 696
693 921
693 943
693 954
694 231
694 312
694 691
694 855
694 920
694 961
694 980
695 218
695 314
695 645
695 693
695 726
695 875
695 897
695 975
696 201
696 270
696 277
696 310
696 665
696 693
696 857
696 935
697 148
697 574
697 667
697 861
697 966
697 983
697 984
697 985
698 234
698 654
698 701
698 729
698 878
698 902
698 920
698 960
699 44
699 606
699 608
699 712
699 871
699 922
699 951
699 964
700 286
700 430
700 538
700 656
700 760
700 916
700 932
700 985
701 124
701 269
701 288
701 698
701 836
701 922
701 960
701 980
702 622
702 657
702 703
702 718
702 824
702 867
702 881
702 986
703 607
703 609
703 643
703 702
703 917
703 952
703 961
703 998
704 375
704 572
704 667
704 929
704 942
704 949
704 953
704 957
705 88
705 488
705 766
705 775
705 908
705 960
705 980
705 981
706 83
706 96
706 403
706 574
706 576
706 779
706 914
706 997
707 374
707 533
707 673
707 722
707 828
707 874
707 983
707 984
708 102
708 785
708 839
708 843
708 845
708 849
708 976
708 987
709 121
709 593
709 594
709 669
709 711
709 763
709 943
709 960
710 274
710 581
710 864
710 942
710 951
710 953
710 965
710 975
711 625
711 709
711 813
711 845
711 861
711 947
711 955
711 974
712 68
712 73
712 512
712 699
712 751
712 761
712 818
712 944
713 131
713 222
713 284
713 910
713 922
713 924
713 965
713 982
714 499
714 738
714 799
714 869
714 948
714 980
714 989
714 999
715 168
715 644
715 679
715 815
715 925
715 975
715 976
715 982
716 289
716 378
716 592
716 817
716 826
716 847
716 918
716 925
717 507
717 720
717 733
717 773
717 846
717 883
717 891
717 951
718 118
718 551
718 702
718 940
718 946
718 959
718 989
718 997
719 25
719 312
719 679
719 821
719 953
719 954
719 978
719 982
720 354
720 560
720 644
720 717
720 749
720 858
720 913
720 936
721 571
721 601
721 723
721 815
721 862
721 940
721 953
721 993
722 15
722 707
722 768
722 845
722 866
722 899
722 929
722 959
723 496
723 501
723 662
723 721
723 885
723 932
723 949
723 997
724 335
724 438
724 537
724 727
724 784
724 874
724 902
724 949
725 337
725 504
725 556
725 831
725 852
725 870
725 882
725 947
726 271
726 403
726 689
726 695
726 873
726 884
726 892
726 923
727 649
727 724
727 905
727 937
727 960
727 990
727 992
727 996
728 318
728 469
728 514
728 741
728 896
728 941
728 983
728 984
729 456
729 698
729 762
729 895
729 902
729 921
729 960
729 981
730 173
730 544
730 866
730 960
730 980
730 981
730 985
730 999
731 336
731 378
731 486
731 641
731 907
731 914
731 990
731 991
732 581
732 632
732 844
732 941
732 960
732 974
732 990
732 992
733 335
733 465
733 503
733 540
733 717
733 909
733 964
733 997
734 50
734 57
734 331
734 752
734 837
734 879
734 926
734 997
735 89
735 241
735 321
735 426
735 883
735 966
735 986
735 991
736 394
736 565
736 654
736 796
736 870
736 890
736 963
736 983
737 11
737 52
737 485
737 634
737 798
737 901
737 943
737 951
737 979
738 154
738 616
738 636
738 714
738 749
738 757
738 906
738 918
738 950
739 47
739 159
739 190
739 810
739 931
739 966
739 983
739 984
739 996
740 461
740 744
740 747
740 777
740 828
740 838
740 937
740 971
740 998
741 420
741 456
741 728
741 789
741 923
741 931
741 943
741 966
741 983
742 315
742 482
742 498
742 636
742 781
742 804
742 805
742 880
742 963
743 282
743 428
743 469
743 604
743 692
743 767
743 817
743 979
743 996
744 155
744 439
744 477
744 559
744 740
744 790
744 802
744 879
744 940
745 43
745 382
745 687
745 748
745 884
745 899
745 936
745 953
745 982
746 288
746 531
746 800
746 899
746 931
746 940
746 948
746 974
746 978
747 89
747 740
747 766
747 821
747 858
747 862
747 956
747 969
747 999
748 308
748 523
748 611
748 643
748 745
748 790
748 863
748 933
748 941
749 295
749 453
749 555
749 662
749 720
749 738
749 776
749 853
749 941
750 397
750 497
750 605
750 752
750 755
750 768
750 798
750 972
750 985
751 59
751 80
751 329
751 712
751 910
751 930
751 960
751 967
751 978
752 63
752 292
752 620
752 734
752 750
752 850
752 873
752 983
752 994
753 160
753 375
753 419
753 562
753 759
753 844
753 910
753 943
753 995
754 216
754 235
754 758
754 759
754 803
754 887
754 896
754 921
754 943
755 684
755 750
755 806
755 853
755 877
755 888
755 921
755 926
755 956
756 506
756 865
756 905
756 906
756 948
756 974
756 977
756 992
756 996
757 470
757 545
757 582
757 738
757 779
757 926
757 950
757 987
757 995
758 177
758 536
758 685
758 754
758 896
758 907
758 910
758 921
758 967
759 480
759 569
759 614
759 753
759 754
759 795
759 883
759 921
759 981
760 588
760 638
760 700
760 791
760 830
760 869
760 923
760 971
760 998
761 185
761 304
761 512
761 578
761 666
761 712
761 917
761 920
761 932
762 381
762 579
762 729
762 775
762 776
762 901
762 951
762 980
762 991
763 83
763 133
763 260
763 577
763 648
763 709
763 922
763 939
763 950
764 29
764 123
764 317
764 771
764 777
764 849
764 962
764 990
764 992
765 1
765 85
765 400
765 417
765 802
765 911
765 912
765 987
765 993
766 353
766 566
766 705
766 747
766 945
766 950
766 982
766 991
766 998
767 83
767 159
767 558
767 743
767 771
767 819
767 835
767 992
767 996
768 289
768 722
768 750
768 810
768 908
768 952
768 962
768 970
768 995
769 586
769 774
769 809
769 849
769 888
769 950
769 952
769 972
769 997
770 345
770 772
770 829
770 831
770 860
770 908
770 920
770 963
770 980
771 72
771 483
771 580
771 634
771 764
771 767
771 884
771 902
771 906
772 770
772 801
772 815
772 823
772 826
772 898
772 944
772 965
772 979
772 995
773 71
773 553
773 717
773 816
773 962
773 965
773 976
773 990
773 992
773 996
774 49
774 623
774 672
774 769
774 857
774 888
774 926
774 969
774 970
774 995
775 595
775 668
775 705
775 762
775 784
775 848
775 914
775 941
775 956
775 994
776 345
776 749
776 762
776 778
776 792
776 852
776 858
776 932
776 944
776 994
777 680
777 682
777 740
777 764
777 817
777 819
777 925
777 990
777 992
777 996
778 194
778 595
778 597
778 776
778 847
778 848
778 880
778 894
778 928
778 994
779 2
779 123
779 576
779 706
779 757
779 792
779 907
779 909
779 910
779 933
780 64
780 320
780 363
780 485
780 690
780 866
780 937
780 985
780 992
780 999
781 136
781 187
781 563
781 617
781 682
781 742
781 814
781 887
781 904
781 914
782 48
782 532
782 813
782 824
782 954
782 962
782 968
782 990
782 992
782 996
783 127
783 511
783 811
783 855
783 857
783 882
783 887
783 953
783 954
783 988
784 165
784 177
784 348
784 483
784 634
784 724
784 775
784 786
784 859
784 980
785 400
785 408
785 587
785 708
785 913
785 918
785 929
785 967
785 973
785 998
786 237
786 392
786 489
786 650
786 784
786 875
786 934
786 954
786 973
786 987
787 212
787 296
787 425
787 504
787 830
787 850
787 854
787 865
787 938
787 979
788 62
788 112
788 492
788 540
788 668
788 789
788 794
788 853
788 888
788 964
789 301
789 585
789 611
789 741
789 788
789 808
789 892
789 931
789 951
789 984
790 283
790 566
790 744
790 748
790 791
790 807
790 903
790 967
790 989
790 997
791 389
791 570
791 760
791 790
791 892
791 897
791 916
791 925
791 932
791 976
792 110
792 266
792 434
792 568
792 776
792 779
792 907
792 909
792 935
792 978
793 8
793 434
793 435
793 578
793 602
793 863
793 864
793 878
793 905
793 999
794 589
794 680
794 788
794 796
794 911
794 948
794 968
794 986
794 987
794 993
795 35
795 232
795 273
795 603
795 660
795 759
795 825
795 896
795 976
795 977
796 7
796 181
796 209
796 445
796 554
796 561
796 736
796 794
796 898
796 993
797 139
797 573
797 581
797 836
797 852
797 868
797 942
797 959
797 982
797 997
798 230
798 420
798 465
798 606
798 737
798 750
798 911
798 925
798 991
798 994
799 169
799 479
799 541
799 714
799 830
799 853
799 867
799 881
799 883
799 915
800 0
800 58
800 397
800 592
800 626
800 746
800 827
800 994
800 995
800 999
801 194
801 667
801 772
801 869
801 895
801 914
801 920
801 936
801 961
801 965
802 293
802 571
802 589
802 744
802 765
802 813
802 877
802 911
802 929
802 996
803 334
803 554
803 585
803 754
803 841
803 867
803 915
803 926
803 977
803 991
804 15
804 252
804 415
804 421
804 475
804 685
804 742
804 814
804 917
804 985
805 32
805 219
805 299
805 606
805 742
805 817
805 937
805 947
805 955
805 992
806 242
806 413
806 487
806 489
806 755
806 888
806 946
806 972
806 977
806 999
807 94
807 232
807 309
807 449
807 651
807 790
807 906
807 929
807 946
807 954
808 54
808 63
808 130
808 336
808 417
808 569
808 645
808 646
808 789
808 887
808 984
809 472
809 667
809 769
809 835
809 866
809 899
809 910
809 945
809 969
809 982
809 989
810 316
810 637
810 656
810 686
810 739
810 768
810 846
810 882
810 911
810 924
810 973
811 85
811 397
811 443
811 607
811 642
811 783
811 812
811 875
811 887
811 928
811 942
812 184
812 411
812 599
812 642
812 811
812 915
812 917
812 932
812 958
812 961
812 985
813 267
813 572
813 711
813 782
813 802
813 817
813 891
813 892
813 893
813 947
813 990
814 136
814 185
814 367
814 490
814 653
814 781
814 804
814 818
814 844
814 976
814 995
815 517
815 599
815 715
815 721
815 772
815 823
815 828
815 859
815 930
815 946
815 948
816 274
816 458
816 489
816 571
816 649
816 773
816 827
816 845
816 916
816 968
816 988
817 299
817 347
817 716
817 743
817 777
817 805
817 813
817 855
817 893
817 947
817 955
818 155
818 205
818 356
818 368
818 466
818 523
818 647
818 712
818 814
818 880
818 944
819 78
819 493
819 767
819 777
819 851
819 860
819 876
819 974
819 990
819 992
819 996
820 22
820 320
820 325
820 495
820 616
820 822
820 826
820 847
820 862
820 936
820 994
821 187
821 380
821 621
821 636
821 719
821 747
821 825
821 827
821 828
821 835
821 860
822 228
822 236
822 820
822 852
822 862
822 874
822 890
822 905
822 928
822 939
822 956
823 162
823 169
823 560
823 772
823 815
823 920
823 942
823 948
823 954
823 958
823 965
824 10
824 198
824 513
824 630
824 671
824 702
824 782
824 856
824 905
824 956
824 990
824 996
825 6
825 413
825 611
825 795
825 821
825 885
825 893
825 894
825 930
825 978
825 988
825 989
826 223
826 276
826 518
826 638
826 716
826 772
826 820
826 882
826 892
826 895
826 910
826 929
827 25
827 87
827 528
827 638
827 664
827 800
827 816
827 821
827 831
827 962
827 970
827 972
828 263
828 491
828 663
828 673
828 707
828 740
828 815
828 821
828 859
828 931
828 966
828 984
829 42
829 231
829 476
829 521
829 770
829 836
829 839
829 925
829 980
829 981
829 995
829 997
830 12
830 147
830 161
830 163
830 295
830 659
830 760
830 787
830 799
830 851
830 925
830 987
831 244
831 346
831 400
831 504
831 534
831 597
831 640
831 725
831 770
831 827
831 934
831 991
832 185
832 286
832 303
832 552
832 565
832 613
832 682
832 914
832 938
832 952
832 966
832 982
833 36
833 82
833 393
833 447
833 558
833 648
833 674
833 902
833 913
833 949
833 974
833 982
834 28
834 206
834 335
834 550
834 609
834 640
834 869
834 946
834 954
834 986
834 987
834 989
835 584
835 649
835 669
835 767
835 809
835 821
835 879
835 904
835 950
835 956
835 970
835 986
836 204
836 544
836 551
836 673
836 701
836 797
836 829
836 863
836 939
836 953
836 960
836 980
837 50
837 129
837 164
837 378
837 554
837 575
837 734
837 842
837 865
837 879
837 911
837 983
838 97
838 110
838 138
838 315
838 610
838 740
838 912
838 956
838 957
838 971
838 980
838 998
839 105
839 218
839 515
839 562
839 648
839 678
839 708
839 829
839 927
839 960
839 981
839 983
840 82
840 167
840 239
840 313
840 435
840 569
840 608
840 674
840 679
840 876
840 906
840 913
841 85
841 118
841 189
841 476
841 619
841 803
841 847
841 883
841 903
841 936
841 949
841 966
841 986
842 33
842 91
842 167
842 555
842 633
842 689
842 837
842 856
842 919
842 936
842 962
842 986
842 990
843 193
843 347
843 458
843 579
843 708
843 867
843 891
843 892
843 901
843 928
843 932
843 940
843 985
844 137
844 213
844 279
844 415
844 421
844 604
844 653
844 732
844 753
844 814
844 854
844 878
844 884
845 365
845 708
845 711
845 722
845 816
845 855
845 886
845 932
845 939
845 976
845 985
845 989
845 992
846 160
846 197
846 641
846 717
846 810
846 853
846 877
846 912
846 917
846 924
846 945
846 950
846 977
847 103
847 536
847 716
847 778
847 820
847 841
847 848
847 918
847 932
847 934
847 944
847 963
847 977
848 0
848 234
848 242
848 336
848 370
848 389
848 647
848 775
848 778
848 847
848 951
848 987
848 990
849 238
849 258
849 363
849 509
849 708
849 764
849 769
849 882
849 886
849 897
849 979
849 985
849 993
850 286
850 326
850 651
850 752
850 787
850 879
850 912
850 924
850 927
850 932
850 955
850 975
850 983
851 341
851 359
851 474
851 479
851 666
851 667
851 819
851 830
851 872
851 901
851 959
851 964
851 994
852 258
852 277
852 301
852 478
852 573
852 725
852 776
852 797
852 822
852 899
852 965
852 969
852 982
853 21
853 586
853 651
853 653
853 691
853 749
853 755
853 788
853 799
853 846
853 964
853 979
853 996
854 224
854 301
854 311
854 386
854 560
854 575
854 787
854 844
854 916
854 964
854 979
854 994
854 998
855 149
855 326
855 457
855 579
855 690
855 694
855 783
855 817
855 845
855 898
855 953
855 975
855 976
856 157
856 239
856 353
856 491
856 604
856 824
856 842
856 866
856 886
856 894
856 962
856 992
856 996
857 117
857 255
857 291
857 414
857 567
857 591
857 667
857 696
857 774
857 783
857 891
857 935
857 998
858 223
858 242
858 361
858 394
858 556
858 676
858 720
858 747
858 776
858 894
858 928
858 951
858 994
859 167
859 465
859 582
859 601
859 784
859 815
859 828
859 871
859 873
859 876
859 885
859 922
859 989
859 999
860 40
860 247
860 254
860 516
860 539
860 770
860 819
860 821
860 861
860 863
860 919
860 970
860 988
860 995
861 617
861 643
861 697
861 711
861 860
861 876
861 887
861 920
861 924
861 931
861 966
861 972
861 976
861 983
862 315
862 390
862 564
862 721
862 747
862 820
862 822
862 898
862 899
862 910
862 937
862 938
862 953
862 995
863 26
863 417
863 494
863 608
863 624
863 748
863 793
863 836
863 860
863 894
863 908
863 930
863 948
863 959
864 31
864 146
864 200
864 454
864 532
864 619
864 678
864 710
864 793
864 875
864 898
864 910
864 928
864 982
865 21
865 88
865 391
865 609
865 756
865 787
865 837
865 942
865 948
865 951
865 957
865 961
865 979
865 994
866 170
866 588
866 599
866 690
866 722
866 730
866 780
866 809
866 856
866 920
866 928
866 936
866 982
866 990
867 89
867 139
867 312
867 438
867 470
867 626
867 702
867 799
867 803
867 843
867 881
867 911
867 916
867 939
867 986
868 43
868 448
868 505
868 556
868 561
868 624
868 686
868 797
868 882
868 889
868 890
868 918
868 966
868 987
868 997
869 146
869 434
869 714
869 760
869 801
869 834
869 889
869 906
869 930
869 952
869 964
869 967
869 978
869 998
869 999
870 369
870 437
870 508
870 575
870 661
870 680
870 725
870 736
870 882
870 918
870 963
870 973
870 990
870 993
870 998
871 45
871 259
871 418
871 617
871 662
871 699
871 859
871 906
871 919
871 933
871 948
871 968
871 977
871 983
871 989
872 47
872 156
872 275
872 338
872 546
872 851
872 932
872 935
872 936
872 954
872 956
872 959
872 968
872 982
872 988
873 93
873 157
873 270
873 525
873 535
873 559
873 577
873 641
873 656
873 726
873 752
873 859
873 911
873 912
873 924
874 172
874 240
874 311
874 452
874 480
874 485
874 619
874 707
874 724
874 822
874 895
874 941
874 963
874 978
874 982
875 275
875 293
875 462
875 575
875 595
875 620
875 695
875 786
875 811
875 864
875 905
875 938
875 942
875 954
875 982
876 19
876 134
876 379
876 395
876 453
876 558
876 646
876 675
876 819
876 840
876 859
876 861
876 887
876 897
876 999
877 31
877 104
877 164
877 192
877 202
877 396
877 439
877 477
877 510
877 538
877 755
877 802
877 846
877 897
877 977
878 1
878 112
878 131
878 144
878 578
878 646
878 698
878 793
878 844
878 900
878 954
878 978
878 989
878 997
878 999
879 180
879 299
879 505
879 611
879 639
879 651
879 734
879 744
879 835
879 837
879 850
879 883
879 911
879 935
879 939
880 68
880 74
880 113
880 445
880 655
880 663
880 676
880 742
880 778
880 818
880 886
880 888
880 944
880 964
880 981
881 43
881 187
881 309
881 401
881 500
881 548
881 652
881 702
881 799
881 867
881 903
881 915
881 958
881 974
881 996
882 186
882 369
882 491
882 528
882 607
882 725
882 783
882 810
882 826
882 849
882 868
882 870
882 946
882 959
882 971
883 16
883 75
883 170
883 470
883 476
883 572
883 717
883 735
883 759
883 799
883 841
883 879
883 903
883 915
883 986
884 30
884 62
884 70
884 409
884 473
884 526
884 643
884 726
884 745
884 771
884 844
884 886
884 911
884 925
884 958
885 100
885 163
885 319
885 362
885 547
885 665
885 723
885 825
885 859
885 926
885 938
885 941
885 950
885 976
885 978
885 999
886 164
886 247
886 484
886 645
886 845
886 849
886 856
886 880
886 884
886 897
886 906
886 909
886 915
886 963
886 975
886 976
887 86
887 524
887 634
887 754
887 781
887 783
887 808
887 811
887 861
887 876
887 931
887 937
887 952
887 966
887 983
887 984
888 95
888 461
888 596
888 598
888 601
888 755
888 769
888 774
888 788
888 806
888 880
888 894
888 909
888 952
888 965
888 999
889 240
889 290
889 467
889 537
889 541
889 559
889 635
889 868
889 869
889 902
889 907
889 935
889 937
889 969
889 991
889 999
890 38
890 109
890 116
890 232
890 342
890 510
890 605
890 736
890 822
890 868
890 893
890 928
890 945
890 968
890 987
890 993
891 74
891 416
891 529
891 717
891 813
891 843
891 857
891 923
891 925
891 930
891 937
891 945
891 971
891 982
891 991
891 998
892 37
892 51
892 402
892 460
892 579
892 616
892 726
892 789
892 791
892 813
892 826
892 843
892 915
892 975
892 980
892 989
893 7
893 175
893 362
893 393
893 488
893 498
893 549
893 813
893 817
893 825
893 890
893 899
893 927
893 947
893 955
893 989
894 191
894 208
894 212
894 517
894 588
894 689
894 778
894 825
894 856
894 858
894 863
894 888
894 949
894 967
894 978
894 997
895 127
895 201
895 465
895 541
895 546
895 729
895 801
895 826
895 874
895 902
895 905
895 921
895 936
895 954
895 958
895 965
896 121
896 419
896 660
896 664
896 669
896 684
896 728
896 754
896 758
896 795
896 897
896 921
896 943
896 951
896 956
896 957
896 993
897 213
897 230
897 340
897 539
897 557
897 690
897 695
897 791
897 849
897 876
897 877
897 886
897 896
897 933
897 958
897 979
897 985
898 31
898 144
898 177
898 258
898 468
898 499
898 772
898 796
898 855
898 862
898 864
898 901
898 910
898 923
898 958
898 959
898 979
899 27
899 66
899 168
899 345
899 592
899 681
899 722
899 745
899 746
899 809
899 852
899 862
899 893
899 928
899 959
899 982
899 992
900 18
900 55
900 101
900 151
900 208
900 353
900 529
900 609
900 878
900 928
900 930
900 938
900 942
900 946
900 967
900 982
900 997
901 58
901 358
901 365
901 375
901 521
901 575
901 737
901 762
901 843
901 851
901 898
901 912
901 926
901 956
901 979
901 987
901 993
902 60
902 143
902 151
902 348
902 438
902 483
902 580
902 634
902 698
902 724
902 729
902 771
902 833
902 889
902 895
902 921
902 970
903 14
903 29
903 132
903 150
903 171
903 346
903 565
903 681
903 790
903 841
903 881
903 883
903 923
903 934
903 946
903 986
903 989
904 70
904 264
904 304
904 517
904 618
904 636
904 665
904 671
904 781
904 835
904 919
904 921
904 954
904 962
904 972
904 988
904 995
905 179
905 324
905 364
905 471
905 514
905 542
905 581
905 633
905 727
905 756
905 793
905 822
905 824
905 875
905 895
905 907
905 970
905 989
906 16
906 55
906 293
906 365
906 738
906 756
906 771
906 807
906 840
906 869
906 871
906 886
906 918
906 933
906 967
906 978
906 988
906 999
907 125
907 336
907 498
907 561
907 635
907 641
907 731
907 758
907 779
907 792
907 889
907 905
907 909
907 914
907 916
907 955
907 979
907 999
908 78
908 184
908 515
908 585
908 596
908 623
908 653
908 678
908 705
908 768
908 770
908 863
908 913
908 920
908 962
908 970
908 980
908 981
909 81
909 96
909 141
909 255
909 268
909 300
909 329
909 370
909 495
909 557
909 561
909 733
909 779
909 792
909 886
909 888
909 907
909 913
910 452
910 576
910 614
910 626
910 713
910 751
910 753
910 758
910 779
910 809
910 826
910 862
910 864
910 898
910 936
910 963
910 964
910 982
911 25
911 62
911 391
911 629
911 765
911 794
911 798
911 802
911 810
911 837
911 867
911 873
911 879
911 884
911 912
911 939
911 958
911 994
912 10
912 178
912 346
912 422
912 548
912 765
912 838
912 846
912 850
912 873
912 901
912 911
912 918
912 922
912 971
912 983
912 984
912 994
913 6
913 36
913 230
913 290
913 298
913 313
913 545
913 569
913 574
913 648
913 661
913 670
913 720
913 785
913 833
913 840
913 908
913 909
913 975
914 13
914 87
914 300
914 351
914 383
914 446
914 557
914 576
914 631
914 641
914 706
914 731
914 775
914 781
914 801
914 832
914 907
914 963
914 980
915 344
915 408
915 441
915 444
915 519
915 531
915 585
915 619
915 681
915 799
915 803
915 812
915 881
915 883
915 886
915 892
915 943
915 986
915 998
916 454
916 462
916 475
916 506
916 682
916 683
916 700
916 791
916 816
916 854
916 867
916 907
916 919
916 926
916 938
916 951
916 952
916 972
916 988
917 200
917 302
917 450
917 452
917 587
917 616
917 703
917 761
917 804
917 812
917 846
917 918
917 932
917 940
917 946
917 953
917 957
917 975
917 976
918 126
918 133
918 374
918 716
918 738
918 785
918 847
918 868
918 870
918 906
918 912
918 917
918 936
918 963
918 976
918 985
918 987
918 993
918 999
919 153
919 257
919 282
919 317
919 486
919 522
919 547
919 568
919 605
919 842
919 860
919 871
919 904
919 916
919 923
919 933
919 939
919 970
919 996
920 207
920 277
920 348
920 400
920 406
920 623
920 626
920 631
920 694
920 698
920 761
920 770
920 801
920 823
920 861
920 866
920 908
920 960
920 980
920 981
921 121
921 325
921 331
921 398
921 466
921 562
921 659
921 669
921 685
921 693
921 729
921 754
921 755
921 758
921 759
921 895
921 896
921 902
921 904
921 943
922 41
922 65
922 120
922 142
922 372
922 399
922 411
922 448
922 459
922 699
922 701
922 713
922 763
922 859
922 912
922 962
922 974
922 990
922 992
922 996
923 146
923 150
923 283
923 316
923 451
923 541
923 652
923 726
923 741
923 760
923 891
923 898
923 903
923 919
923 935
923 941
923 978
923 991
923 995
923 998
924 114
924 145
924 221
924 226
924 261
924 356
924 381
924 407
924 418
924 430
924 548
924 570
924 620
924 713
924 810
924 846
924 850
924 861
924 873
924 947
924 979
925 116
925 339
925 406
925 451
925 607
925 679
925 715
925 716
925 777
925 791
925 798
925 829
925 830
925 884
925 891
925 954
925 965
925 974
925 976
925 985
925 996
926 20
926 32
926 99
926 109
926 373
926 594
926 616
926 664
926 668
926 734
926 755
926 757
926 774
926 803
926 885
926 901
926 916
926 931
926 952
926 970
926 973
926 995
927 23
927 217
927 318
927 384
927 414
927 455
927 477
927 510
927 537
927 839
927 850
927 893
927 935
927 936
927 937
927 948
927 950
927 957
927 963
927 965
927 971
927 998
928 243
928 294
928 460
928 507
928 533
928 778
928 811
928 822
928 843
928 858
928 864
928 866
928 890
928 899
928 900
928 929
928 947
928 953
928 954
928 973
928 977
928 992
929 218
929 298
929 339
929 452
929 505
929 591
929 620
929 643
929 657
929 704
929 722
929 785
929 802
929 807
929 826
929 928
929 931
929 933
929 953
929 965
929 978
929 982
929 983
930 174
930 370
930 467
930 559
930 579
930 589
930 608
930 625
930 637
930 652
930 751
930 815
930 825
930 863
930 869
930 891
930 900
930 950
930 967
930 984
930 987
930 989
930 997
931 45
931 64
931 123
931 211
931 233
931 469
931 500
931 527
931 636
931 739
931 741
931 746
931 789
931 828
931 861
931 887
931 926
931 929
931 936
931 964
931 966
931 984
931 994
932 355
932 387
932 402
932 405
932 444
932 473
932 674
932 700
932 723
932 761
932 776
932 791
932 812
932 843
932 845
932 847
932 850
932 872
932 917
932 939
932 958
932 975
932 995
933 68
933 170
933 191
933 244
933 265
933 423
933 524
933 589
933 597
933 665
933 748
933 779
933 871
933 897
933 906
933 919
933 929
933 934
933 945
933 948
933 995
933 996
933 997
934 23
934 76
934 320
934 362
934 486
934 507
934 554
934 618
934 624
934 692
934 786
934 831
934 847
934 903
934 933
934 940
934 963
934 972
934 973
934 985
934 987
934 993
934 995
935 229
935 398
935 426
935 573
935 603
935 610
935 696
935 792
935 857
935 872
935 879
935 889
935 923
935 927
935 939
935 940
935 952
935 957
935 960
935 967
935 971
935 973
935 981
935 991
936 166
936 189
936 209
936 279
936 288
936 327
936 520
936 664
936 720
936 745
936 801
936 820
936 841
936 842
936 866
936 872
936 895
936 910
936 918
936 927
936 931
936 942
936 959
936 982
937 14
937 111
937 186
937 371
937 384
937 431
937 727
937 740
937 780
937 805
937 862
937 887
937 889
937 891
937 927
937 938
937 956
937 957
937 972
937 973
937 986
937 990
937 991
937 998
938 87
938 88
938 179
938 364
938 374
938 468
938 524
938 527
938 621
938 654
938 787
938 832
938 862
938 875
938 885
938 900
938 916
938 937
938 942
938 954
938 959
938 965
938 971
938 981
939 14
939 161
939 330
939 340
939 342
939 354
939 441
939 648
939 763
939 822
939 836
939 845
939 867
939 879
939 911
939 919
939 932
939 935
939 940
939 961
939 974
939 975
939 976
939 997
940 69
940 148
940 405
940 423
940 660
940 665
940 718
940 721
940 744
940 746
940 843
940 917
940 934
940 935
940 939
940 941
940 946
940 947
940 957
940 967
940 971
940 978
940 989
940 999
941 350
941 367
941 533
941 622
941 662
941 671
941 672
941 728
941 732
941 748
941 749
941 775
941 874
941 885
941 923
941 940
941 948
941 959
941 963
941 966
941 972
941 978
941 997
941 999
942 135
942 298
942 364
942 471
942 497
942 533
942 538
942 606
942 632
942 649
942 704
942 710
942 797
942 811
942 823
942 865
942 875
942 900
942 936
942 938
942 952
942 960
942 982
942 984
943 35
943 78
943 131
943 188
943 193
943 225
943 375
943 593
943 669
943 680
943 683
943 685
943 693
943 709
943 737
943 741
943 753
943 754
943 896
943 915
943 921
943 944
943 978
943 979
943 996
944 73
944 113
944 155
944 158
944 227
944 235
944 326
944 368
944 386
944 436
944 445
944 523
944 614
944 655
944 690
944 712
944 772
944 776
944 818
944 847
944 880
944 943
944 955
944 965
944 993
945 39
945 74
945 183
945 192
945 463
945 508
945 566
945 594
945 604
945 628
945 639
945 670
945 766
945 809
945 846
945 890
945 891
945 933
945 957
945 966
945 969
945 971
945 972
945 979
945 991
945 994
946 38
946 99
946 314
946 348
946 361
946 437
946 583
946 637
946 658
946 718
946 806
946 807
946 815
946 834
946 882
946 900
946 903
946 917
946 940
946 948
946 975
946 978
946 989
946 997
946 998
946 999
947 175
947 215
947 323
947 419
947 427
947 450
947 488
947 572
947 617
947 621
947 625
947 661
947 665
947 711
947 725
947 805
947 813
947 817
947 893
947 924
947 928
947 940
947 955
947 956
947 966
947 970
948 251
948 268
948 273
948 290
948 322
948 449
948 464
948 631
948 714
948 746
948 756
948 794
948 815
948 823
948 863
948 865
948 871
948 927
948 933
948 941
948 946
948 967
948 974
948 978
948 979
948 997
949 4
949 9
949 24
949 42
949 57
949 61
949 104
949 140
949 220
949 223
949 248
949 285
949 286
949 319
949 388
949 407
949 467
949 478
949 542
949 704
949 723
949 724
949 833
949 841
949 894
949 992
949 998
950 343
950 385
950 466
950 547
950 574
950 615
950 618
950 639
950 686
950 738
950 757
950 763
950 766
950 769
950 835
950 846
950 885
950 927
950 930
950 970
950 972
950 975
950 977
950 983
950 985
950 988
950 995
951 126
951 136
951 165
951 208
951 358
951 371
951 376
951 406
951 447
951 481
951 493
951 511
951 525
951 699
951 710
951 717
951 737
951 762
951 789
951 848
951 858
951 865
951 896
951 916
951 964
951 966
951 994
952 132
952 209
952 216
952 349
952 379
952 392
952 490
952 513
952 598
952 628
952 639
952 682
952 703
952 768
952 769
952 832
952 869
952 887
952 888
952 916
952 926
952 935
952 942
952 958
952 961
952 966
952 988
953 172
953 180
953 240
953 333
953 407
953 498
953 509
953 615
953 618
953 687
953 704
953 710
953 719
953 721
953 745
953 783
953 836
953 855
953 862
953 917
953 928
953 929
953 955
953 956
953 969
953 972
953 993
954 22
954 77
954 147
954 179
954 262
954 266
954 615
954 620
954 693
954 719
954 782
954 783
954 786
954 807
954 823
954 834
954 872
954 875
954 878
954 895
954 904
954 925
954 928
954 938
954 956
954 965
954 966
954 972
955 7
955 128
955 142
955 196
955 206
955 262
955 267
955 294
955 323
955 350
955 488
955 493
955 572
955 625
955 633
955 661
955 711
955 805
955 817
955 850
955 893
955 907
955 944
955 947
955 953
955 969
955 983
955 995
956 32
956 260
956 398
956 410
956 436
956 566
956 588
956 603
956 675
956 747
956 755
956 775
956 822
956 824
956 835
956 838
956 872
956 896
956 901
956 937
956 947
956 953
956 954
956 957
956 969
956 970
956 971
956 991
957 90
957 210
957 233
957 269
957 300
957 338
957 436
957 438
957 458
957 553
957 594
957 630
957 704
957 838
957 865
957 896
957 917
957 927
957 935
957 937
957 940
957 945
957 956
957 959
957 971
957 972
957 985
957 998
958 8
958 66
958 116
958 141
958 285
958 292
958 307
958 368
958 393
958 440
958 463
958 473
958 526
958 538
958 812
958 823
958 881
958 884
958 895
958 897
958 898
958 911
958 932
958 952
958 959
958 960
958 985
958 990
959 39
959 106
959 361
959 369
959 373
959 396
959 451
959 472
959 499
959 527
959 683
959 718
959 722
959 797
959 851
959 863
959 872
959 882
959 898
959 899
959 936
959 938
959 941
959 957
959 958
959 965
959 971
959 984
960 333
960 338
960 343
960 456
960 501
960 536
960 560
960 567
960 573
960 629
960 698
960 701
960 705
960 709
960 727
960 729
960 730
960 732
960 751
960 836
960 839
960 920
960 935
960 942
960 958
960 974
960 976
960 980
960 981
961 12
961 66
961 149
961 213
961 302
961 321
961 441
961 455
961 459
961 509
961 563
961 645
961 650
961 679
961 694
961 703
961 801
961 812
961 865
961 939
961 952
961 969
961 971
961 975
961 976
961 977
961 983
961 989
961 995
962 4
962 22
962 91
962 306
962 329
962 392
962 459
962 471
962 514
962 520
962 604
962 613
962 624
962 684
962 764
962 768
962 773
962 782
962 827
962 842
962 856
962 904
962 908
962 922
962 977
962 990
962 992
962 993
962 996
963 49
963 98
963 225
963 253
963 432
963 486
963 525
963 535
963 536
963 597
963 615
963 646
963 736
963 742
963 770
963 847
963 870
963 874
963 886
963 910
963 914
963 918
963 927
963 934
963 941
963 964
963 969
963 973
963 976
963 977
964 46
964 194
964 227
964 234
964 280
964 289
964 306
964 352
964 365
964 461
964 462
964 575
964 609
964 662
964 699
964 733
964 788
964 851
964 853
964 854
964 869
964 880
964 910
964 931
964 951
964 963
964 970
964 979
964 988
964 997
965 47
965 130
965 183
965 424
965 443
965 477
965 480
965 490
965 573
965 710
965 713
965 772
965 773
965 801
965 823
965 852
965 888
965 895
965 925
965 927
965 929
965 938
965 944
965 954
965 959
965 966
965 969
965 981
965 989
965 992
966 107
966 134
966 202
966 211
966 239
966 250
966 314
966 384
966 423
966 453
966 675
966 697
966 735
966 739
966 741
966 828
966 832
966 841
966 861
966 868
966 887
966 931
966 941
966 945
966 947
966 951
966 952
966 954
966 965
966 979
967 76
967 120
967 141
967 342
967 353
967 367
967 428
967 473
967 534
967 583
967 622
967 751
967 758
967 785
967 790
967 869
967 894
967 900
967 906
967 930
967 935
967 940
967 948
967 978
967 980
967 981
967 985
967 990
967 995
967 997
968 6
968 77
968 158
968 182
968 289
968 328
968 333
968 352
968 360
968 372
968 386
968 392
968 401
968 481
968 515
968 535
968 587
968 605
968 668
968 685
968 782
968 794
968 816
968 871
968 872
968 890
968 971
968 977
968 983
968 991
968 993
969 2
969 5
969 34
969 97
969 171
969 198
969 478
969 510
969 600
969 627
969 628
969 630
969 641
969 652
969 747
969 774
969 809
969 852
969 889
969 945
969 953
969 955
969 956
969 961
969 963
969 965
969 971
969 972
969 991
969 993
969 998
970 27
970 40
970 110
970 140
970 196
970 252
970 294
970 425
970 453
970 539
970 555
970 593
970 664
970 684
970 768
970 774
970 827
970 835
970 860
970 902
970 905
970 908
970 919
970 926
970 947
970 950
970 956
970 964
970 979
970 988
970 996
971 17
971 95
971 122
971 273
971 389
971 431
971 439
971 595
971 638
971 656
971 679
971 740
971 760
971 838
971 882
971 891
971 912
971 927
971 935
971 938
971 940
971 945
971 956
971 957
971 959
971 961
971 968
971 969
971 972
971 974
971 991
971 998
972 20
972 91
972 138
972 176
972 445
972 502
972 518
972 532
972 568
972 592
972 658
972 685
972 750
972 769
972 806
972 827
972 861
972 904
972 916
972 934
972 937
972 941
972 945
972 950
972 953
972 954
972 957
972 969
972 971
972 988
972 994
972 997
973 97
973 182
973 253
973 287
973 378
973 386
973 388
973 436
973 446
973 448
973 470
973 477
973 486
973 502
973 610
973 647
973 785
973 786
973 810
973 870
973 926
973 928
973 934
973 935
973 937
973 963
973 977
973 979
973 980
973 987
973 988
973 993
973 999
974 130
974 287
974 308
974 324
974 328
974 471
974 482
974 542
974 551
974 562
974 563
974 576
974 591
974 633
974 651
974 677
974 689
974 711
974 732
974 746
974 756
974 819
974 833
974 881
974 922
974 925
974 939
974 948
974 960
974 971
974 990
974 992
974 996
974 999
975 12
975 200
975 226
975 231
975 244
975 296
975 298
975 344
975 358
975 403
975 509
975 553
975 607
975 625
975 629
975 657
975 695
975 710
975 715
975 850
975 855
975 886
975 892
975 913
975 917
975 932
975 939
975 946
975 950
975 961
975 985
975 986
975 988
975 991
975 993
976 79
976 296
976 304
976 344
976 406
976 410
976 448
976 479
976 548
976 565
976 577
976 586
976 632
976 687
976 708
976 715
976 773
976 791
976 795
976 814
976 845
976 855
976 861
976 885
976 886
976 917
976 918
976 925
976 939
976 960
976 961
976 963
976 982
976 985
976 995
977 225
977 252
977 299
977 328
977 382
977 412
977 416
977 440
977 475
977 489
977 523
977 536
977 554
977 605
977 612
977 644
977 666
977 756
977 795
977 803
977 806
977 846
977 847
977 871
977 877
977 928
977 950
977 961
977 962
977 963
977 968
977 973
977 978
977 987
977 993
978 9
978 13
978 257
978 288
978 302
978 332
978 385
978 391
978 395
978 668
978 672
978 719
978 746
978 751
978 792
978 825
978 869
978 874
978 878
978 885
978 894
978 906
978 923
978 929
978 940
978 941
978 943
978 946
978 948
978 967
978 977
978 984
978 992
978 994
978 997
978 999
979 90
979 169
979 341
979 344
979 359
979 383
979 444
979 447
979 497
979 511
979 525
979 595
979 606
979 609
979 610
979 737
979 743
979 772
979 787
979 849
979 853
979 854
979 865
979 897
979 898
979 901
979 907
979 924
979 943
979 945
979 948
979 964
979 966
979 970
979 973
979 994
979 998
980 143
980 149
980 207
980 217
980 262
980 271
980 327
980 333
980 345
980 431
980 442
980 456
980 459
980 540
980 544
980 550
980 567
980 631
980 694
980 701
980 705
980 714
980 730
980 762
980 770
980 784
980 829
980 836
980 838
980 892
980 908
980 914
980 920
980 960
980 967
980 973
980 996
980 998
981 34
981 35
981 105
981 138
981 151
981 166
981 272
981 323
981 338
981 379
981 442
981 491
981 520
981 551
981 567
981 623
981 631
981 678
981 680
981 691
981 705
981 729
981 730
981 759
981 829
981 839
981 880
981 908
981 920
981 935
981 938
981 960
981 965
981 967
981 983
981 988
981 994
981 996
982 63
982 160
982 282
982 294
982 295
982 303
982 327
982 359
982 546
982 592
982 602
982 686
982 713
982 715
982 719
982 745
982 766
982 797
982 809
982 832
982 833
982 852
982 864
982 866
982 872
982 874
982 875
982 891
982 899
982 900
982 910
982 929
982 936
982 942
982 976
982 987
982 988
982 996
982 997
983 19
983 45
983 65
983 72
983 135
983 165
983 243
983 314
983 453
983 460
983 503
983 504
983 521
983 617
983 627
983 646
983 655
983 663
983 697
983 707
983 728
983 736
983 739
983 741
983 752
983 837
983 839
983 850
983 861
983 871
983 887
983 912
983 929
983 950
983 955
983 961
983 968
983 981
983 984
984 3
984 72
984 86
984 98
984 108
984 129
984 191
984 195
984 226
984 301
984 360
984 395
984 422
984 476
984 503
984 521
984 558
984 598
984 617
984 640
984 646
984 697
984 707
984 728
984 739
984 789
984 808
984 828
984 887
984 912
984 930
984 931
984 942
984 959
984 978
984 983
984 986
984 988
984 990
984 998
985 1
985 26
985 79
985 153
985 173
985 249
985 260
985 326
985 354
985 393
985 427
985 450
985 485
985 522
985 532
985 544
985 573
985 697
985 700
985 730
985 750
985 780
985 804
985 812
985 843
985 845
985 849
985 897
985 918
985 925
985 934
985 950
985 957
985 958
985 967
985 975
985 976
985 994
985 995
985 997
986 34
986 48
986 81
986 124
986 162
986 241
986 312
986 334
986 341
986 390
986 444
986 479
986 496
986 500
986 501
986 516
986 518
986 534
986 556
986 585
986 619
986 657
986 662
986 664
986 702
986 735
986 794
986 834
986 835
986 841
986 842
986 867
986 883
986 903
986 915
986 937
986 975
986 984
986 987
986 998
987 2
987 52
987 54
987 107
987 181
987 220
987 269
987 281
987 296
987 424
987 426
987 433
987 437
987 481
987 483
987 496
987 529
987 534
987 597
987 641
987 644
987 654
987 708
987 757
987 765
987 786
987 794
987 830
987 834
987 848
987 868
987 890
987 901
987 918
987 930
987 934
987 973
987 977
987 982
987 986
987 996
988 28
988 42
988 103
988 145
988 202
988 291
988 343
988 379
988 413
988 454
988 494
988 531
988 532
988 546
988 564
988 584
988 639
988 683
988 691
988 692
988 783
988 816
988 825
988 860
988 872
988 904
988 906
988 916
988 950
988 952
988 964
988 970
988 972
988 973
988 975
988 981
988 982
988 984
988 991
988 994
988 995
988 999
989 18
989 60
989 69
989 259
989 291
989 322
989 370
989 424
989 450
989 455
989 457
989 464
989 482
989 524
989 550
989 583
989 650
989 653
989 714
989 718
989 790
989 809
989 825
989 834
989 845
989 859
989 871
989 878
989 892
989 893
989 903
989 905
989 930
989 940
989 946
989 961
989 965
989 991
989 994
989 995
989 996
989 997
989 999
990 53
990 59
990 75
990 246
990 254
990 310
990 330
990 399
990 560
990 581
990 593
990 613
990 628
990 632
990 635
990 671
990 677
990 689
990 692
990 727
990 731
990 732
990 764
990 773
990 777
990 782
990 813
990 819
990 824
990 842
990 848
990 866
990 870
990 922
990 937
990 958
990 962
990 967
990 974
990 984
990 996
990 997
990 999
991 92
991 100
991 172
991 188
991 233
991 253
991 261
991 276
991 281
991 364
991 369
991 402
991 508
991 529
991 555
991 559
991 588
991 600
991 603
991 628
991 652
991 731
991 735
991 762
991 766
991 798
991 803
991 831
991 889
991 891
991 923
991 935
991 937
991 945
991 956
991 968
991 969
991 971
991 975
991 988
991 989
991 992
991 995
992 30
992 61
992 75
992 158
992 227
992 238
992 261
992 284
992 322
992 329
992 432
992 474
992 483
992 518
992 526
992 591
992 608
992 658
992 692
992 727
992 732
992 756
992 764
992 767
992 773
992 777
992 780
992 782
992 805
992 819
992 845
992 856
992 899
992 922
992 928
992 949
992 962
992 965
992 974
992 978
992 991
992 993
992 996
993 102
993 174
993 317
993 342
993 360
993 372
993 374
993 399
993 416
993 424
993 443
993 530
993 556
993 570
993 587
993 600
993 633
993 644
993 655
993 669
993 677
993 721
993 765
993 794
993 796
993 849
993 870
993 890
993 896
993 901
993 918
993 934
993 944
993 953
993 962
993 968
993 969
993 973
993 975
993 977
993 992
993 995
993 997
993 998
994 3
994 9
994 40
994 134
994 148
994 173
994 188
994 214
994 284
994 349
994 363
994 373
994 390
994 394
994 398
994 414
994 433
994 462
994 492
994 497
994 507
994 529
994 676
994 752
994 775
994 776
994 778
994 798
994 800
994 820
994 851
994 854
994 858
994 865
994 911
994 912
994 931
994 945
994 951
994 972
994 978
994 979
994 981
994 985
994 988
994 989
995 5
995 27
995 92
995 95
995 101
995 144
995 282
995 291
995 355
995 357
995 443
995 466
995 481
995 557
995 565
995 596
995 613
995 616
995 626
995 636
995 753
995 757
995 768
995 772
995 774
995 800
995 814
995 829
995 860
995 862
995 904
995 923
995 926
995 932
995 933
995 934
995 950
995 955
995 961
995 967
995 976
995 985
995 988
995 989
995 991
995 993
995 997
996 41
996 115
996 159
996 241
996 304
996 308
996 432
996 459
996 474
996 542
996 552
996 567
996 580
996 587
996 625
996 655
996 677
996 692
996 727
996 739
996 743
996 756
996 767
996 773
996 777
996 782
996 802
996 819
996 824
996 853
996 856
996 881
996 919
996 922
996 925
996 933
996 943
996 962
996 970
996 974
996 980
996 981
996 982
996 987
996 989
996 990
996 992
996 999
997 11
997 33
997 39
997 154
997 224
997 341
997 350
997 357
997 358
997 384
997 399
997 461
997 508
997 516
997 517
997 539
997 638
997 645
997 673
997 706
997 718
997 723
997 733
997 734
997 769
997 790
997 797
997 829
997 868
997 878
997 894
997 900
997 930
997 933
997 939
997 941
997 946
997 948
997 964
997 967
997 972
997 978
997 982
997 985
997 989
997 990
997 993
997 995
998 33
998 41
998 96
998 108
998 109
998 118
998 197
998 229
998 257
998 290
998 377
998 380
998 401
998 460
998 467
998 487
998 511
998 527
998 535
998 553
998 600
998 614
998 640
998 684
998 703
998 740
998 760
998 766
998 785
998 838
998 854
998 857
998 869
998 870
998 891
998 915
998 923
998 927
998 937
998 946
998 949
998 957
998 969
998 971
998 979
998 980
998 984
998 986
998 993
999 51
999 90
999 94
999 100
999 117
999 207
999 215
999 224
999 270
999 332
999 334
999 366
999 405
999 455
999 494
999 541
999 545
999 549
999 557
999 582
999 608
999 640
999 665
999 714
999 730
999 747
999 780
999 793
999 800
999 806
999 859
999 869
999 876
999 878
999 885
999 888
999 889
999 906
999 907
999 918
999 940
999 941
999 946
999 973
999 974
999 978
999 988
999 989
999 990
999 996
