0 48
1 71
2 66
3 64
4 73
5 7
6 80
7 19
8 41
9 79
10 56
11 38
12 51
13 34
14 12
15 17
16 63
17 31
18 30
19 41
20 68
21 19
22 40
23 56
24 6
25 19
26 37
27 30
28 3
29 14
30 42
31 10
32 48
33 27
34 9
35 41
36 5
37 84
38 77
39 58
40 65
41 22
42 72
43 67
44 80
45 70
46 3
47 13
48 18
49 33
50 80
51 41
52 60
53 56
54 48
55 7
56 17
57 41
58 81
59 57
60 26
61 63
62 49
63 24
64 15
65 4
66 41
67 49
68 83
69 34
70 33
71 50
72 80
73 58
74 50
75 69
76 63
77 4
78 66
79 28
80 63
81 4
82 41
83 22
84 1
85 22
86 12
87 63
88 68
89 38
90 41
91 80
92 6
93 73
94 29
95 56
96 39
97 49
98 17
99 41
100 67
101 47
102 65
103 42
104 7
105 28
106 70
107 26
108 41
109 33
110 45
111 68
112 71
113 40
114 48
115 68
116 50
117 44
118 15
119 37
120 33
121 63
122 37
123 56
124 56
125 81
126 37
127 49
128 1
129 33
130 27
131 75
132 77
133 20
134 58
135 19
136 56
137 12
138 3
139 4
140 36
141 80
142 82
143 42
144 19
145 23
146 81
147 71
148 15
149 22
150 26
151 15
152 74
153 40
154 9
155 33
156 30
157 21
158 63
159 19
160 45
161 76
162 11
163 22
164 2
165 3
166 63
167 82
168 64
169 40
170 62
171 69
172 70
173 9
174 56
175 80
176 59
177 65
178 25
179 12
180 36
181 63
182 6
183 12
184 37
185 64
186 63
187 19
188 20
189 31
190 70
191 70
192 65
193 80
194 60
195 77
196 84
197 64
198 9
199 80
200 75
201 53
202 14
203 19
204 8
205 55
206 52
207 60
208 32
209 5
210 60
211 48
212 14
213 52
214 60
215 64
216 63
217 77
218 72
219 62
220 41
221 83
222 6
223 34
224 82
225 37
226 7
227 34
228 12
229 64
230 42
231 69
232 64
233 64
234 19
235 60
236 37
237 69
238 51
239 80
240 10
241 19
242 19
243 80
244 82
245 77
246 63
247 66
248 22
249 80
250 21
251 10
252 7
253 72
254 68
255 60
256 70
257 3
258 48
259 71
260 12
261 6
262 47
263 25
264 50
265 48
266 64
267 70
268 12
269 30
270 9
271 69
272 1
273 19
274 30
275 20
276 60
277 3
278 1
279 64
280 21
281 71
282 1
283 83
284 12
285 75
286 60
287 52
288 17
289 76
290 84
291 2
292 72
293 78
294 30
295 41
296 67
297 37
298 56
299 41
300 65
301 22
302 52
303 72
304 71
305 78
306 80
307 52
308 1
309 76
310 75
311 73
312 54
313 64
314 15
315 12
316 22
317 26
318 63
319 4
320 52
321 2
322 15
323 70
324 68
325 63
326 32
327 79
328 34
329 73
330 2
331 58
332 1
333 24
334 34
335 56
336 69
337 12
338 61
339 42
340 11
341 48
342 51
343 60
344 30
345 25
346 80
347 63
348 34
349 83
350 25
351 39
352 15
353 44
354 66
355 49
356 20
357 52
358 22
359 11
360 75
361 12
362 65
363 60
364 5
365 69
366 28
367 77
368 75
369 63
370 35
371 55
372 63
373 79
374 10
375 42
376 66
377 66
378 19
379 67
380 55
381 60
382 18
383 67
384 15
385 56
386 55
387 41
388 32
389 70
390 70
391 8
392 77
393 1
394 31
395 24
396 69
397 28
398 43
399 73
400 19
401 84
402 83
403 22
404 57
405 70
406 44
407 54
408 63
409 22
410 80
411 73
412 80
413 34
414 84
415 80
416 1
417 1
418 34
419 32
420 41
421 34
422 63
423 59
424 23
425 42
426 37
427 39
428 30
429 7
430 3
431 30
432 60
433 68
434 8
435 47
436 5
437 49
438 52
439 46
440 27
441 8
442 60
443 66
444 63
445 63
446 61
447 63
448 10
449 60
450 67
451 33
452 50
453 60
454 14
455 48
456 32
457 45
458 30
459 20
460 3
461 74
462 20
463 19
464 79
465 9
466 32
467 71
468 27
469 22
470 62
471 22
472 34
473 25
474 21
475 7
476 18
477 61
478 65
479 82
480 4
481 48
482 68
483 15
484 70
485 53
486 24
487 42
488 31
489 34
490 80
491 57
492 34
493 64
494 48
495 45
496 65
497 42
498 12
499 34
500 53
501 42
502 70
503 80
504 25
505 22
506 10
507 41
508 65
509 1
510 34
511 52
512 34
513 20
514 6
515 38
516 18
517 8
518 6
519 19
520 44
521 52
522 70
523 19
524 16
525 43
526 49
527 14
528 9
529 43
530 48
531 14
532 64
533 34
534 80
535 41
536 68
537 14
538 8
539 41
540 61
541 13
542 49
543 65
544 40
545 14
546 75
547 64
548 33
549 69
550 52
551 73
552 64
553 67
554 4
555 51
556 80
557 37
558 21
559 19
560 40
561 19
562 68
563 5
564 18
565 34
566 28
567 74
568 80
569 22
570 11
571 80
572 68
573 63
574 42
575 16
576 68
577 3
578 15
579 84
580 71
581 63
582 50
583 62
584 64
585 74
586 65
587 37
588 22
589 4
590 77
591 77
592 79
593 57
594 30
595 65
596 52
597 3
598 16
599 48
600 52
601 16
602 49
603 22
604 2
605 42
606 57
607 44
608 25
609 9
610 41
611 9
612 81
613 46
614 10
615 56
616 63
617 19
618 3
619 28
620 62
621 22
622 49
623 62
624 68
625 10
626 37
627 43
628 66
629 69
630 41
631 67
632 3
633 22
634 42
635 65
636 4
637 14
638 2
639 56
640 72
641 58
642 62
643 62
644 47
645 80
646 74
647 77
648 22
649 3
650 49
651 15
652 35
653 82
654 26
655 32
656 61
657 5
658 40
659 37
660 71
661 1
662 66
663 29
664 32
665 17
666 23
667 54
668 43
669 80
670 2
671 84
672 63
673 56
674 13
675 22
676 63
677 37
678 82
679 31
680 4
681 57
682 57
683 3
684 60
685 80
686 27
687 41
688 66
689 6
690 68
691 48
692 49
693 42
694 68
695 33
696 41
697 71
698 69
699 14
700 70
701 24
702 74
703 19
704 69
705 60
706 11
707 41
708 69
709 84
710 4
711 41
712 40
713 42
714 64
715 52
716 52
717 80
718 37
719 66
720 51
721 19
722 33
723 41
724 41
725 39
726 1
727 43
728 22
729 30
730 13
731 34
732 11
733 7
734 21
735 22
736 42
737 41
738 56
739 36
740 13
741 42
742 58
743 47
744 60
745 79
746 57
747 17
748 69
749 24
750 34
751 68
752 58
753 71
754 74
755 49
756 61
757 4
758 64
759 8
760 64
761 25
762 22
763 68
764 3
765 21
766 70
767 30
768 2
769 42
770 31
771 68
772 13
773 36
774 41
775 33
776 19
777 30
778 19
779 80
780 30
781 4
782 4
783 72
784 27
785 28
786 14
787 49
788 22
789 3
790 57
791 76
792 71
793 12
794 6
795 4
796 80
797 15
798 70
799 7
800 41
801 53
802 70
803 64
804 56
805 60
806 13
807 72
808 53
809 31
810 46
811 81
812 44
813 33
814 15
815 12
816 62
817 15
818 84
819 34
820 77
821 68
822 12
823 64
824 57
825 52
826 69
827 80
828 79
829 42
830 17
831 31
832 73
833 15
834 8
835 12
836 27
837 12
838 41
839 48
840 59
841 11
842 68
843 42
844 31
845 1
846 75
847 19
848 56
849 78
850 65
851 4
852 37
853 60
854 46
855 64
856 68
857 50
858 29
859 43
860 49
861 14
862 41
863 70
864 16
865 21
866 9
867 22
868 11
869 72
870 22
871 56
872 47
873 11
874 78
875 19
876 61
877 3
878 4
879 21
880 74
881 11
882 57
883 37
884 12
885 69
886 60
887 28
888 60
889 5
890 70
891 28
892 60
893 4
894 3
895 80
896 61
897 84
898 13
899 64
900 49
901 19
902 7
903 63
904 12
905 60
906 77
907 21
908 2
909 18
910 70
911 70
912 9
913 30
914 41
915 23
916 35
917 60
918 8
919 36
920 78
921 19
922 50
923 23
924 53
925 54
926 41
927 19
928 51
929 55
930 15
931 11
932 7
933 16
934 1
935 80
936 30
937 45
938 22
939 65
940 80
941 49
942 35
943 59
944 6
945 66
946 25
947 19
948 38
949 33
950 59
951 6
952 64
953 65
954 71
955 69
956 12
957 58
958 4
959 82
960 71
961 66
962 68
963 60
964 64
965 69
966 68
967 68
968 41
969 4
970 43
971 33
972 38
973 47
974 19
975 11
976 34
977 35
978 15
979 56
980 15
981 28
982 26
983 17
984 13
985 12
986 34
987 49
988 30
989 45
990 12
991 37
992 21
993 54
994 15
995 78
996 17
997 29
998 37
999 57
1000 19
1001 41
1002 46
1003 76
1004 65
1005 46
1006 84
1007 11
1008 50
1009 61
1010 30
1011 3
1012 22
1013 77
1014 34
1015 82
1016 45
1017 4
1018 70
1019 3
1020 50
1021 10
1022 77
1023 29
1024 77
1025 48
1026 78
1027 42
1028 3
1029 4
1030 82
1031 42
1032 19
1033 34
1034 3
1035 5
1036 12
1037 84
1038 35
1039 4
1040 77
1041 77
1042 38
1043 63
1044 77
1045 82
1046 65
1047 80
1048 52
1049 10
1050 80
1051 46
1052 16
1053 15
1054 6
1055 76
1056 52
1057 81
1058 30
1059 82
1060 55
1061 64
1062 23
1063 58
1064 77
1065 34
1066 4
1067 9
1068 10
1069 72
1070 45
1071 62
1072 35
1073 45
1074 68
1075 12
1076 8
1077 41
1078 28
1079 67
1080 15
1081 12
1082 10
1083 70
1084 22
1085 60
1086 43
1087 40
1088 37
1089 56
1090 67
1091 78
1092 79
1093 9
1094 5
1095 1
1096 6
1097 41
1098 44
1099 37
1100 41
1101 2
1102 70
1103 30
1104 4
1105 1
1106 17
1107 83
1108 67
1109 70
1110 41
1111 25
1112 68
1113 38
1114 60
1115 72
1116 81
1117 49
1118 3
1119 9
1120 4
1121 25
1122 19
1123 18
1124 44
1125 58
1126 80
1127 12
1128 63
1129 47
1130 51
1131 41
1132 42
1133 35
1134 25
1135 15
1136 32
1137 30
1138 9
1139 29
1140 67
1141 25
1142 40
1143 48
1144 21
1145 60
1146 48
1147 71
1148 65
1149 48
1150 37
1151 4
1152 12
1153 69
1154 71
1155 82
1156 67
1157 54
1158 34
1159 33
1160 56
1161 64
1162 62
1163 75
1164 40
1165 56
1166 43
1167 56
1168 34
1169 67
1170 22
1171 43
1172 28
1173 57
1174 22
1175 79
1176 43
1177 33
1178 61
1179 65
1180 75
1181 60
1182 8
1183 33
1184 59
1185 30
1186 62
1187 19
1188 58
1189 80
1190 1
1191 82
1192 68
1193 15
1194 27
1195 15
1196 37
1197 59
1198 68
1199 36
1200 43
1201 15
1202 35
1203 68
1204 27
1205 34
1206 51
1207 69
1208 63
1209 51
1210 69
1211 28
1212 11
1213 12
1214 5
1215 19
1216 28
1217 15
1218 55
1219 49
1220 24
1221 69
1222 47
1223 59
1224 9
1225 4
1226 17
1227 14
1228 1
1229 74
1230 10
1231 15
1232 83
1233 62
1234 11
1235 37
1236 40
1237 80
1238 40
1239 78
1240 40
1241 37
1242 60
1243 30
1244 80
1245 42
1246 33
1247 37
1248 57
1249 56
1250 38
1251 11
1252 20
1253 12
1254 69
1255 39
1256 11
1257 37
1258 47
1259 69
1260 70
1261 66
1262 49
1263 26
1264 69
1265 46
1266 4
1267 9
1268 84
1269 32
1270 37
1271 84
1272 33
1273 69
1274 40
1275 16
1276 76
1277 65
1278 63
1279 67
1280 56
1281 24
1282 3
1283 55
1284 70
1285 71
1286 39
1287 52
1288 71
1289 8
1290 77
1291 84
1292 64
1293 71
1294 78
1295 12
1296 65
1297 72
1298 41
1299 49
1300 62
1301 29
1302 72
1303 32
1304 63
1305 73
1306 80
1307 11
1308 67
1309 74
1310 34
1311 66
1312 4
1313 41
1314 1
1315 49
1316 64
1317 12
1318 82
1319 9
1320 68
1321 17
1322 3
1323 1
1324 53
1325 25
1326 29
1327 11
1328 14
1329 28
1330 18
1331 68
1332 62
1333 4
1334 10
1335 48
1336 55
1337 12
1338 53
1339 23
1340 70
1341 4
1342 62
1343 41
1344 6
1345 57
1346 15
1347 14
1348 83
1349 71
1350 75
1351 65
1352 5
1353 42
1354 75
1355 49
1356 19
1357 70
1358 1
1359 64
1360 26
1361 44
1362 12
1363 77
1364 77
1365 41
1366 27
1367 6
1368 14
1369 20
1370 67
1371 80
1372 56
1373 12
1374 73
1375 7
1376 41
1377 49
1378 77
1379 75
1380 70
1381 42
1382 38
1383 68
1384 54
1385 4
1386 55
1387 69
1388 3
1389 31
1390 28
1391 57
1392 52
1393 28
1394 60
1395 41
1396 43
1397 75
1398 82
1399 77
1400 80
1401 11
1402 5
1403 41
1404 10
1405 70
1406 32
1407 52
1408 51
1409 55
1410 6
1411 5
1412 30
1413 74
1414 69
1415 58
1416 83
1417 33
1418 19
1419 34
1420 29
1421 70
1422 5
1423 1
1424 28
1425 16
1426 22
1427 68
1428 5
1429 28
1430 66
1431 65
1432 5
1433 28
1434 77
1435 66
1436 63
1437 19
1438 35
1439 25
1440 69
1441 4
1442 77
1443 67
1444 10
1445 28
1446 63
1447 80
1448 32
1449 34
1450 59
1451 51
1452 70
1453 19
1454 69
1455 15
1456 14
1457 49
1458 60
1459 62
1460 52
1461 4
1462 36
1463 48
1464 63
1465 69
1466 80
1467 21
1468 40
1469 59
1470 74
1471 38
1472 8
1473 56
1474 6
1475 18
1476 43
1477 49
1478 82
1479 68
1480 21
1481 76
1482 18
1483 19
1484 34
1485 57
1486 69
1487 25
1488 6
1489 68
1490 68
1491 69
1492 19
1493 75
1494 68
1495 65
1496 54
1497 43
1498 12
1499 32
1500 73
1501 60
1502 74
1503 3
1504 22
1505 72
1506 19
1507 16
1508 68
1509 63
1510 77
1511 48
1512 60
1513 30
1514 79
1515 37
1516 41
1517 8
1518 72
1519 70
1520 69
1521 70
1522 39
1523 14
1524 71
1525 8
1526 52
1527 80
1528 4
1529 83
1530 4
1531 49
1532 72
1533 5
1534 19
1535 3
1536 42
1537 29
1538 13
1539 56
1540 45
1541 57
1542 36
1543 53
1544 41
1545 34
1546 69
1547 15
1548 39
1549 4
1550 77
1551 64
1552 28
1553 22
1554 67
1555 25
1556 25
1557 20
1558 28
1559 41
1560 49
1561 70
1562 3
1563 80
1564 41
1565 69
1566 68
1567 19
1568 60
1569 67
1570 76
1571 56
1572 70
1573 29
1574 70
1575 26
1576 9
1577 69
1578 15
1579 36
1580 34
1581 52
1582 68
1583 34
1584 26
1585 49
1586 71
1587 42
1588 34
1589 68
1590 7
1591 12
1592 50
1593 21
1594 76
1595 72
1596 80
1597 19
1598 70
1599 62
1600 34
1601 84
1602 56
1603 43
1604 24
1605 56
1606 81
1607 53
1608 83
1609 17
1610 70
1611 44
1612 62
1613 48
1614 33
1615 25
1616 56
1617 22
1618 24
1619 67
1620 80
1621 34
1622 70
1623 66
1624 19
1625 33
1626 48
1627 15
1628 54
1629 53
1630 12
1631 65
1632 37
1633 56
1634 70
1635 37
1636 13
1637 48
1638 2
1639 7
1640 25
1641 45
1642 41
1643 52
1644 33
1645 56
1646 68
1647 63
1648 71
1649 60
1650 52
1651 27
1652 54
1653 9
1654 68
1655 34
1656 80
1657 40
1658 49
1659 19
1660 4
1661 54
1662 53
1663 82
1664 69
1665 4
1666 62
1667 68
1668 69
1669 71
1670 60
1671 16
1672 48
1673 49
1674 77
1675 3
1676 25
1677 30
1678 71
1679 78
1680 71
1681 28
1682 42
1683 4
1684 37
1685 19
1686 33
1687 39
1688 39
1689 16
1690 52
1691 47
1692 34
1693 26
1694 64
1695 12
1696 35
1697 41
1698 16
1699 39
1700 41
1701 41
1702 15
1703 48
1704 62
1705 6
1706 77
1707 19
1708 10
1709 49
1710 70
1711 30
1712 14
1713 36
1714 63
1715 26
1716 19
1717 81
1718 19
1719 82
1720 49
1721 15
1722 36
1723 1
1724 52
1725 4
1726 30
1727 4
1728 40
1729 22
1730 19
1731 69
1732 27
1733 48
1734 6
1735 15
1736 71
1737 39
1738 60
1739 69
1740 55
1741 66
1742 29
1743 4
1744 51
1745 15
1746 72
1747 12
1748 55
1749 83
1750 12
1751 65
1752 63
1753 38
1754 64
1755 38
1756 60
1757 34
1758 19
1759 84
1760 36
1761 48
1762 19
1763 42
1764 64
1765 12
1766 34
1767 82
1768 67
1769 60
1770 14
1771 34
1772 69
1773 68
1774 22
1775 56
1776 13
1777 65
1778 11
1779 4
1780 69
1781 80
1782 27
1783 22
1784 71
1785 4
1786 6
1787 4
1788 13
1789 4
1790 70
1791 17
1792 65
1793 80
1794 82
1795 49
1796 23
1797 83
1798 34
1799 3
1800 6
1801 5
1802 29
1803 21
1804 64
1805 21
1806 29
1807 46
1808 75
1809 28
1810 66
1811 6
1812 69
1813 61
1814 60
1815 68
1816 22
1817 35
1818 68
1819 65
1820 78
1821 78
1822 41
1823 56
1824 41
1825 80
1826 62
1827 82
1828 80
1829 1
1830 62
1831 34
1832 33
1833 50
1834 37
1835 62
1836 70
1837 1
1838 7
1839 42
1840 81
1841 63
1842 29
1843 40
1844 70
1845 63
1846 25
1847 70
1848 64
1849 66
1850 81
1851 51
1852 15
1853 82
1854 51
1855 69
1856 40
1857 37
1858 60
1859 42
1860 60
1861 11
1862 6
1863 30
1864 42
1865 19
1866 64
1867 23
1868 70
1869 58
1870 22
1871 71
1872 1
1873 7
1874 33
1875 15
1876 6
1877 56
1878 14
1879 69
1880 71
1881 63
1882 68
1883 50
1884 43
1885 48
1886 72
1887 27
1888 26
1889 11
1890 51
1891 60
1892 28
1893 9
1894 34
1895 19
1896 68
1897 15
1898 4
1899 71
1900 80
1901 41
1902 75
1903 28
1904 68
1905 60
1906 15
1907 4
1908 26
1909 64
1910 65
1911 42
1912 41
1913 34
1914 49
1915 63
1916 67
1917 14
1918 17
1919 1
1920 30
1921 64
1922 80
1923 7
1924 70
1925 4
1926 70
1927 41
1928 15
1929 74
1930 52
1931 57
1932 41
1933 1
1934 56
1935 60
1936 63
1937 40
1938 4
1939 56
1940 62
1941 71
1942 68
1943 49
1944 61
1945 34
1946 75
1947 40
1948 33
1949 41
1950 22
1951 12
1952 12
1953 46
1954 35
1955 19
1956 29
1957 21
1958 25
1959 57
1960 57
1961 22
1962 82
1963 61
1964 13
1965 41
1966 49
1967 41
1968 68
1969 4
1970 56
1971 80
1972 60
1973 65
1974 84
1975 41
1976 52
1977 25
1978 46
1979 83
1980 34
1981 52
1982 37
1983 19
1984 34
1985 52
1986 19
1987 58
1988 25
1989 61
1990 5
1991 82
1992 14
1993 13
1994 64
1995 81
1996 55
1997 22
1998 15
1999 71
2000 84
2001 55
2002 70
2003 28
2004 48
2005 23
2006 14
2007 49
2008 63
2009 15
2010 48
2011 28
2012 84
2013 83
2014 9
2015 28
2016 22
2017 65
2018 49
2019 52
2020 70
2021 15
2022 41
2023 29
2024 63
2025 60
2026 8
2027 4
2028 65
2029 72
2030 22
2031 81
2032 9
2033 25
2034 62
2035 15
2036 56
2037 25
2038 10
2039 72
2040 42
2041 41
2042 41
2043 49
2044 30
2045 19
2046 13
2047 19
2048 6
2049 13
2050 60
2051 49
2052 75
2053 7
2054 72
2055 63
2056 4
2057 26
2058 25
2059 43
2060 60
2061 41
2062 83
2063 37
2064 7
2065 82
2066 46
2067 51
2068 37
2069 30
2070 22
2071 34
2072 81
2073 70
2074 49
2075 41
2076 46
2077 49
2078 30
2079 41
2080 12
2081 43
2082 4
2083 23
2084 56
2085 49
2086 41
2087 23
2088 41
2089 6
2090 23
2091 80
2092 70
2093 11
2094 63
2095 15
2096 35
2097 69
2098 43
2099 6
2100 7
2101 15
2102 22
2103 83
2104 27
2105 68
2106 41
2107 42
2108 42
2109 1
2110 64
2111 27
2112 71
2113 80
2114 46
2115 60
2116 25
2117 71
2118 34
2119 40
2120 70
2121 23
2122 48
2123 15
2124 68
2125 70
2126 56
2127 56
2128 35
2129 78
2130 15
2131 29
2132 52
2133 34
2134 35
2135 64
2136 34
2137 60
2138 80
2139 77
2140 30
2141 6
2142 25
2143 14
2144 70
2145 28
2146 69
2147 13
2148 60
2149 56
2150 40
2151 34
2152 56
2153 56
2154 67
2155 80
2156 81
2157 80
2158 51
2159 22
2160 80
2161 19
2162 28
2163 46
2164 13
2165 30
2166 56
2167 3
2168 22
2169 42
2170 80
2171 4
2172 70
2173 52
2174 25
2175 27
2176 48
2177 11
2178 22
2179 63
2180 9
2181 15
2182 5
2183 80
2184 11
2185 75
2186 21
2187 83
2188 3
2189 65
2190 19
2191 26
2192 51
2193 10
2194 4
2195 49
2196 70
2197 19
2198 77
2199 41
2200 17
2201 51
2202 30
2203 4
2204 80
2205 3
2206 28
2207 72
2208 66
2209 28
2210 65
2211 37
2212 69
2213 62
2214 71
2215 42
2216 84
2217 63
2218 56
2219 68
2220 22
2221 60
2222 69
2223 37
2224 6
2225 67
2226 65
2227 71
2228 28
2229 80
2230 11
2231 65
2232 34
2233 4
2234 4
2235 78
2236 56
2237 42
2238 56
2239 4
2240 25
2241 43
2242 19
2243 63
2244 71
2245 5
2246 5
2247 42
2248 13
2249 13
2250 30
2251 37
2252 19
2253 9
2254 12
2255 23
2256 5
2257 64
2258 4
2259 9
2260 15
2261 19
2262 70
2263 52
2264 12
2265 4
2266 49
2267 78
2268 57
2269 28
2270 52
2271 14
2272 4
2273 1
2274 15
2275 70
2276 72
2277 49
2278 40
2279 64
2280 80
2281 72
2282 5
2283 51
2284 60
2285 49
2286 57
2287 3
2288 23
2289 15
2290 80
2291 35
2292 84
2293 15
2294 7
2295 84
2296 4
2297 51
2298 15
2299 12
2300 60
2301 62
2302 83
2303 69
2304 67
2305 5
2306 75
2307 56
2308 9
2309 9
2310 43
2311 41
2312 70
2313 63
2314 56
2315 7
2316 29
2317 42
2318 80
2319 5
2320 60
2321 10
2322 33
2323 7
2324 4
2325 42
2326 5
2327 52
2328 69
2329 41
2330 49
2331 80
2332 48
2333 9
2334 25
2335 51
2336 55
2337 9
2338 83
2339 78
2340 41
2341 15
2342 55
2343 71
2344 65
2345 48
2346 22
2347 48
2348 64
2349 82
2350 33
2351 69
2352 27
2353 13
2354 30
2355 60
2356 67
2357 43
2358 84
2359 6
2360 15
2361 71
2362 41
2363 41
2364 7
2365 72
2366 33
2367 82
2368 84
2369 64
2370 37
2371 1
2372 71
2373 33
2374 46
2375 9
2376 65
2377 52
2378 43
2379 62
2380 65
2381 83
2382 49
2383 77
2384 75
2385 55
2386 19
2387 10
2388 5
2389 12
2390 71
2391 78
2392 80
2393 60
2394 68
2395 11
2396 41
2397 30
2398 82
2399 34
2400 60
2401 6
2402 71
2403 52
2404 11
2405 64
2406 56
2407 4
2408 64
2409 64
2410 9
2411 60
2412 69
2413 42
2414 68
2415 48
2416 19
2417 11
2418 5
2419 46
2420 80
2421 41
2422 62
2423 64
2424 13
2425 52
2426 1
2427 34
2428 41
2429 29
2430 69
2431 55
2432 42
2433 19
2434 37
2435 22
2436 19
2437 19
2438 9
2439 4
2440 65
2441 10
2442 1
2443 68
2444 69
2445 4
2446 11
2447 23
2448 63
2449 23
2450 49
2451 5
2452 10
2453 80
2454 64
2455 7
2456 70
2457 64
2458 12
2459 4
2460 48
2461 77
2462 64
2463 70
2464 37
2465 60
2466 34
2467 78
2468 64
2469 27
2470 12
2471 68
2472 49
2473 48
2474 5
2475 49
2476 28
2477 48
2478 71
2479 70
2480 15
2481 71
2482 19
2483 41
2484 30
2485 70
2486 51
2487 19
2488 80
2489 48
2490 6
2491 14
2492 46
2493 13
2494 69
2495 56
2496 60
2497 11
2498 23
2499 25
2500 42
2501 69
2502 48
2503 12
2504 63
2505 65
2506 27
2507 66
2508 75
2509 65
2510 68
2511 23
2512 46
2513 43
2514 70
2515 30
2516 9
2517 19
2518 4
2519 65
2520 70
2521 6
2522 28
2523 5
2524 41
2525 63
2526 70
2527 80
2528 42
2529 84
2530 19
2531 84
2532 70
2533 78
2534 30
2535 34
2536 64
2537 37
2538 56
2539 66
2540 1
2541 63
2542 56
2543 3
2544 70
2545 48
2546 56
2547 28
2548 23
2549 37
2550 64
2551 4
2552 69
2553 84
2554 41
2555 13
2556 57
2557 28
2558 33
2559 65
2560 70
2561 80
2562 4
2563 55
2564 71
2565 64
2566 82
2567 41
2568 56
2569 67
2570 22
2571 22
2572 56
2573 70
2574 25
2575 42
2576 11
2577 60
2578 11
2579 12
2580 83
2581 72
2582 28
2583 25
2584 62
2585 25
2586 80
2587 65
2588 37
2589 4
2590 25
2591 37
2592 63
2593 48
2594 70
2595 69
2596 77
2597 64
2598 11
2599 60
2600 42
2601 51
2602 14
2603 68
2604 69
2605 69
2606 56
2607 12
2608 48
2609 10
2610 66
2611 33
2612 13
2613 75
2614 56
2615 71
2616 1
2617 52
2618 33
2619 29
2620 64
2621 60
2622 12
2623 29
2624 23
2625 69
2626 27
2627 42
2628 77
2629 60
2630 60
2631 49
2632 19
2633 6
2634 5
2635 80
2636 7
2637 41
2638 84
2639 77
2640 30
2641 71
2642 72
2643 28
2644 34
2645 69
2646 12
2647 34
2648 70
2649 34
2650 60
2651 15
2652 82
2653 71
2654 64
2655 84
2656 71
2657 48
2658 3
2659 82
2660 15
2661 68
2662 19
2663 27
2664 11
2665 80
2666 49
2667 67
2668 68
2669 71
2670 23
2671 10
2672 23
2673 56
2674 72
2675 80
2676 42
2677 34
2678 25
2679 11
2680 19
2681 69
2682 66
2683 66
2684 56
2685 57
2686 11
2687 27
2688 42
2689 9
2690 83
2691 10
2692 55
2693 62
2694 41
2695 60
2696 69
2697 48
2698 42
2699 70
2700 75
2701 55
2702 28
2703 22
2704 3
2705 64
2706 34
2707 19
2708 60
2709 4
2710 71
2711 15
2712 52
2713 4
2714 60
2715 68
2716 34
2717 19
2718 64
2719 34
2720 1
2721 41
2722 63
2723 75
2724 1
2725 7
2726 4
2727 12
2728 40
2729 63
2730 12
2731 71
2732 13
2733 33
2734 52
2735 71
2736 1
2737 30
2738 41
2739 12
2740 60
2741 22
2742 34
2743 60
2744 37
2745 49
2746 69
2747 9
2748 52
2749 6
2750 80
2751 51
2752 9
2753 15
2754 41
2755 13
2756 69
2757 6
2758 80
2759 43
2760 4
2761 43
2762 82
2763 70
2764 80
2765 9
2766 6
2767 70
2768 71
2769 70
2770 22
2771 71
2772 14
2773 71
2774 28
2775 52
2776 63
2777 10
2778 82
2779 65
2780 34
2781 60
2782 62
2783 70
2784 69
2785 4
2786 6
2787 80
2788 65
2789 68
2790 80
2791 14
2792 33
2793 4
2794 4
2795 15
2796 84
2797 23
2798 7
2799 33
2800 64
2801 62
2802 70
2803 63
2804 41
2805 30
2806 5
2807 65
2808 67
2809 40
2810 15
2811 80
2812 1
2813 40
2814 9
2815 68
2816 56
2817 49
2818 37
2819 42
2820 3
2821 77
2822 4
2823 80
2824 27
2825 48
2826 57
2827 64
2828 11
2829 10
2830 65
2831 33
2832 68
2833 25
2834 22
2835 68
2836 66
2837 49
2838 72
2839 70
2840 43
2841 48
2842 34
2843 30
2844 23
2845 34
2846 9
2847 52
2848 30
2849 63
2850 19
2851 34
2852 56
2853 63
2854 4
2855 43
2856 70
2857 22
2858 19
2859 4
2860 49
2861 10
2862 72
2863 63
2864 66
2865 68
2866 48
2867 33
2868 5
2869 69
2870 49
2871 43
2872 27
2873 15
2874 43
2875 33
2876 15
2877 71
2878 71
2879 80
2880 75
2881 41
2882 70
2883 22
2884 71
2885 65
2886 49
2887 4
2888 23
2889 69
2890 41
2891 80
2892 69
2893 43
2894 41
2895 9
2896 4
2897 33
2898 1
2899 70
2900 6
2901 57
2902 4
2903 15
2904 65
2905 42
2906 66
2907 27
2908 19
2909 3
2910 6
2911 51
2912 67
2913 63
2914 56
2915 51
2916 52
2917 1
2918 64
2919 41
2920 63
2921 80
2922 51
2923 68
2924 42
2925 37
2926 19
2927 22
2928 12
2929 11
2930 62
2931 56
2932 23
2933 4
2934 60
2935 28
2936 64
2937 75
2938 57
2939 48
2940 33
2941 84
2942 15
2943 68
2944 56
2945 71
2946 63
2947 34
2948 4
2949 19
2950 13
2951 12
2952 37
2953 42
2954 15
2955 84
2956 84
2957 49
2958 80
2959 27
2960 5
2961 77
2962 11
2963 64
2964 15
2965 66
2966 1
2967 42
2968 69
2969 69
2970 30
2971 49
2972 12
2973 60
2974 69
2975 67
2976 7
2977 49
2978 4
2979 66
2980 19
2981 4
2982 34
2983 80
2984 4
2985 64
2986 28
2987 28
2988 3
2989 11
2990 37
2991 15
2992 52
2993 65
2994 64
2995 42
2996 5
2997 19
2998 5
2999 4
