0 40
1 4
2 42
3 33
4 6
5 71
6 63
7 1
8 49
9 55
10 60
11 42
12 80
13 15
14 41
15 60
16 72
17 68
18 55
19 11
20 74
21 69
22 59
23 65
24 49
25 46
26 20
27 22
28 12
29 42
30 80
31 34
32 60
33 84
34 65
35 45
36 10
37 64
38 58
39 29
40 82
41 62
42 7
43 42
44 77
45 70
46 71
47 78
48 30
49 50
50 8
51 70
52 55
53 71
54 5
55 11
56 48
57 72
58 15
59 56
60 42
61 79
62 80
63 52
64 28
65 37
66 65
67 66
68 3
69 4
70 30
71 15
72 34
73 64
74 1
75 16
76 60
77 36
78 62
79 77
80 13
81 60
82 58
83 22
84 49
85 65
86 13
87 34
88 68
89 22
90 49
91 28
92 37
93 29
94 83
95 4
96 68
97 48
98 22
99 34
100 41
101 81
102 65
103 19
104 27
105 54
106 68
107 15
108 47
109 1
110 70
111 80
112 51
113 81
114 64
115 65
116 64
117 14
118 10
119 67
120 80
121 71
122 83
123 65
124 5
125 37
126 62
127 77
128 19
129 13
130 80
131 70
132 70
133 21
134 19
135 37
136 84
137 24
138 49
139 22
140 4
141 49
142 13
143 67
144 4
145 14
146 74
147 56
148 28
149 49
150 63
151 11
152 71
153 3
154 13
155 14
156 49
157 56
158 72
159 22
160 71
161 44
162 68
163 21
164 65
165 71
166 64
167 1
168 80
169 80
170 24
171 80
172 41
173 27
174 80
175 15
176 68
177 37
178 64
179 56
180 13
181 56
182 56
183 41
184 41
185 11
186 65
187 67
188 41
189 19
190 25
191 16
192 75
193 1
194 34
195 77
196 49
197 30
198 28
199 13
200 74
201 38
202 9
203 34
204 24
205 19
206 22
207 46
208 83
209 5
210 50
211 12
212 55
213 6
214 68
215 19
216 60
217 48
218 62
219 52
220 50
221 63
222 5
223 38
224 34
225 80
226 17
227 41
228 68
229 35
230 70
231 77
232 53
233 9
234 55
235 42
236 66
237 43
238 5
239 56
240 35
241 43
242 71
243 32
244 19
245 4
246 84
247 5
248 70
249 51
250 30
251 62
252 6
253 64
254 81
255 35
256 48
257 12
258 68
259 77
260 4
261 4
262 51
263 7
264 80
265 64
266 8
267 1
268 63
269 41
270 82
271 72
272 68
273 82
274 16
275 52
276 59
277 19
278 71
279 64
280 51
281 15
282 49
283 4
284 25
285 19
286 51
287 54
288 69
289 70
290 49
291 34
292 41
293 42
294 37
295 49
296 25
297 34
298 40
299 60
300 52
301 65
302 63
303 41
304 35
305 49
306 28
307 20
308 59
309 1
310 19
311 9
312 28
313 31
314 72
315 1
316 19
317 63
318 19
319 75
320 40
321 11
322 22
323 26
324 49
325 41
326 82
327 65
328 80
329 42
330 37
331 19
332 56
333 42
334 25
335 27
336 15
337 5
338 67
339 15
340 15
341 70
342 14
343 57
344 60
345 23
346 15
347 60
348 49
349 12
350 7
351 25
352 34
353 23
354 51
355 80
356 63
357 32
358 13
359 42
360 68
361 28
362 1
363 54
364 34
365 26
366 41
367 68
368 22
369 49
370 26
371 28
372 74
373 11
374 56
375 12
376 57
377 42
378 52
379 69
380 69
381 80
382 6
383 26
384 80
385 70
386 70
387 68
388 72
389 80
390 23
391 25
392 65
393 50
394 19
395 71
396 56
397 5
398 83
399 27
400 64
401 56
402 25
403 80
404 71
405 5
406 69
407 80
408 64
409 41
410 80
411 69
412 4
413 13
414 48
415 22
416 41
417 72
418 70
419 35
420 28
421 70
422 80
423 43
424 63
425 52
426 23
427 71
428 33
429 84
430 10
431 63
432 72
433 23
434 55
435 11
436 60
437 33
438 10
439 37
440 19
441 22
442 25
443 62
444 20
445 47
446 64
447 15
448 33
449 69
450 64
451 78
452 64
453 17
454 64
455 2
456 70
457 29
458 1
459 65
460 75
461 12
462 57
463 19
464 52
465 27
466 80
467 84
468 71
469 48
470 19
471 60
472 64
473 65
474 19
475 29
476 80
477 41
478 29
479 69
480 75
481 11
482 65
483 34
484 66
485 64
486 34
487 63
488 39
489 4
490 33
491 68
492 43
493 82
494 70
495 80
496 13
497 21
498 68
499 52
500 28
501 15
502 4
503 71
504 41
505 6
506 41
507 47
508 9
509 41
510 48
511 48
512 30
513 15
514 64
515 9
516 42
517 62
518 56
519 23
520 84
521 4
522 80
523 42
524 50
525 25
526 3
527 57
528 37
529 46
530 61
531 68
532 2
533 47
534 49
535 4
536 11
537 62
538 59
539 80
540 68
541 80
542 78
543 48
544 73
545 42
546 60
547 40
548 70
549 19
550 83
551 6
552 79
553 33
554 18
555 62
556 66
557 40
558 9
559 22
560 56
561 10
562 72
563 10
564 43
565 69
566 71
567 19
568 65
569 34
570 22
571 77
572 58
573 12
574 34
575 81
576 63
577 4
578 48
579 65
580 37
581 35
582 62
583 83
584 64
585 63
586 7
587 3
588 80
589 34
590 19
591 69
592 56
593 13
594 38
595 25
596 63
597 67
598 34
599 49
600 72
601 78
602 42
603 9
604 55
605 1
606 38
607 56
608 30
609 44
610 17
611 21
612 12
613 46
614 23
615 13
616 23
617 37
618 10
619 63
620 56
621 19
622 42
623 74
624 56
625 42
626 69
627 6
628 6
629 19
630 67
631 64
632 25
633 30
634 72
635 41
636 52
637 22
638 78
639 3
640 43
641 82
642 29
643 29
644 9
645 71
646 14
647 63
648 27
649 19
650 63
651 34
652 43
653 4
654 49
655 84
656 69
657 23
658 30
659 80
660 82
661 41
662 60
663 48
664 46
665 11
666 68
667 52
668 74
669 41
670 42
671 66
672 63
673 68
674 40
675 4
676 10
677 22
678 82
679 15
680 57
681 24
682 23
683 41
684 10
685 22
686 45
687 4
688 80
689 52
690 48
691 63
692 51
693 42
694 31
695 11
696 12
697 80
698 34
699 63
700 60
701 9
702 4
703 56
704 9
705 48
706 12
707 52
708 52
709 4
710 70
711 28
712 25
713 53
714 37
715 28
716 42
717 60
718 22
719 56
720 57
721 12
722 41
723 39
724 30
725 6
726 73
727 4
728 12
729 61
730 68
731 65
732 1
733 83
734 51
735 71
736 56
737 61
738 3
739 47
740 43
741 70
742 19
743 65
744 65
745 10
746 50
747 49
748 37
749 70
750 58
751 67
752 54
753 57
754 49
755 34
756 42
757 34
758 71
759 19
760 1
761 75
762 60
763 48
764 3
765 19
766 56
767 75
768 84
769 55
770 56
771 12
772 4
773 80
774 56
775 4
776 69
777 16
778 49
779 14
780 22
781 33
782 68
783 14
784 84
785 25
786 58
787 69
788 20
789 57
790 10
791 69
792 4
793 83
794 4
795 70
796 65
797 11
798 4
799 22
800 64
801 63
802 69
803 15
804 6
805 6
806 24
807 80
808 68
809 71
810 66
811 63
812 28
813 28
814 60
815 70
816 60
817 22
818 7
819 21
820 77
821 7
822 13
823 3
824 53
825 48
826 34
827 56
828 60
829 15
830 4
831 56
832 80
833 46
834 65
835 79
836 60
837 31
838 74
839 34
840 7
841 68
842 70
843 60
844 22
845 70
846 29
847 77
848 28
849 4
850 15
851 4
852 37
853 64
854 82
855 50
856 14
857 65
858 72
859 6
860 9
861 46
862 11
863 23
864 56
865 48
866 71
867 22
868 63
869 16
870 11
871 72
872 35
873 3
874 57
875 28
876 35
877 55
878 1
879 3
880 15
881 58
882 33
883 3
884 4
885 4
886 19
887 81
888 4
889 3
890 78
891 25
892 34
893 69
894 47
895 68
896 37
897 60
898 63
899 77
900 20
901 57
902 12
903 70
904 9
905 67
906 10
907 59
908 1
909 41
910 63
911 55
912 34
913 70
914 12
915 30
916 70
917 75
918 68
919 9
920 22
921 64
922 42
923 62
924 28
925 33
926 7
927 71
928 42
929 65
930 62
931 4
932 69
933 19
934 52
935 37
936 71
937 46
938 42
939 33
940 56
941 5
942 52
943 49
944 30
945 64
946 60
947 12
948 19
949 21
950 12
951 71
952 84
953 66
954 22
955 28
956 22
957 65
958 72
959 48
960 5
961 28
962 42
963 71
964 41
965 52
966 63
967 69
968 34
969 9
970 65
971 62
972 34
973 63
974 65
975 37
976 56
977 19
978 12
979 37
980 37
981 6
982 51
983 5
984 23
985 24
986 53
987 60
988 34
989 55
990 30
991 70
992 15
993 22
994 60
995 48
996 70
997 67
998 60
999 67
1000 25
1001 64
1002 57
1003 34
1004 12
1005 64
1006 16
1007 40
1008 28
1009 1
1010 48
1011 5
1012 49
1013 64
1014 41
1015 33
1016 48
1017 34
1018 75
1019 4
1020 65
1021 35
1022 66
1023 80
1024 41
1025 11
1026 84
1027 24
1028 33
1029 25
1030 24
1031 4
1032 42
1033 70
1034 22
1035 63
1036 40
1037 70
1038 37
1039 57
1040 34
1041 62
1042 44
1043 9
1044 66
1045 57
1046 63
1047 33
1048 4
1049 4
1050 4
1051 17
1052 30
1053 60
1054 48
1055 21
1056 22
1057 70
1058 22
1059 24
1060 5
1061 56
1062 34
1063 31
1064 30
1065 81
1066 5
1067 40
1068 11
1069 52
1070 1
1071 72
1072 12
1073 83
1074 4
1075 16
1076 69
1077 56
1078 56
1079 69
1080 34
1081 22
1082 42
1083 41
1084 48
1085 64
1086 80
1087 8
1088 70
1089 33
1090 33
1091 1
1092 16
1093 19
1094 9
1095 23
1096 65
1097 41
1098 65
1099 6
1100 72
1101 55
1102 80
1103 77
1104 43
1105 41
1106 68
1107 61
1108 54
1109 69
1110 40
1111 15
1112 40
1113 34
1114 35
1115 42
1116 42
1117 52
1118 76
1119 71
1120 56
1121 30
1122 9
1123 6
1124 4
1125 43
1126 5
1127 69
1128 7
1129 70
1130 72
1131 81
1132 30
1133 14
1134 46
1135 41
1136 29
1137 55
1138 84
1139 5
1140 60
1141 41
1142 52
1143 60
1144 6
1145 25
1146 65
1147 64
1148 84
1149 18
1150 82
1151 41
1152 80
1153 17
1154 51
1155 19
1156 19
1157 15
1158 27
1159 40
1160 17
1161 41
1162 33
1163 83
1164 22
1165 78
1166 37
1167 43
1168 27
1169 51
1170 70
1171 51
1172 77
1173 56
1174 13
1175 82
1176 19
1177 60
1178 38
1179 3
1180 23
1181 7
1182 11
1183 84
1184 43
1185 80
1186 29
1187 41
1188 70
1189 49
1190 24
1191 9
1192 44
1193 12
1194 43
1195 64
1196 70
1197 41
1198 5
1199 19
1200 7
1201 41
1202 73
1203 34
1204 32
1205 49
1206 56
1207 32
1208 11
1209 60
1210 12
1211 48
1212 70
1213 15
1214 56
1215 52
1216 49
1217 60
1218 15
1219 43
1220 13
1221 3
1222 43
1223 52
1224 27
1225 18
1226 70
1227 3
1228 75
1229 84
1230 21
1231 28
1232 28
1233 81
1234 42
1235 71
1236 68
1237 56
1238 80
1239 19
1240 62
1241 70
1242 2
1243 15
1244 25
1245 80
1246 63
1247 69
1248 4
1249 34
1250 1
1251 8
1252 22
1253 22
1254 13
1255 60
1256 69
1257 15
1258 27
1259 42
1260 55
1261 18
1262 23
1263 71
1264 75
1265 4
1266 9
1267 55
1268 75
1269 34
1270 55
1271 69
1272 51
1273 68
1274 70
1275 12
1276 30
1277 45
1278 57
1279 82
1280 3
1281 63
1282 65
1283 77
1284 4
1285 54
1286 66
1287 48
1288 5
1289 80
1290 81
1291 75
1292 7
1293 56
1294 64
1295 8
1296 41
1297 3
1298 37
1299 69
1300 69
1301 83
1302 66
1303 11
1304 50
1305 70
1306 69
1307 6
1308 21
1309 42
1310 39
1311 75
1312 12
1313 15
1314 34
1315 63
1316 34
1317 52
1318 52
1319 62
1320 15
1321 60
1322 75
1323 66
1324 36
1325 33
1326 42
1327 15
1328 22
1329 34
1330 14
1331 34
1332 70
1333 19
1334 60
1335 48
1336 11
1337 15
1338 60
1339 79
1340 77
1341 25
1342 23
1343 80
1344 4
1345 60
1346 13
1347 41
1348 38
1349 15
1350 71
1351 80
1352 80
1353 30
1354 77
1355 70
1356 36
1357 36
1358 78
1359 62
1360 82
1361 74
1362 53
1363 78
1364 14
1365 12
1366 56
1367 9
1368 29
1369 8
1370 14
1371 5
1372 63
1373 69
1374 71
1375 2
1376 12
1377 19
1378 30
1379 64
1380 56
1381 63
1382 77
1383 70
1384 3
1385 14
1386 3
1387 14
1388 28
1389 37
1390 32
1391 49
1392 60
1393 41
1394 56
1395 15
1396 71
1397 36
1398 19
1399 28
1400 58
1401 49
1402 15
1403 37
1404 15
1405 26
1406 67
1407 68
1408 80
1409 76
1410 84
1411 49
1412 18
1413 62
1414 62
1415 12
1416 60
1417 4
1418 64
1419 19
1420 71
1421 83
1422 28
1423 43
1424 40
1425 48
1426 42
1427 81
1428 57
1429 69
1430 79
1431 36
1432 69
1433 28
1434 70
1435 68
1436 63
1437 18
1438 57
1439 1
1440 11
1441 34
1442 51
1443 41
1444 49
1445 52
1446 1
1447 60
1448 12
1449 68
1450 6
1451 40
1452 27
1453 10
1454 65
1455 67
1456 1
1457 31
1458 42
1459 84
1460 48
1461 56
1462 69
1463 68
1464 7
1465 63
1466 15
1467 37
1468 25
1469 69
1470 52
1471 73
1472 63
1473 19
1474 53
1475 5
1476 29
1477 42
1478 25
1479 52
1480 65
1481 48
1482 60
1483 71
1484 65
1485 56
1486 52
1487 67
1488 23
1489 29
1490 30
1491 69
1492 30
1493 70
1494 71
1495 69
1496 6
1497 25
1498 55
1499 57
1500 1
1501 68
1502 84
1503 40
1504 68
1505 82
1506 71
1507 77
1508 65
1509 11
1510 43
1511 70
1512 5
1513 72
1514 55
1515 13
1516 26
1517 60
1518 80
1519 15
1520 12
1521 30
1522 42
1523 70
1524 41
1525 25
1526 79
1527 37
1528 52
1529 62
1530 23
1531 58
1532 41
1533 48
1534 48
1535 72
1536 84
1537 70
1538 69
1539 49
1540 37
1541 30
1542 47
1543 19
1544 70
1545 48
1546 9
1547 30
1548 34
1549 75
1550 49
1551 71
1552 48
1553 21
1554 40
1555 15
1556 34
1557 57
1558 71
1559 3
1560 62
1561 64
1562 70
1563 67
1564 5
1565 80
1566 40
1567 78
1568 19
1569 71
1570 49
1571 32
1572 4
1573 60
1574 70
1575 30
1576 68
1577 39
1578 80
1579 21
1580 30
1581 21
1582 31
1583 30
1584 4
1585 60
1586 65
1587 25
1588 68
1589 64
1590 50
1591 49
1592 12
1593 69
1594 9
1595 49
1596 45
1597 4
1598 4
1599 37
1600 67
1601 53
1602 65
1603 67
1604 11
1605 43
1606 79
1607 40
1608 79
1609 19
1610 78
1611 9
1612 63
1613 56
1614 9
1615 63
1616 39
1617 70
1618 77
1619 73
1620 52
1621 71
1622 76
1623 75
1624 4
1625 12
1626 12
1627 14
1628 19
1629 60
1630 80
1631 43
1632 51
1633 4
1634 82
1635 82
1636 69
1637 4
1638 70
1639 68
1640 73
1641 9
1642 60
1643 56
1644 1
1645 4
1646 56
1647 22
1648 69
1649 68
1650 41
1651 64
1652 67
1653 30
1654 19
1655 76
1656 70
1657 9
1658 28
1659 64
1660 37
1661 72
1662 54
1663 3
1664 41
1665 51
1666 52
1667 62
1668 30
1669 28
1670 83
1671 7
1672 64
1673 34
1674 29
1675 69
1676 1
1677 4
1678 19
1679 16
1680 6
1681 10
1682 10
1683 63
1684 19
1685 29
1686 4
1687 41
1688 13
1689 22
1690 60
1691 8
1692 76
1693 26
1694 77
1695 22
1696 25
1697 4
1698 7
1699 66
1700 80
1701 12
1702 69
1703 81
1704 67
1705 19
1706 76
1707 58
1708 18
1709 69
1710 34
1711 62
1712 53
1713 4
1714 15
1715 84
1716 77
1717 41
1718 65
1719 60
1720 15
1721 4
1722 21
1723 48
1724 41
1725 3
1726 64
1727 41
1728 11
1729 61
1730 22
1731 57
1732 80
1733 12
1734 33
1735 30
1736 72
1737 46
1738 25
1739 84
1740 71
1741 12
1742 47
1743 51
1744 37
1745 49
1746 69
1747 70
1748 57
1749 41
1750 11
1751 19
1752 72
1753 46
1754 43
1755 65
1756 30
1757 68
1758 5
1759 49
1760 11
1761 33
1762 4
1763 39
1764 58
1765 77
1766 6
1767 41
1768 42
1769 41
1770 71
1771 46
1772 34
1773 65
1774 68
1775 60
1776 70
1777 28
1778 22
1779 48
1780 48
1781 71
1782 39
1783 80
1784 9
1785 30
1786 67
1787 33
1788 48
1789 70
1790 42
1791 9
1792 7
1793 17
1794 11
1795 4
1796 1
1797 69
1798 68
1799 51
1800 83
1801 82
1802 13
1803 12
1804 68
1805 29
1806 35
1807 49
1808 22
1809 71
1810 82
1811 64
1812 69
1813 70
1814 70
1815 19
1816 71
1817 68
1818 47
1819 79
1820 80
1821 77
1822 51
1823 6
1824 50
1825 75
1826 69
1827 41
1828 48
1829 10
1830 25
1831 25
1832 14
1833 82
1834 15
1835 26
1836 78
1837 82
1838 39
1839 27
1840 22
1841 20
1842 84
1843 80
1844 3
1845 1
1846 3
1847 14
1848 68
1849 12
1850 7
1851 71
1852 69
1853 37
1854 41
1855 4
1856 38
1857 63
1858 19
1859 36
1860 62
1861 16
1862 28
1863 69
1864 37
1865 27
1866 48
1867 56
1868 56
1869 19
1870 78
1871 27
1872 43
1873 82
1874 17
1875 13
1876 23
1877 69
1878 71
1879 56
1880 66
1881 70
1882 22
1883 84
1884 34
1885 83
1886 66
1887 15
1888 22
1889 13
1890 64
1891 48
1892 25
1893 4
1894 22
1895 4
1896 60
1897 55
1898 62
1899 61
1900 6
1901 15
1902 78
1903 22
1904 22
1905 43
1906 11
1907 48
1908 75
1909 41
1910 32
1911 63
1912 42
1913 34
1914 34
1915 64
1916 44
1917 41
1918 45
1919 4
1920 63
1921 81
1922 15
1923 19
1924 27
1925 42
1926 15
1927 68
1928 80
1929 70
1930 57
1931 68
1932 34
1933 60
1934 19
1935 41
1936 14
1937 42
1938 33
1939 60
1940 41
1941 10
1942 80
1943 22
1944 1
1945 77
1946 4
1947 63
1948 33
1949 52
1950 40
1951 62
1952 27
1953 42
1954 49
1955 23
1956 6
1957 56
1958 1
1959 60
1960 8
1961 65
1962 10
1963 69
1964 49
1965 60
1966 71
1967 68
1968 60
1969 63
1970 80
1971 77
1972 79
1973 71
1974 61
1975 41
1976 40
1977 70
1978 63
1979 69
1980 41
1981 48
1982 38
1983 30
1984 2
1985 29
1986 65
1987 70
1988 2
1989 84
1990 60
1991 56
1992 34
1993 80
1994 78
1995 60
1996 41
1997 19
1998 69
1999 4
2000 80
2001 7
2002 13
2003 64
2004 62
2005 43
2006 71
2007 37
2008 70
2009 60
2010 13
2011 80
2012 28
2013 48
2014 3
2015 80
2016 39
2017 60
2018 68
2019 23
2020 21
2021 7
2022 53
2023 31
2024 28
2025 70
2026 4
2027 64
2028 30
2029 36
2030 77
2031 49
2032 27
2033 65
2034 76
2035 80
2036 60
2037 12
2038 3
2039 48
2040 47
2041 77
2042 69
2043 82
2044 56
2045 29
2046 33
2047 68
2048 80
2049 30
2050 42
2051 12
2052 3
2053 20
2054 42
2055 33
2056 60
2057 6
2058 1
2059 15
2060 51
2061 74
2062 49
2063 33
2064 83
2065 33
2066 80
2067 35
2068 49
2069 22
2070 9
2071 60
2072 10
2073 4
2074 84
2075 27
2076 68
2077 15
2078 59
2079 66
2080 63
2081 69
2082 71
2083 80
2084 10
2085 37
2086 37
2087 16
2088 15
2089 68
2090 60
2091 40
2092 14
2093 62
2094 66
2095 43
2096 74
2097 33
2098 18
2099 15
2100 41
2101 58
2102 65
2103 50
2104 34
2105 15
2106 56
2107 63
2108 5
2109 62
2110 30
2111 83
2112 68
2113 74
2114 66
2115 41
2116 22
2117 28
2118 40
2119 75
2120 68
2121 54
2122 4
2123 9
2124 56
2125 61
2126 15
2127 27
2128 48
2129 77
2130 40
2131 41
2132 3
2133 12
2134 42
2135 8
2136 32
2137 11
2138 4
2139 80
2140 70
2141 22
2142 69
2143 56
2144 65
2145 41
2146 63
2147 30
2148 49
2149 6
2150 56
2151 1
2152 42
2153 49
2154 37
2155 34
2156 33
2157 5
2158 42
2159 15
2160 20
2161 4
2162 30
2163 44
2164 9
2165 41
2166 52
2167 11
2168 11
2169 21
2170 60
2171 41
2172 67
2173 48
2174 20
2175 60
2176 60
2177 22
2178 37
2179 13
2180 41
2181 49
2182 15
2183 14
2184 64
2185 22
2186 11
2187 68
2188 82
2189 30
2190 67
2191 5
2192 41
2193 9
2194 15
2195 65
2196 2
2197 33
2198 82
2199 80
2200 5
2201 34
2202 15
2203 36
2204 19
2205 10
2206 4
2207 63
2208 10
2209 80
2210 64
2211 59
2212 4
2213 70
2214 5
2215 59
2216 1
2217 14
2218 48
2219 41
2220 36
2221 15
2222 32
2223 30
2224 1
2225 22
2226 22
2227 6
2228 8
2229 71
2230 19
2231 77
2232 48
2233 12
2234 19
2235 62
2236 5
2237 42
2238 28
2239 80
2240 80
2241 41
2242 43
2243 25
2244 81
2245 64
2246 1
2247 30
2248 17
2249 16
2250 49
2251 33
2252 34
2253 10
2254 56
2255 26
2256 25
2257 15
2258 15
2259 42
2260 5
2261 51
2262 71
2263 32
2264 12
2265 25
2266 49
2267 3
2268 43
2269 37
2270 32
2271 64
2272 56
2273 56
2274 22
2275 34
2276 63
2277 12
2278 30
2279 83
2280 66
2281 1
2282 52
2283 44
2284 40
2285 72
2286 23
2287 41
2288 19
2289 51
2290 32
2291 4
2292 52
2293 70
2294 70
2295 70
2296 11
2297 80
2298 72
2299 8
2300 60
2301 22
2302 7
2303 71
2304 46
2305 56
2306 34
2307 15
2308 84
2309 82
2310 4
2311 44
2312 26
2313 64
2314 84
2315 82
2316 52
2317 80
2318 66
2319 26
2320 9
2321 63
2322 49
2323 70
2324 4
2325 52
2326 12
2327 15
2328 60
2329 6
2330 69
2331 80
2332 33
2333 40
2334 63
2335 50
2336 10
2337 34
2338 37
2339 84
2340 49
2341 78
2342 28
2343 39
2344 9
2345 80
2346 4
2347 80
2348 33
2349 28
2350 57
2351 34
2352 34
2353 34
2354 41
2355 6
2356 82
2357 63
2358 77
2359 80
2360 56
2361 71
2362 8
2363 37
2364 19
2365 63
2366 56
2367 64
2368 22
2369 37
2370 54
2371 72
2372 23
2373 1
2374 69
2375 10
2376 28
2377 38
2378 60
2379 19
2380 67
2381 41
2382 6
2383 68
2384 69
2385 25
2386 12
2387 14
2388 64
2389 26
2390 56
2391 66
2392 9
2393 43
2394 42
2395 42
2396 81
2397 12
2398 3
2399 4
2400 64
2401 48
2402 68
2403 23
2404 3
2405 80
2406 84
2407 80
2408 15
2409 45
2410 76
2411 41
2412 5
2413 69
2414 33
2415 45
2416 74
2417 41
2418 64
2419 10
2420 1
2421 80
2422 3
2423 41
2424 7
2425 13
2426 76
2427 71
2428 64
2429 62
2430 28
2431 69
2432 41
2433 68
2434 18
2435 41
2436 5
2437 3
2438 27
2439 55
2440 43
2441 77
2442 12
2443 4
2444 63
2445 4
2446 52
2447 72
2448 12
2449 12
2450 32
2451 4
2452 52
2453 83
2454 7
2455 68
2456 34
2457 34
2458 25
2459 33
2460 27
2461 63
2462 52
2463 2
2464 30
2465 3
2466 69
2467 80
2468 4
2469 28
2470 15
2471 64
2472 17
2473 58
2474 7
2475 60
2476 28
2477 15
2478 12
2479 7
2480 69
2481 67
2482 65
2483 67
2484 70
2485 28
2486 10
2487 80
2488 84
2489 64
2490 46
2491 63
2492 70
2493 25
2494 34
2495 64
2496 72
2497 5
2498 69
2499 82
2500 71
2501 34
2502 80
2503 49
2504 41
2505 46
2506 57
2507 56
2508 28
2509 28
2510 34
2511 7
2512 52
2513 51
2514 12
2515 68
2516 69
2517 33
2518 70
2519 73
2520 15
2521 6
2522 37
2523 27
2524 73
2525 43
2526 70
2527 45
2528 12
2529 10
2530 63
2531 15
2532 74
2533 60
2534 1
2535 64
2536 17
2537 19
2538 19
2539 36
2540 56
2541 49
2542 16
2543 66
2544 23
2545 1
2546 15
2547 68
2548 63
2549 59
2550 3
2551 55
2552 78
2553 45
2554 2
2555 62
2556 38
2557 64
2558 70
2559 37
2560 13
2561 75
2562 65
2563 11
2564 22
2565 57
2566 9
2567 25
2568 9
2569 65
2570 22
2571 11
2572 78
2573 22
2574 29
2575 56
2576 35
2577 37
2578 75
2579 19
2580 82
2581 70
2582 71
2583 56
2584 1
2585 14
2586 38
2587 46
2588 30
2589 2
2590 25
2591 3
2592 60
2593 71
2594 3
2595 25
2596 72
2597 19
2598 66
2599 73
2600 8
2601 30
2602 52
2603 77
2604 23
2605 64
2606 73
2607 19
2608 19
2609 19
2610 48
2611 43
2612 4
2613 37
2614 67
2615 80
2616 75
2617 68
2618 70
2619 69
2620 12
2621 36
2622 26
2623 80
2624 6
2625 66
2626 33
2627 60
2628 65
2629 25
2630 4
2631 69
2632 22
2633 68
2634 19
2635 41
2636 64
2637 52
2638 40
2639 52
2640 9
2641 17
2642 49
2643 53
2644 56
2645 37
2646 34
2647 77
2648 19
2649 19
2650 80
2651 42
2652 49
2653 75
2654 47
2655 67
2656 58
2657 65
2658 6
2659 64
2660 83
2661 69
2662 28
2663 19
2664 21
2665 27
2666 84
2667 4
2668 17
2669 3
2670 77
2671 19
2672 70
2673 28
2674 19
2675 27
2676 19
2677 74
2678 41
2679 69
2680 42
2681 39
2682 26
2683 66
2684 82
2685 44
2686 15
2687 82
2688 84
2689 68
2690 50
2691 3
2692 66
2693 39
2694 68
2695 61
2696 83
2697 6
2698 42
2699 41
2700 49
2701 15
2702 68
2703 77
2704 60
2705 19
2706 53
2707 75
2708 31
2709 46
2710 19
2711 6
2712 26
2713 15
2714 71
2715 72
2716 41
2717 41
2718 77
2719 42
2720 29
2721 52
2722 75
2723 8
2724 7
2725 27
2726 75
2727 30
2728 17
2729 80
2730 12
2731 30
2732 84
2733 11
2734 19
2735 34
2736 60
2737 64
2738 27
2739 52
2740 41
2741 68
2742 6
2743 45
2744 49
2745 73
2746 66
2747 68
2748 67
2749 57
2750 41
2751 51
2752 48
2753 76
2754 75
2755 70
2756 35
2757 5
2758 15
2759 11
2760 69
2761 28
2762 63
2763 34
2764 41
2765 53
2766 77
2767 29
2768 64
2769 31
2770 3
2771 8
2772 4
2773 56
2774 72
2775 78
2776 41
2777 34
2778 77
2779 44
2780 63
2781 12
2782 41
2783 49
2784 70
2785 14
2786 66
2787 65
2788 3
2789 60
2790 37
2791 64
2792 75
2793 13
2794 66
2795 11
2796 14
2797 37
2798 80
2799 20
2800 19
2801 66
2802 11
2803 14
2804 80
2805 35
2806 25
2807 82
2808 52
2809 7
2810 48
2811 82
2812 61
2813 1
2814 52
2815 9
2816 62
2817 33
2818 17
2819 71
2820 49
2821 22
2822 12
2823 11
2824 61
2825 67
2826 15
2827 63
2828 59
2829 37
2830 42
2831 35
2832 77
2833 51
2834 19
2835 17
2836 41
2837 51
2838 68
2839 56
2840 12
2841 84
2842 26
2843 27
2844 78
2845 33
2846 34
2847 29
2848 83
2849 19
2850 14
2851 41
2852 33
2853 9
2854 40
2855 41
2856 51
2857 28
2858 6
2859 72
2860 58
2861 43
2862 69
2863 4
2864 70
2865 5
2866 7
2867 63
2868 49
2869 41
2870 14
2871 69
2872 41
2873 57
2874 62
2875 21
2876 69
2877 33
2878 49
2879 67
2880 49
2881 63
2882 32
2883 19
2884 66
2885 21
2886 46
2887 30
2888 55
2889 46
2890 67
2891 40
2892 68
2893 12
2894 37
2895 12
2896 64
2897 41
2898 22
2899 34
2900 61
2901 81
2902 67
2903 60
2904 23
2905 19
2906 49
2907 45
2908 33
2909 63
2910 57
2911 23
2912 80
2913 6
2914 68
2915 19
2916 70
2917 66
2918 15
2919 34
2920 57
2921 18
2922 14
2923 9
2924 64
2925 4
2926 83
2927 31
2928 12
2929 64
2930 48
2931 11
2932 43
2933 8
2934 62
2935 14
2936 1
2937 80
2938 41
2939 54
2940 34
2941 60
2942 49
2943 70
2944 63
2945 6
2946 43
2947 4
2948 12
2949 11
2950 19
2951 63
2952 60
2953 69
2954 19
2955 71
2956 82
2957 10
2958 4
2959 68
2960 63
2961 13
2962 7
2963 61
2964 52
2965 69
2966 6
2967 4
2968 51
2969 4
2970 38
2971 4
2972 6
2973 42
2974 37
2975 21
2976 71
2977 49
2978 33
2979 61
2980 80
2981 1
2982 77
2983 2
2984 15
2985 30
2986 12
2987 67
2988 37
2989 70
2990 52
2991 54
2992 65
2993 64
2994 42
2995 5
2996 35
2997 19
2998 5
2999 4
