6 25 54 60 68 79 126 156 172 178 190 208 213 243 259 273 275 276 277 289 320 357 398 399 452 454 475 483 504 512 544 550 562 588 619 621 629 633 663 665 674 687 694 715 730 750 756 780 788 796 809 817 825 846 870 920 932 935 956 990 992 996
21 58 73 93 171 188 332 341 384 403 405 417 433 458 468 477 498 526 569 579 587 610 655 684 702 775 791 800 855 861 913 947 963 986
15 47 92 121 198 247 271 294 336 345 409 455 478 484 505 518 556 565 615 675 676 699 703 710 742 743 746 827 830 837 863 887 898 923 934 950 958 981
86 114 255 287 300 354 364 429 456 521 568 592 690 767 783 803 811 839 945 952 953
27 41 67 72 80 81 95 104 105 112 117 128 134 135 142 147 155 169 174 196 199 214 235 240 252 253 260 264 267 269 284 288 290 305 343 363 369 370 394 397 410 418 436 491 494 500 508 547 558 560 567 601 628 635 667 688 758 785 787 794 797 807 824 834 847 851 856 867 907 921 922 924 925 933 943 954 955 959 967 991 998
4 9 14 22 30 36 39 84 88 91 94 133 137 140 145 154 177 183 204 226 234 241 250 257 278 302 308 310 319 331 333 353 374 381 402 406 447 449 460 462 463 479 480 495 515 523 527 533 546 555 576 599 608 622 632 637 661 670 680 689 693 716 718 728 733 738 739 747 765 793 828 831 832 833 842 849 852 853 864 872 875 884 888 906 918 926 941 976 978 994
10 11 19 48 59 69 85 89 97 125 148 157 160 167 176 193 194 195 206 215 219 223 227 263 280 283 315 323 335 344 352 356 360 367 382 396 413 420 421 423 424 430 431 437 465 471 474 486 492 501 506 514 532 541 548 564 583 593 605 609 625 630 640 649 660 673 677 691 696 712 745 749 813 835 845 869 885 908 928 930 938 946 960 965 977 989 997 999
26 184 291 407 414 499 517 578 595 657 781 844 882 909 931
44 63 111 123 186 192 220 296 297 306 325 358 419 459 561 618 678 700 701 722 755 789 802 860 871 891 902
118 153 366 434 574 804 808 816 878 889 893 901 904 936 942
1 8 12 28 40 43 57 77 122 161 202 205 218 265 298 329 389 390 404 422 450 469 481 493 511 535 566 582 594 602 617 631 641 705 777 779 792 819 823 826 840 859 874 900 929 964 968 983 984
3 7 33 52 56 65 70 103 138 144 152 164 179 187 191 229 230 233 238 272 318 339 351 383 387 392 395 411 412 432 439 461 464 467 473 516 520 529 540 553 563 570 575 585 586 591 597 604 606 612 614 620 636 647 656 682 704 714 719 734 735 744 748 753 757 760 766 769 778 810 812 836 838 850 858 868 890 896 903 914 915 944 948 961 971 973 988 995
49 61 100 115 120 182 317 415 530 697 721 772 829 970 980
2 31 34 45 55 102 129 139 141 143 151 168 185 197 211 221 224 225 232 236 239 248 254 261 262 270 292 301 307 311 313 316 321 327 337 340 373 376 393 400 408 426 428 457 497 502 509 510 513 534 538 545 577 580 581 623 645 646 652 658 662 679 707 711 724 741 774 782 801 806 822 865 873 883 892 894 910 937 939 949 966 969 987 993
16 42 51 75 78 96 101 130 131 162 163 166 173 175 201 210 212 222 231 244 246 251 274 279 299 303 304 324 326 338 347 359 361 362 371 378 386 435 441 443 448 451 476 487 488 489 496 522 525 531 549 551 552 559 571 590 596 598 638 644 651 659 671 708 717 720 727 732 751 770 773 776 795 821 843 854 857 862 880 881 897 917 919 927 940 951 957 982
24 107 149 189 228 268 355 379 472 572 584 603 642 668 672 726 866 911
5 18 74 99 136 165 181 207 309 342 372 442 503 616 643 683 740 752 763 820 972
13 17 23 32 37 46 50 62 64 66 76 90 98 109 110 127 146 150 159 200 203 209 216 237 242 256 258 281 282 286 295 312 314 322 328 334 346 348 365 377 385 401 416 425 427 444 445 446 453 466 482 485 507 519 524 528 539 542 543 554 557 573 589 600 613 624 634 653 664 666 669 685 692 709 713 725 731 754 759 761 768 799 805 814 815 818 841 877 895 899 975 979 985
0 20 29 53 82 83 87 106 113 116 119 124 132 158 170 180 217 245 249 266 285 293 330 350 391 438 470 490 536 537 607 627 650 654 681 686 695 698 723 736 762 764 771 784 786 848 886 916 962 974
35 38 71 108 349 368 375 380 388 440 611 626 639 648 706 729 737 790 798 876 879 905 912
