0 19
1 11
2 14
3 12
4 6
5 17
6 1
7 12
8 11
9 6
10 7
11 7
12 11
13 18
14 6
15 3
16 15
17 18
18 17
19 7
20 19
21 2
22 6
23 18
24 16
25 1
26 8
27 5
28 11
29 19
30 6
31 14
32 18
33 12
34 14
35 20
36 6
37 18
38 20
39 6
40 11
41 5
42 15
43 11
44 9
45 14
46 18
47 3
48 7
49 13
50 18
51 15
52 12
53 19
54 1
55 14
56 12
57 11
58 2
59 7
60 1
61 13
62 18
63 9
64 18
65 12
66 18
67 5
68 1
69 7
70 12
71 20
72 5
73 2
74 17
75 15
76 18
77 11
78 15
79 1
80 5
81 5
82 19
83 19
84 6
85 7
86 4
87 19
88 6
89 7
90 18
91 6
92 3
93 2
94 6
95 5
96 15
97 7
98 18
99 17
100 13
101 15
102 14
103 12
104 5
105 5
106 19
107 16
108 20
109 18
110 18
111 9
112 5
113 19
114 4
115 13
116 19
117 5
118 10
119 19
120 13
121 3
122 11
123 9
124 19
125 7
126 1
127 18
128 5
129 14
130 15
131 15
132 19
133 6
134 5
135 5
136 17
137 6
138 12
139 14
140 6
141 14
142 5
143 14
144 12
145 6
146 18
147 5
148 7
149 16
150 18
151 14
152 12
153 10
154 6
155 5
156 1
157 7
158 19
159 18
160 7
161 11
162 15
163 15
164 12
165 17
166 15
167 7
168 14
169 5
170 19
171 2
172 1
173 15
174 5
175 15
176 7
177 6
178 1
179 12
180 19
181 17
182 13
183 6
184 8
185 14
186 9
187 12
188 2
189 16
190 1
191 12
192 9
193 7
194 7
195 7
196 5
197 14
198 3
199 5
200 18
201 15
202 11
203 18
204 6
205 11
206 7
207 17
208 1
209 18
210 15
211 14
212 15
213 1
214 5
215 7
216 18
217 19
218 11
219 7
220 9
221 14
222 15
223 7
224 14
225 14
226 6
227 7
228 16
229 12
230 12
231 15
232 14
233 12
234 6
235 5
236 14
237 18
238 12
239 14
240 5
241 6
242 18
243 1
244 15
245 19
246 15
247 3
248 14
249 19
250 6
251 15
252 5
253 5
254 14
255 4
256 18
257 6
258 18
259 1
260 5
261 14
262 14
263 7
264 5
265 11
266 19
267 5
268 16
269 5
270 14
271 3
272 12
273 1
274 15
275 1
276 1
277 1
278 6
279 15
280 7
281 18
282 18
283 7
284 5
285 19
286 18
287 4
288 5
289 1
290 5
291 8
292 14
293 19
294 3
295 18
296 9
297 9
298 11
299 15
300 4
301 14
302 6
303 15
304 15
305 5
306 9
307 14
308 6
309 17
310 6
311 14
312 18
313 14
314 18
315 7
316 14
317 13
318 12
319 6
320 1
321 14
322 18
323 7
324 15
325 9
326 15
327 14
328 18
329 11
330 19
331 6
332 2
333 6
334 18
335 7
336 3
337 14
338 15
339 12
340 14
341 2
342 17
343 5
344 7
345 3
346 18
347 15
348 18
349 20
350 19
351 12
352 7
353 6
354 4
355 16
356 7
357 1
358 9
359 15
360 7
361 15
362 15
363 5
364 4
365 18
366 10
367 7
368 20
369 5
370 5
371 15
372 17
373 14
374 6
375 20
376 14
377 18
378 15
379 16
380 20
381 6
382 7
383 12
384 2
385 18
386 15
387 12
388 20
389 11
390 11
391 19
392 12
393 14
394 5
395 12
396 7
397 5
398 1
399 1
400 14
401 18
402 6
403 2
404 11
405 2
406 6
407 8
408 14
409 3
410 5
411 12
412 12
413 7
414 8
415 13
416 18
417 2
418 5
419 9
420 7
421 7
422 11
423 7
424 7
425 18
426 14
427 18
428 14
429 4
430 7
431 7
432 12
433 2
434 10
435 15
436 5
437 7
438 19
439 12
440 20
441 15
442 17
443 15
444 18
445 18
446 18
447 6
448 15
449 6
450 11
451 15
452 1
453 18
454 1
455 3
456 4
457 14
458 2
459 9
460 6
461 12
462 6
463 6
464 12
465 7
466 18
467 12
468 2
469 11
470 19
471 7
472 16
473 12
474 7
475 1
476 15
477 2
478 3
479 6
480 6
481 11
482 18
483 1
484 3
485 18
486 7
487 15
488 15
489 15
490 19
491 5
492 7
493 11
494 5
495 6
496 15
497 14
498 2
499 8
500 5
501 7
502 14
503 17
504 1
505 3
506 7
507 18
508 5
509 14
510 14
511 11
512 1
513 14
514 7
515 6
516 12
517 8
518 3
519 18
520 12
521 4
522 15
523 6
524 18
525 15
526 2
527 6
528 18
529 12
530 13
531 15
532 7
533 6
534 14
535 11
536 19
537 19
538 14
539 18
540 12
541 7
542 18
543 18
544 1
545 14
546 6
547 5
548 7
549 15
550 1
551 15
552 15
553 12
554 18
555 6
556 3
557 18
558 5
559 15
560 5
561 9
562 1
563 12
564 7
565 3
566 11
567 5
568 4
569 2
570 12
571 15
572 16
573 18
574 10
575 12
576 6
577 14
578 8
579 2
580 14
581 14
582 11
583 7
584 16
585 12
586 12
587 2
588 1
589 18
590 15
591 12
592 4
593 7
594 11
595 8
596 15
597 12
598 15
599 6
600 18
601 5
602 11
603 16
604 12
605 7
606 12
607 19
608 6
609 7
610 2
611 20
612 12
613 18
614 12
615 3
616 17
617 11
618 9
619 1
620 12
621 1
622 6
623 14
624 18
625 7
626 20
627 19
628 5
629 1
630 7
631 11
632 6
633 1
634 18
635 5
636 12
637 6
638 15
639 20
640 7
641 11
642 16
643 17
644 15
645 14
646 14
647 12
648 20
649 7
650 19
651 15
652 14
653 18
654 19
655 2
656 12
657 8
658 14
659 15
660 7
661 6
662 14
663 1
664 18
665 1
666 18
667 5
668 16
669 18
670 6
671 15
672 16
673 7
674 1
675 3
676 3
677 7
678 9
679 14
680 6
681 19
682 12
683 17
684 2
685 18
686 19
687 1
688 5
689 6
690 4
691 7
692 18
693 6
694 1
695 19
696 7
697 13
698 19
699 3
700 9
701 9
702 2
703 3
704 12
705 11
706 20
707 14
708 15
709 18
710 3
711 14
712 7
713 18
714 12
715 1
716 6
717 15
718 6
719 12
720 15
721 13
722 9
723 19
724 14
725 18
726 16
727 15
728 6
729 20
730 1
731 18
732 15
733 6
734 12
735 12
736 19
737 20
738 6
739 6
740 17
741 14
742 3
743 3
744 12
745 7
746 3
747 6
748 12
749 7
750 1
751 15
752 17
753 12
754 18
755 9
756 1
757 12
758 5
759 18
760 12
761 18
762 19
763 17
764 19
765 6
766 12
767 4
768 18
769 12
770 15
771 19
772 13
773 15
774 14
775 2
776 15
777 11
778 12
779 11
780 1
781 8
782 14
783 4
784 19
785 5
786 19
787 5
788 1
789 9
790 20
791 2
792 11
793 6
794 5
795 15
796 1
797 5
798 20
799 18
800 2
801 14
802 9
803 4
804 10
805 18
806 14
807 5
808 10
809 1
810 12
811 4
812 12
813 7
814 18
815 18
816 10
817 1
818 18
819 11
820 17
821 15
822 14
823 11
824 5
825 1
826 11
827 3
828 6
829 13
830 3
831 6
832 6
833 6
834 5
835 7
836 12
837 3
838 12
839 4
840 11
841 18
842 6
843 15
844 8
845 7
846 1
847 5
848 19
849 6
850 12
851 5
852 6
853 6
854 15
855 2
856 5
857 15
858 12
859 11
860 9
861 2
862 15
863 3
864 6
865 14
866 16
867 5
868 12
869 7
870 1
871 9
872 6
873 14
874 11
875 6
876 20
877 18
878 10
879 20
880 15
881 15
882 8
883 14
884 6
885 7
886 19
887 3
888 6
889 10
890 12
891 9
892 14
893 10
894 14
895 18
896 12
897 15
898 3
899 18
900 11
901 10
902 9
903 12
904 10
905 20
906 6
907 5
908 7
909 8
910 14
911 16
912 20
913 2
914 12
915 12
916 19
917 15
918 6
919 15
920 1
921 5
922 5
923 3
924 5
925 5
926 6
927 15
928 7
929 11
930 7
931 8
932 1
933 5
934 3
935 1
936 10
937 14
938 7
939 14
940 15
941 6
942 10
943 5
944 12
945 4
946 7
947 2
948 12
949 14
950 3
951 15
952 4
953 4
954 5
955 5
956 1
957 15
958 3
959 5
960 7
961 12
962 19
963 2
964 11
965 7
966 14
967 5
968 11
969 14
970 13
971 12
972 17
973 12
974 19
975 18
976 6
977 7
978 6
979 18
980 13
981 3
982 15
983 11
984 11
985 18
986 2
987 14
988 12
989 7
990 1
991 5
992 1
993 14
994 6
995 12
996 1
997 7
998 5
999 7
