0 512
0 914
0 956
1 587
1 790
1 969
2 430
2 862
2 937
3 819
3 912
3 968
4 66
4 542
4 991
5 529
5 606
5 683
6 882
6 914
6 958
7 575
7 875
7 989
8 619
8 826
8 928
9 105
9 179
9 980
10 44
10 143
10 959
11 916
11 930
11 982
12 617
12 877
12 986
13 132
13 892
13 936
14 578
14 811
14 954
15 616
15 975
15 977
16 500
16 887
16 961
17 826
17 832
17 839
18 634
18 643
18 993
19 272
19 593
19 962
20 293
20 515
20 882
21 477
21 911
21 957
22 378
22 810
22 888
23 256
23 642
23 987
24 187
24 672
24 950
25 878
25 934
25 991
26 860
26 909
26 998
27 131
27 864
27 907
28 183
28 710
28 812
29 824
29 929
29 997
30 302
30 504
30 813
31 704
31 894
31 974
32 53
32 809
32 938
33 99
33 673
33 892
34 939
34 945
34 983
35 639
35 737
35 980
36 463
36 959
36 998
37 564
37 838
37 975
38 863
38 926
38 976
39 579
39 785
39 981
40 797
40 859
40 988
41 556
41 560
41 760
42 658
42 750
42 980
43 88
43 871
43 990
44 10
44 49
44 718
45 879
45 940
45 993
46 160
46 840
46 943
47 122
47 535
47 950
48 367
48 917
48 961
49 44
49 813
49 976
50 561
50 985
50 986
51 189
51 416
51 417
52 815
52 843
52 971
53 32
53 626
53 974
54 694
54 906
54 974
55 782
55 928
55 944
56 439
56 968
56 992
57 244
57 856
57 875
58 902
58 948
58 982
59 614
59 815
59 908
60 846
60 945
60 974
61 641
61 980
61 999
62 697
62 765
62 895
63 565
63 634
63 852
64 582
64 929
64 942
65 939
65 948
65 977
66 4
66 76
66 745
67 683
67 834
67 865
68 483
68 950
68 979
69 89
69 943
69 985
70 201
70 897
70 961
71 936
71 992
71 995
72 519
72 532
72 797
73 446
73 820
73 963
74 821
74 972
74 975
75 363
75 732
75 935
76 66
76 706
76 968
77 712
77 868
77 883
78 86
78 932
78 997
79 178
79 949
79 976
80 703
80 945
80 974
81 374
81 967
81 983
82 307
82 629
82 650
83 647
83 802
83 926
84 142
84 831
84 987
85 890
85 964
85 979
86 78
86 918
86 953
87 850
87 967
87 973
88 43
88 659
88 801
89 69
89 786
89 971
90 462
90 871
90 947
91 94
91 785
91 987
92 854
92 978
92 989
93 827
93 986
93 995
94 91
94 750
94 787
95 492
95 787
95 997
96 192
96 957
96 990
97 715
97 888
97 892
98 539
98 859
98 996
99 33
99 676
99 972
100 622
100 896
100 980
101 476
101 585
101 650
102 167
102 722
102 914
103 693
103 754
103 858
104 382
104 847
104 999
105 9
105 369
105 549
106 640
106 943
106 963
107 792
107 866
107 943
108 648
108 665
108 948
109 687
109 957
109 992
110 127
110 212
110 569
111 490
111 977
111 999
112 478
112 918
112 994
113 391
113 987
113 997
114 171
114 250
114 584
115 936
115 970
115 990
116 607
116 710
116 858
117 332
117 891
117 993
118 271
118 482
118 994
119 747
119 954
119 977
120 382
120 683
120 935
121 827
121 865
121 976
122 47
122 454
122 894
123 388
123 761
123 994
124 855
124 921
124 981
125 960
125 962
125 990
126 823
126 956
126 960
127 110
127 297
127 911
128 792
128 907
128 949
129 428
129 495
129 546
130 618
130 932
130 975
131 27
131 931
131 999
132 13
132 947
132 982
133 312
133 835
133 910
134 429
134 871
134 933
135 689
135 943
135 997
136 529
136 913
136 972
137 760
137 792
137 993
138 358
138 969
138 980
139 842
139 931
139 996
140 632
140 708
140 781
141 818
141 826
141 847
142 84
142 279
142 959
143 10
143 531
143 910
144 541
144 937
144 990
145 310
145 909
145 947
146 645
146 964
146 979
147 690
147 874
147 933
148 745
148 975
148 986
149 584
149 908
149 979
150 713
150 916
150 966
151 846
151 856
151 965
152 406
152 825
152 973
153 823
153 928
153 952
154 815
154 958
154 990
155 751
155 954
155 982
156 819
156 920
156 964
157 407
157 951
157 976
158 685
158 823
158 953
159 348
159 882
159 928
160 46
160 726
160 809
161 714
161 891
161 996
162 375
162 563
162 860
163 210
163 968
163 984
164 309
164 969
164 995
165 641
165 740
165 839
166 503
166 720
166 954
167 102
167 501
167 980
168 823
168 875
168 915
169 396
169 954
169 979
170 438
170 589
170 935
171 114
171 324
171 855
172 887
172 986
172 990
173 231
173 924
173 954
174 558
174 948
174 982
175 551
175 793
175 974
176 842
176 903
176 997
177 183
177 658
177 834
178 79
178 782
178 876
179 9
179 748
179 786
180 736
180 923
180 929
181 442
181 644
181 955
182 970
182 987
182 997
183 28
183 177
183 996
184 569
184 781
184 899
185 473
185 731
185 959
186 300
186 978
186 985
187 24
187 980
187 998
188 567
188 798
188 919
189 51
189 655
189 983
190 459
190 749
190 992
191 956
191 993
191 995
192 96
192 701
192 877
193 467
193 928
193 974
194 869
194 971
194 983
195 528
195 704
195 970
196 452
196 670
196 900
197 502
197 958
197 982
198 409
198 960
198 988
199 760
199 780
199 815
200 427
200 932
200 976
201 70
201 939
201 982
202 830
202 867
202 990
203 851
203 890
203 977
204 845
204 993
204 995
205 476
205 821
205 944
206 452
206 743
206 937
207 427
207 763
207 907
208 630
208 870
208 963
209 609
209 946
209 982
210 163
210 627
210 998
211 686
211 741
211 959
212 110
212 216
212 823
213 614
213 942
213 990
214 252
214 877
214 918
215 862
215 992
215 993
216 212
216 502
216 962
217 673
217 904
217 979
218 351
218 927
218 991
219 879
219 935
219 946
220 620
220 886
220 942
221 778
221 938
221 941
222 704
222 709
222 878
223 840
223 917
223 972
224 604
224 987
224 996
225 774
225 932
225 940
226 635
226 939
226 944
227 402
227 642
227 858
228 229
228 642
228 750
229 228
229 640
229 744
230 675
230 768
230 946
231 173
231 832
231 858
232 676
232 885
232 964
233 849
233 890
233 951
234 716
234 761
234 995
235 327
235 849
235 995
236 763
236 789
236 926
237 528
237 820
237 827
238 855
238 933
238 957
239 749
239 956
239 984
240 544
240 910
240 991
241 480
241 543
241 922
242 589
242 872
242 945
243 744
243 923
243 991
244 57
244 805
244 985
245 378
245 862
245 967
246 932
246 960
246 965
247 721
247 740
247 975
248 373
248 464
248 907
249 459
249 537
249 547
250 114
250 555
250 965
251 640
251 960
251 995
252 214
252 857
252 964
253 264
253 575
253 993
254 875
254 917
254 966
255 945
255 983
255 985
256 23
256 727
256 775
257 691
257 859
257 991
258 286
258 494
258 973
259 872
259 920
259 998
260 468
260 885
260 925
261 968
261 986
261 998
262 426
262 931
262 979
263 820
263 897
263 959
264 253
264 947
264 994
265 298
265 299
265 927
266 942
266 953
266 962
267 671
267 741
267 991
268 423
268 762
268 910
269 630
269 913
269 945
270 860
270 921
270 933
271 118
271 863
271 994
272 19
272 851
272 980
273 619
273 898
273 974
274 457
274 859
274 889
275 825
275 891
275 895
276 277
276 927
276 975
277 276
277 292
277 807
278 364
278 778
278 829
279 142
279 323
279 862
280 828
280 964
280 969
281 282
281 868
281 903
282 281
282 715
282 890
282 963
283 670
283 678
283 905
283 999
284 493
284 917
284 943
284 978
285 540
285 722
285 736
285 737
286 258
286 568
286 859
286 994
287 943
287 975
287 976
287 978
288 297
288 917
288 953
288 972
289 545
289 676
289 749
289 956
290 507
290 773
290 955
290 964
291 595
291 653
291 893
291 957
292 277
292 652
292 723
292 933
293 20
293 712
293 896
293 897
294 675
294 793
294 901
294 996
295 314
295 368
295 500
295 971
296 660
296 815
296 863
296 902
297 127
297 288
297 572
297 846
298 265
298 536
298 863
298 996
299 265
299 633
299 751
299 978
300 186
300 592
300 905
300 910
301 896
301 935
301 983
301 999
302 30
302 764
302 944
302 999
303 865
303 934
303 982
303 987
304 733
304 840
304 947
304 982
305 718
305 835
305 864
305 866
306 358
306 811
306 976
306 991
307 82
307 637
307 797
307 870
308 810
308 918
308 966
308 999
309 164
309 920
309 924
309 936
310 145
310 719
310 767
310 986
311 711
311 784
311 906
311 915
312 133
312 594
312 682
312 708
313 356
313 595
313 716
313 909
314 295
314 737
314 748
314 953
315 844
315 859
315 916
315 996
316 384
316 458
316 782
316 914
317 570
317 866
317 961
317 980
318 478
318 751
318 990
318 996
319 418
319 573
319 937
319 941
320 947
320 979
320 996
320 999
321 613
321 936
321 983
321 993
322 367
322 512
322 799
322 842
323 279
323 807
323 813
323 929
324 171
324 402
324 787
324 951
325 357
325 636
325 947
325 977
326 667
326 717
326 816
326 896
327 235
327 587
327 846
327 979
328 580
328 863
328 967
328 979
329 505
329 878
329 959
329 964
330 346
330 470
330 890
330 994
331 511
331 864
331 887
331 962
332 117
332 746
332 845
332 986
333 398
333 710
333 928
333 950
334 556
334 867
334 895
334 992
335 610
335 745
335 820
335 985
336 353
336 837
336 971
336 996
337 747
337 918
337 925
337 963
338 347
338 456
338 533
338 945
339 359
339 718
339 843
339 896
340 873
340 884
340 930
340 944
341 614
341 647
341 822
341 947
342 820
342 928
342 972
342 999
343 767
343 924
343 979
343 987
344 430
344 891
344 917
344 988
345 486
345 676
345 812
345 980
346 330
346 809
346 978
346 982
347 338
347 654
347 666
347 998
348 159
348 750
348 885
348 931
349 406
349 775
349 798
349 934
350 496
350 661
350 909
350 974
351 218
351 754
351 914
351 919
352 514
352 943
352 948
352 949
353 336
353 406
353 989
353 996
354 901
354 921
354 940
354 952
355 586
355 911
355 974
355 989
356 313
356 722
356 988
356 999
357 325
357 911
357 956
357 967
358 138
358 306
358 392
358 954
359 339
359 739
359 930
359 981
360 558
360 811
360 900
360 999
361 795
361 913
361 937
361 999
362 695
362 843
362 929
362 970
363 75
363 821
363 983
363 999
364 278
364 485
364 803
364 945
365 613
365 779
365 816
365 996
366 938
366 987
366 995
366 998
367 48
367 322
367 765
367 963
368 295
368 879
368 966
368 967
369 105
369 833
369 936
369 992
370 853
370 969
370 977
370 991
371 478
371 653
371 940
371 972
372 874
372 947
372 972
372 993
373 248
373 948
373 971
373 999
374 81
374 381
374 929
374 930
375 162
375 440
375 841
375 904
376 610
376 922
376 923
376 973
377 438
377 801
377 877
377 998
378 22
378 245
378 708
378 841
379 603
379 755
379 957
379 980
380 605
380 745
380 790
380 932
381 374
381 578
381 947
381 987
382 104
382 120
382 901
382 965
383 385
383 648
383 956
383 988
384 316
384 560
384 830
384 849
385 383
385 631
385 682
385 985
386 409
386 487
386 774
386 904
387 753
387 802
387 882
387 999
388 123
388 729
388 743
388 975
389 734
389 761
389 826
389 967
390 564
390 872
390 974
390 997
391 113
391 580
391 931
391 978
392 358
392 733
392 988
392 999
393 510
393 776
393 989
393 995
394 755
394 850
394 921
394 973
395 632
395 721
395 836
395 936
396 169
396 907
396 977
396 995
397 894
397 943
397 945
397 959
398 333
398 952
398 964
398 988
399 573
399 743
399 922
399 999
400 493
400 617
400 938
400 966
401 841
401 944
401 955
401 989
402 227
402 324
402 915
402 996
403 405
403 838
403 949
403 987
404 405
404 450
404 717
404 881
405 403
405 404
405 641
405 728
406 152
406 349
406 353
406 984
407 157
407 707
407 875
407 909
408 410
408 575
408 966
408 996
409 198
409 386
409 748
409 810
410 408
410 900
410 939
410 949
411 489
411 882
411 943
411 971
412 615
412 734
412 974
412 977
413 790
413 801
413 842
413 999
414 607
414 882
414 957
414 971
415 910
415 950
415 970
415 991
416 51
416 433
416 818
416 908
417 51
417 550
417 826
417 837
418 319
418 541
418 982
418 984
419 700
419 746
419 831
419 998
420 773
420 805
420 959
420 977
421 676
421 845
421 852
421 986
422 448
422 897
422 968
422 974
423 268
423 946
423 952
423 998
424 717
424 955
424 986
424 997
425 568
425 830
425 928
425 988
426 262
426 832
426 903
426 988
427 200
427 207
427 691
427 938
428 129
428 494
428 530
428 919
429 134
429 803
429 946
429 997
430 2
430 344
430 585
430 991
431 537
431 857
431 920
431 980
432 620
432 650
432 773
432 825
433 416
433 826
433 853
433 974
434 576
434 831
434 889
434 981
435 508
435 782
435 850
435 982
436 547
436 808
436 827
436 850
437 818
437 921
437 965
437 980
438 170
438 377
438 526
438 920
439 56
439 902
439 959
439 989
440 375
440 824
440 828
440 966
441 522
441 818
441 938
441 989
442 181
442 851
442 985
442 995
443 659
443 753
443 887
443 996
444 769
444 951
444 957
444 969
445 815
445 934
445 966
445 976
446 73
446 759
446 787
446 971
447 872
447 924
447 966
447 996
448 422
448 492
448 496
448 517
449 628
449 662
449 921
449 993
450 404
450 570
450 780
450 866
451 539
451 571
451 903
451 912
451 945
452 196
452 206
452 622
452 953
452 990
453 675
453 873
453 923
453 969
453 975
454 122
454 512
454 859
454 868
454 909
455 835
455 869
455 918
455 946
455 958
456 338
456 521
456 741
456 870
456 988
457 274
457 890
457 916
457 946
457 949
458 316
458 479
458 940
458 956
458 963
459 190
459 249
459 701
459 793
459 986
460 783
460 880
460 929
460 972
460 978
461 767
461 812
461 886
461 967
461 977
462 90
462 599
462 814
462 945
462 948
463 36
463 870
463 894
463 899
463 973
464 248
464 623
464 755
464 995
464 998
465 678
465 702
465 888
465 941
465 999
466 734
466 740
466 895
466 953
466 966
467 193
467 489
467 774
467 953
467 995
468 260
468 655
468 865
468 890
468 985
469 864
469 874
469 906
469 971
469 986
470 330
470 476
470 505
470 852
470 993
471 707
471 946
471 968
471 991
471 994
472 832
472 906
472 911
472 985
472 999
473 185
473 483
473 725
473 755
473 778
474 699
474 726
474 951
474 961
474 997
475 874
475 953
475 986
475 992
475 999
476 101
476 205
476 470
476 547
476 746
477 21
477 867
477 932
477 957
477 970
478 112
478 318
478 371
478 830
478 921
479 458
479 570
479 769
479 984
479 994
480 241
480 482
480 537
480 705
480 971
481 766
481 906
481 926
481 929
481 978
482 118
482 480
482 855
482 974
482 975
483 68
483 473
483 854
483 948
483 984
484 607
484 797
484 837
484 962
484 996
485 364
485 598
485 663
485 692
485 871
486 345
486 649
486 881
486 932
486 936
487 386
487 787
487 934
487 958
487 999
488 786
488 857
488 908
488 960
488 993
489 411
489 467
489 839
489 940
489 977
490 111
490 723
490 835
490 963
490 982
491 860
491 967
491 970
491 985
491 986
492 95
492 448
492 819
492 977
492 984
493 284
493 400
493 705
493 870
493 938
494 258
494 428
494 752
494 820
494 856
495 129
495 562
495 845
495 940
495 994
496 350
496 448
496 627
496 688
496 792
497 822
497 909
497 919
497 923
497 988
498 656
498 825
498 844
498 901
498 986
499 566
499 772
499 912
499 931
499 966
500 16
500 295
500 597
500 737
500 922
501 167
501 616
501 762
501 825
501 831
502 197
502 216
502 647
502 843
502 963
503 166
503 683
503 841
503 927
503 978
504 30
504 574
504 633
504 973
504 987
505 329
505 470
505 681
505 699
505 930
506 724
506 749
506 796
506 798
506 892
507 290
507 814
507 833
507 940
507 997
508 435
508 822
508 832
508 847
508 913
509 735
509 853
509 865
509 963
509 998
510 393
510 529
510 983
510 991
510 994
511 331
511 602
511 758
511 935
511 988
512 0
512 322
512 454
512 672
512 946
513 646
513 771
513 844
513 956
513 983
514 352
514 863
514 909
514 967
514 972
515 20
515 647
515 884
515 955
515 982
516 636
516 827
516 953
516 994
516 998
517 448
517 657
517 961
517 978
517 991
518 637
518 743
518 983
518 996
518 998
519 72
519 785
519 899
519 972
519 981
520 614
520 839
520 912
520 967
520 980
521 456
521 688
521 874
521 890
521 979
522 441
522 634
522 749
522 908
522 935
523 538
523 546
523 797
523 933
523 952
524 616
524 640
524 667
524 805
524 860
525 603
525 857
525 915
525 969
525 993
526 438
526 913
526 961
526 969
526 995
527 756
527 898
527 899
527 976
527 981
528 195
528 237
528 608
528 802
528 903
529 5
529 136
529 510
529 635
529 903
530 428
530 916
530 966
530 980
530 998
531 143
531 661
531 687
531 770
531 912
532 72
532 714
532 939
532 975
532 997
533 338
533 607
533 728
533 866
533 890
534 908
534 910
534 963
534 983
534 997
535 47
535 566
535 925
535 936
535 954
536 298
536 646
536 856
536 863
536 916
537 249
537 431
537 480
537 803
537 965
538 523
538 623
538 788
538 952
538 954
539 98
539 451
539 782
539 927
539 990
540 285
540 573
540 604
540 885
540 968
541 144
541 418
541 791
541 992
541 997
542 4
542 605
542 685
542 937
542 949
543 241
543 554
543 562
543 847
543 941
544 240
544 792
544 932
544 977
544 995
545 289
545 651
545 876
545 963
545 993
546 129
546 523
546 787
546 825
546 972
547 249
547 436
547 476
547 611
547 932
548 826
548 863
548 883
548 979
548 989
549 105
549 773
549 875
549 893
549 973
550 417
550 718
550 901
550 980
550 990
551 175
551 780
551 938
551 971
551 992
552 880
552 916
552 937
552 958
552 968
553 680
553 689
553 876
553 944
553 954
554 543
554 652
554 702
554 844
554 997
555 250
555 741
555 821
555 947
555 973
556 41
556 334
556 917
556 934
556 983
557 573
557 772
557 956
557 989
557 998
558 174
558 360
558 560
558 600
558 804
558 988
559 668
559 902
559 925
559 962
559 982
559 994
560 41
560 384
560 558
560 640
560 750
560 889
561 50
561 618
561 848
561 853
561 874
561 926
562 495
562 543
562 740
562 772
562 809
562 935
563 162
563 570
563 585
563 901
563 921
563 991
564 37
564 390
564 751
564 752
564 814
564 997
565 63
565 699
565 783
565 811
565 913
565 944
566 499
566 535
566 711
566 839
566 884
566 978
567 188
567 654
567 932
567 955
567 962
567 990
568 286
568 425
568 682
568 827
568 867
568 952
569 110
569 184
569 577
569 662
569 855
569 968
570 317
570 450
570 479
570 563
570 586
570 974
571 451
571 598
571 636
571 908
571 936
571 983
572 297
572 578
572 814
572 911
572 928
572 935
573 319
573 399
573 540
573 557
573 733
573 825
574 504
574 835
574 862
574 893
574 924
574 995
575 7
575 253
575 408
575 941
575 960
575 988
576 434
576 906
576 974
576 981
576 995
576 999
577 569
577 592
577 732
577 939
577 980
577 987
578 14
578 381
578 572
578 909
578 925
578 965
579 39
579 739
579 757
579 851
579 873
579 913
580 328
580 391
580 835
580 851
580 910
580 998
581 736
581 816
581 852
581 858
581 891
581 993
582 64
582 649
582 833
582 893
582 951
582 964
583 810
583 878
583 941
583 954
583 957
583 989
584 114
584 149
584 665
584 870
584 953
584 985
585 101
585 430
585 563
585 693
585 975
585 988
586 355
586 570
586 877
586 905
586 948
586 977
587 1
587 327
587 938
587 972
587 986
587 990
588 738
588 796
588 859
588 868
588 892
588 959
589 170
589 242
589 831
589 966
589 979
589 990
590 660
590 771
590 821
590 892
590 950
590 994
591 664
591 721
591 828
591 850
591 916
591 931
592 300
592 577
592 690
592 927
592 947
592 995
593 19
593 677
593 911
593 962
593 983
593 986
594 312
594 948
594 949
594 965
594 972
594 983
595 291
595 313
595 628
595 774
595 960
595 989
596 633
596 709
596 742
596 897
596 913
596 975
597 500
597 612
597 808
597 873
597 952
597 970
598 485
598 571
598 843
598 858
598 924
598 987
599 462
599 716
599 777
599 836
599 965
599 999
600 558
600 608
600 614
600 761
600 954
600 988
601 846
601 886
601 924
601 946
601 971
601 992
602 511
602 788
602 834
602 881
602 983
602 991
603 379
603 525
603 683
603 854
603 887
603 914
604 224
604 540
604 605
604 632
604 884
604 967
605 380
605 542
605 604
605 780
605 808
605 960
606 5
606 801
606 803
606 880
606 915
606 997
607 116
607 414
607 484
607 533
607 698
607 936
608 528
608 600
608 682
608 720
608 815
608 976
609 209
609 677
609 741
609 860
609 867
609 977
610 335
610 376
610 742
610 755
610 983
610 986
611 547
611 680
611 876
611 959
611 985
611 992
612 597
612 856
612 925
612 943
612 952
612 984
613 321
613 365
613 741
613 847
613 908
613 976
614 59
614 213
614 341
614 520
614 600
614 912
615 412
615 637
615 742
615 857
615 930
615 956
616 15
616 501
616 524
616 617
616 655
616 752
617 12
617 400
617 616
617 810
617 824
617 882
618 130
618 561
618 635
618 714
618 800
618 952
619 8
619 273
619 722
619 910
619 915
619 996
620 220
620 432
620 654
620 766
620 895
620 962
621 658
621 762
621 863
621 932
621 994
621 996
622 100
622 452
622 689
622 781
622 818
622 924
623 464
623 538
623 634
623 690
623 884
623 924
624 638
624 795
624 805
624 864
624 911
624 934
625 712
625 932
625 935
625 952
625 970
625 996
626 53
626 762
626 787
626 891
626 912
626 962
627 210
627 496
627 813
627 903
627 962
627 992
628 449
628 595
628 652
628 961
628 962
628 991
629 82
629 876
629 924
629 956
629 958
629 971
630 208
630 269
630 660
630 799
630 939
630 964
631 385
631 859
631 946
631 984
631 998
631 999
632 140
632 395
632 604
632 845
632 869
632 950
633 299
633 504
633 596
633 659
633 694
633 900
634 18
634 63
634 522
634 623
634 659
634 899
634 990
635 226
635 529
635 618
635 654
635 838
635 883
635 922
636 325
636 516
636 571
636 663
636 892
636 939
636 951
637 307
637 518
637 615
637 756
637 787
637 888
637 971
638 624
638 789
638 916
638 918
638 944
638 957
638 963
639 35
639 643
639 912
639 941
639 956
639 963
639 985
640 106
640 229
640 251
640 524
640 560
640 691
640 955
641 61
641 165
641 405
641 916
641 925
641 983
641 998
642 23
642 227
642 228
642 695
642 866
642 917
642 990
643 18
643 639
643 751
643 844
643 924
643 949
643 972
644 181
644 648
644 805
644 919
644 929
644 954
644 973
645 146
645 806
645 820
645 892
645 919
645 972
645 978
646 513
646 536
646 924
646 939
646 964
646 978
646 985
647 83
647 341
647 502
647 515
647 760
647 931
647 973
648 108
648 383
648 644
648 660
648 765
648 816
648 997
649 486
649 582
649 889
649 900
649 915
649 934
649 950
650 82
650 101
650 432
650 897
650 964
650 988
650 993
651 545
651 844
651 869
651 897
651 917
651 935
651 960
652 292
652 554
652 628
652 728
652 944
652 969
652 994
653 291
653 371
653 664
653 886
653 894
653 945
653 967
654 347
654 567
654 620
654 635
654 723
654 905
654 912
655 189
655 468
655 616
655 828
655 847
655 903
655 978
656 498
656 704
656 718
656 836
656 967
656 976
656 984
657 517
657 834
657 842
657 866
657 894
657 952
657 995
658 42
658 177
658 621
658 729
658 745
658 801
658 862
659 88
659 443
659 633
659 634
659 730
659 790
659 990
660 296
660 590
660 630
660 648
660 730
660 896
660 992
661 350
661 531
661 704
661 770
661 800
661 941
661 981
662 449
662 569
662 725
662 837
662 923
662 952
662 993
663 485
663 636
663 898
663 933
663 978
663 989
663 996
664 591
664 653
664 667
664 669
664 748
664 826
664 878
665 108
665 584
665 687
665 866
665 915
665 941
665 964
666 347
666 698
666 734
666 776
666 979
666 988
666 995
667 326
667 524
667 664
667 775
667 851
667 967
667 999
668 559
668 726
668 801
668 908
668 936
668 946
668 992
669 664
669 682
669 695
669 847
669 935
669 985
669 996
670 196
670 283
670 680
670 813
670 955
670 957
670 999
671 267
671 720
671 845
671 915
671 931
671 946
671 963
672 24
672 512
672 700
672 866
672 907
672 933
672 942
673 33
673 217
673 874
673 943
673 946
673 966
673 996
674 794
674 828
674 846
674 895
674 951
674 984
674 992
675 230
675 294
675 453
675 817
675 907
675 988
675 991
676 99
676 232
676 289
676 345
676 421
676 827
676 980
677 593
677 609
677 774
677 853
677 975
677 988
677 996
678 283
678 465
678 700
678 729
678 816
678 902
678 999
679 713
679 717
679 800
679 838
679 850
679 987
679 999
680 553
680 611
680 670
680 819
680 925
680 985
680 997
681 505
681 695
681 814
681 886
681 888
681 899
681 987
682 312
682 385
682 568
682 608
682 669
682 766
682 945
683 5
683 67
683 120
683 503
683 603
683 950
683 997
684 744
684 823
684 855
684 914
684 985
684 991
684 998
685 158
685 542
685 803
685 809
685 914
685 929
685 987
686 211
686 811
686 848
686 894
686 974
686 984
686 985
687 109
687 531
687 665
687 690
687 705
687 989
687 999
688 496
688 521
688 728
688 854
688 931
688 994
688 998
689 135
689 553
689 622
689 849
689 877
689 962
689 983
690 147
690 592
690 623
690 687
690 867
690 911
690 966
691 257
691 427
691 640
691 776
691 839
691 881
691 913
692 485
692 763
692 766
692 901
692 940
692 985
692 986
693 103
693 585
693 895
693 906
693 910
693 957
693 960
694 54
694 633
694 758
694 807
694 885
694 942
694 993
695 362
695 642
695 669
695 681
695 753
695 879
695 970
695 994
696 698
696 764
696 800
696 930
696 943
696 946
696 974
696 991
697 62
697 772
697 788
697 793
697 894
697 928
697 935
697 939
698 607
698 666
698 696
698 886
698 930
698 956
698 964
698 992
699 474
699 505
699 565
699 713
699 731
699 875
699 949
699 998
700 419
700 672
700 678
700 815
700 878
700 904
700 951
700 971
701 192
701 459
701 758
701 829
701 854
701 873
701 890
701 996
702 465
702 554
702 739
702 770
702 836
702 947
702 986
702 993
703 80
703 710
703 790
703 898
703 931
703 946
703 947
703 966
704 31
704 195
704 222
704 656
704 661
704 759
704 838
704 866
705 480
705 493
705 687
705 823
705 949
705 963
705 992
705 993
706 76
706 768
706 790
706 886
706 896
706 905
706 918
706 979
707 407
707 471
707 896
707 953
707 970
707 975
707 987
707 998
708 140
708 312
708 378
708 717
708 733
708 756
708 900
708 984
709 222
709 596
709 725
709 762
709 871
709 887
709 937
709 974
710 28
710 116
710 333
710 703
710 830
710 959
710 987
710 996
711 311
711 566
711 827
711 860
711 895
711 949
711 982
711 992
712 77
712 293
712 625
712 723
712 777
712 798
712 845
712 909
713 150
713 679
713 699
713 731
713 854
713 933
713 955
713 995
714 161
714 532
714 618
714 831
714 838
714 957
714 974
714 979
715 97
715 282
715 759
715 844
715 981
715 992
715 996
715 999
716 234
716 313
716 599
716 807
716 837
716 895
716 958
716 997
717 326
717 404
717 424
717 679
717 708
717 785
717 920
717 997
718 44
718 305
718 339
718 550
718 656
718 738
718 945
718 992
719 310
719 731
719 784
719 858
719 873
719 944
719 978
719 989
720 166
720 608
720 671
720 933
720 952
720 969
720 978
720 990
721 247
721 395
721 591
721 805
721 899
721 970
721 980
721 990
722 102
722 285
722 356
722 619
722 755
722 923
722 929
722 968
723 292
723 490
723 654
723 712
723 809
723 856
723 900
723 961
724 506
724 778
724 852
724 868
724 961
724 993
724 995
724 997
725 473
725 662
725 709
725 851
725 871
725 934
725 983
725 994
726 160
726 474
726 668
726 802
726 820
726 876
726 911
726 927
727 256
727 732
727 776
727 783
727 805
727 838
727 875
727 950
728 405
728 533
728 652
728 688
728 759
728 791
728 852
728 893
729 388
729 658
729 678
729 735
729 760
729 816
729 836
729 944
730 659
730 660
730 740
730 748
730 831
730 932
730 958
730 966
731 185
731 699
731 713
731 719
731 785
731 865
731 968
731 975
732 75
732 577
732 727
732 815
732 856
732 975
732 995
732 998
733 304
733 392
733 573
733 708
733 739
733 832
733 855
733 984
734 389
734 412
734 466
734 666
734 746
734 928
734 958
734 983
735 509
735 729
735 849
735 899
735 931
735 939
735 977
735 988
736 180
736 285
736 581
736 814
736 826
736 953
736 973
736 990
737 35
737 285
737 314
737 500
737 742
737 770
737 879
737 880
737 987
738 588
738 718
738 784
738 855
738 881
738 898
738 904
738 925
738 985
739 359
739 579
739 702
739 733
739 818
739 822
739 832
739 873
739 893
740 165
740 247
740 466
740 562
740 730
740 752
740 948
740 963
740 999
741 211
741 267
741 456
741 555
741 609
741 613
741 781
741 942
741 966
742 596
742 610
742 615
742 737
742 751
742 829
742 910
742 920
742 923
743 206
743 388
743 399
743 518
743 768
743 834
743 956
743 977
743 981
744 229
744 243
744 684
744 776
744 850
744 922
744 937
744 957
744 974
745 66
745 148
745 335
745 380
745 658
745 832
745 925
745 929
745 981
746 332
746 419
746 476
746 734
746 779
746 811
746 879
746 938
746 981
747 119
747 337
747 780
747 894
747 955
747 976
747 978
747 985
747 992
748 179
748 314
748 409
748 664
748 730
748 836
748 972
748 990
748 993
749 190
749 239
749 289
749 506
749 522
749 827
749 884
749 926
749 956
750 42
750 94
750 228
750 348
750 560
750 756
750 954
750 987
750 992
751 155
751 299
751 318
751 564
751 643
751 742
751 817
751 975
751 993
752 494
752 564
752 616
752 740
752 809
752 881
752 905
752 981
752 988
753 387
753 443
753 695
753 758
753 790
753 812
753 925
753 930
753 959
754 103
754 351
754 793
754 815
754 818
754 857
754 859
754 896
754 996
755 379
755 394
755 464
755 473
755 610
755 722
755 789
755 982
755 996
756 527
756 637
756 708
756 750
756 762
756 932
756 971
756 978
756 987
757 579
757 855
757 889
757 908
757 948
757 968
757 972
757 983
757 993
758 511
758 694
758 701
758 753
758 815
758 829
758 867
758 873
758 924
759 446
759 704
759 715
759 728
759 925
759 935
759 937
759 950
759 970
760 41
760 137
760 199
760 647
760 729
760 848
760 897
760 982
760 998
761 123
761 234
761 389
761 600
761 764
761 892
761 921
761 931
761 985
762 268
762 501
762 621
762 626
762 709
762 756
762 771
762 817
762 962
763 207
763 236
763 692
763 820
763 957
763 961
763 980
763 998
763 999
764 302
764 696
764 761
764 765
764 852
764 916
764 927
764 974
764 989
765 62
765 367
765 648
765 764
765 875
765 926
765 972
765 984
765 988
766 481
766 620
766 682
766 692
766 880
766 884
766 899
766 943
766 969
767 310
767 343
767 461
767 846
767 895
767 920
767 952
767 953
767 961
768 230
768 706
768 743
768 803
768 842
768 862
768 866
768 886
768 975
769 444
769 479
769 811
769 885
769 890
769 914
769 986
769 991
769 997
770 531
770 661
770 702
770 737
770 773
770 868
770 907
770 913
770 985
771 513
771 590
771 762
771 846
771 876
771 886
771 893
771 910
771 957
772 499
772 557
772 562
772 697
772 854
772 942
772 968
772 980
772 983
772 989
773 290
773 420
773 432
773 549
773 770
773 947
773 976
773 977
773 989
773 996
774 225
774 386
774 467
774 595
774 677
774 822
774 979
774 984
774 995
774 997
775 256
775 349
775 667
775 779
775 794
775 887
775 947
775 960
775 963
775 972
776 393
776 666
776 691
776 727
776 744
776 830
776 927
776 930
776 934
776 988
777 599
777 712
777 782
777 890
777 933
777 947
777 964
777 967
777 968
777 990
778 221
778 278
778 473
778 724
778 794
778 833
778 885
778 928
778 961
778 972
779 365
779 746
779 775
779 783
779 792
779 801
779 909
779 917
779 968
779 992
780 199
780 450
780 551
780 605
780 747
780 825
780 895
780 935
780 986
780 993
781 140
781 184
781 622
781 741
781 788
781 901
781 926
781 931
781 979
781 996
782 55
782 178
782 316
782 435
782 539
782 777
782 836
782 923
782 950
782 970
783 460
783 565
783 727
783 779
783 785
783 839
783 916
783 923
783 951
783 953
784 311
784 719
784 738
784 786
784 805
784 822
784 876
784 966
784 968
784 974
785 39
785 91
785 519
785 717
785 731
785 783
785 788
785 808
785 921
785 959
786 89
786 179
786 488
786 784
786 818
786 896
786 907
786 974
786 979
786 994
787 94
787 95
787 324
787 446
787 487
787 546
787 626
787 637
787 859
787 998
788 538
788 602
788 697
788 781
788 785
788 870
788 887
788 932
788 948
788 984
789 236
789 638
789 755
789 795
789 802
789 877
789 905
789 932
789 978
789 992
790 1
790 380
790 413
790 659
790 703
790 706
790 753
790 797
790 838
790 907
791 541
791 728
791 854
791 870
791 877
791 913
791 976
791 986
791 988
791 990
792 107
792 128
792 137
792 496
792 544
792 779
792 794
792 960
792 965
792 983
793 175
793 294
793 459
793 697
793 754
793 801
793 842
793 898
793 906
793 990
794 674
794 775
794 778
794 792
794 848
794 905
794 943
794 967
794 984
794 994
795 361
795 624
795 789
795 852
795 854
795 909
795 943
795 947
795 954
795 994
796 506
796 588
796 828
796 847
796 903
796 909
796 919
796 956
796 958
796 984
797 40
797 72
797 307
797 484
797 523
797 790
797 810
797 965
797 971
797 991
798 188
798 349
798 506
798 712
798 802
798 813
798 833
798 906
798 912
798 994
799 322
799 630
799 806
799 899
799 903
799 924
799 939
799 956
799 990
799 992
800 618
800 661
800 679
800 696
800 872
800 884
800 913
800 949
800 963
800 992
801 88
801 377
801 413
801 606
801 658
801 668
801 779
801 793
801 804
801 949
802 83
802 387
802 528
802 726
802 789
802 798
802 883
802 891
802 897
802 918
803 364
803 429
803 537
803 606
803 685
803 768
803 807
803 812
803 891
803 919
804 558
804 801
804 831
804 872
804 936
804 942
804 982
804 983
804 985
804 997
805 244
805 420
805 524
805 624
805 644
805 721
805 727
805 784
805 940
805 954
806 645
806 799
806 857
806 864
806 897
806 960
806 977
806 982
806 990
806 993
807 277
807 323
807 694
807 716
807 803
807 842
807 851
807 876
807 922
807 980
808 436
808 597
808 605
808 785
808 856
808 878
808 934
808 942
808 947
808 998
808 999
809 32
809 160
809 346
809 562
809 685
809 723
809 752
809 837
809 849
809 990
809 996
810 22
810 308
810 409
810 583
810 617
810 797
810 868
810 896
810 976
810 990
810 994
811 14
811 306
811 360
811 565
811 686
811 746
811 769
811 814
811 839
811 869
811 945
812 28
812 345
812 461
812 753
812 803
812 843
812 854
812 864
812 868
812 983
812 993
813 30
813 49
813 323
813 627
813 670
813 798
813 900
813 914
813 984
813 997
813 999
814 462
814 507
814 564
814 572
814 681
814 736
814 811
814 825
814 924
814 975
814 982
815 52
815 59
815 154
815 199
815 296
815 445
815 608
815 700
815 732
815 754
815 758
816 326
816 365
816 581
816 648
816 678
816 729
816 878
816 886
816 936
816 960
816 986
817 675
817 751
817 762
817 838
817 853
817 908
817 935
817 944
817 989
817 992
817 993
818 141
818 416
818 437
818 441
818 622
818 739
818 754
818 786
818 824
818 860
818 932
819 3
819 156
819 492
819 680
819 821
819 848
819 860
819 964
819 984
819 988
819 996
820 73
820 237
820 263
820 335
820 342
820 494
820 645
820 726
820 763
820 829
820 938
821 74
821 205
821 363
821 555
821 590
821 819
821 827
821 854
821 907
821 975
821 987
822 341
822 497
822 508
822 739
822 774
822 784
822 831
822 911
822 958
822 962
822 980
823 126
823 153
823 158
823 168
823 212
823 684
823 705
823 868
823 902
823 964
823 969
824 29
824 440
824 617
824 818
824 829
824 839
824 843
824 873
824 921
824 923
824 990
824 998
825 152
825 275
825 432
825 498
825 501
825 546
825 573
825 780
825 814
825 842
825 905
825 984
826 8
826 17
826 141
826 389
826 417
826 433
826 548
826 664
826 736
826 900
826 948
826 976
827 93
827 121
827 237
827 436
827 516
827 568
827 676
827 711
827 749
827 821
827 840
827 981
828 280
828 440
828 591
828 655
828 674
828 796
828 841
828 940
828 947
828 950
828 976
828 994
829 278
829 701
829 742
829 758
829 820
829 824
829 834
829 920
829 942
829 963
829 970
829 980
830 202
830 384
830 425
830 478
830 710
830 776
830 839
830 843
830 955
830 962
830 964
830 967
831 84
831 419
831 434
831 501
831 589
831 714
831 730
831 804
831 822
831 855
831 872
831 997
832 17
832 231
832 426
832 472
832 508
832 733
832 739
832 745
832 849
832 858
832 924
832 981
833 369
833 507
833 582
833 778
833 798
833 844
833 849
833 850
833 870
833 888
833 978
833 995
834 67
834 177
834 602
834 657
834 743
834 829
834 852
834 904
834 936
834 942
834 988
834 998
835 133
835 305
835 455
835 490
835 574
835 580
835 845
835 861
835 927
835 928
835 960
835 985
836 395
836 599
836 656
836 702
836 729
836 748
836 782
836 840
836 844
836 892
836 939
836 984
837 336
837 417
837 484
837 662
837 716
837 809
837 914
837 931
837 936
837 942
837 959
837 981
838 37
838 403
838 635
838 679
838 704
838 714
838 727
838 790
838 817
838 890
838 950
838 957
839 17
839 165
839 489
839 520
839 566
839 691
839 783
839 811
839 824
839 830
839 861
839 939
840 46
840 223
840 304
840 827
840 836
840 879
840 881
840 906
840 910
840 929
840 968
840 984
841 375
841 378
841 401
841 503
841 828
841 857
841 880
841 884
841 953
841 955
841 971
841 979
841 985
842 139
842 176
842 322
842 413
842 657
842 768
842 793
842 807
842 825
842 853
842 864
842 953
842 999
843 52
843 339
843 362
843 502
843 598
843 812
843 824
843 830
843 868
843 888
843 927
843 961
843 971
844 315
844 498
844 513
844 554
844 643
844 651
844 715
844 833
844 836
844 882
844 899
844 931
844 993
845 204
845 332
845 421
845 495
845 632
845 671
845 712
845 835
845 855
845 901
845 904
845 991
845 994
846 60
846 151
846 297
846 327
846 601
846 674
846 767
846 771
846 891
846 959
846 974
846 980
846 981
847 104
847 141
847 508
847 543
847 613
847 655
847 669
847 796
847 853
847 884
847 905
847 951
847 998
848 561
848 686
848 760
848 794
848 819
848 875
848 924
848 941
848 948
848 962
848 975
848 977
848 998
849 233
849 235
849 384
849 689
849 735
849 809
849 832
849 833
849 867
849 883
849 902
849 965
849 969
850 87
850 394
850 435
850 436
850 591
850 679
850 744
850 833
850 861
850 899
850 929
850 962
850 996
851 203
851 272
851 442
851 579
851 580
851 667
851 725
851 807
851 858
851 868
851 912
851 959
851 994
852 63
852 421
852 470
852 581
852 724
852 728
852 764
852 795
852 834
852 872
852 907
852 933
852 976
853 370
853 433
853 509
853 561
853 677
853 817
853 842
853 847
853 892
853 913
853 959
853 978
853 993
854 92
854 483
854 603
854 688
854 701
854 713
854 772
854 791
854 795
854 812
854 821
854 959
854 965
855 124
855 171
855 238
855 482
855 569
855 684
855 733
855 738
855 757
855 831
855 845
855 956
855 990
856 57
856 151
856 494
856 536
856 612
856 723
856 732
856 808
856 879
856 893
856 954
856 955
856 985
857 252
857 431
857 488
857 525
857 615
857 754
857 806
857 841
857 889
857 911
857 957
857 969
857 998
858 103
858 116
858 227
858 231
858 581
858 598
858 719
858 832
858 851
858 944
858 949
858 951
858 982
859 40
859 98
859 257
859 274
859 286
859 315
859 454
859 588
859 631
859 754
859 787
859 900
859 927
859 961
860 26
860 162
860 270
860 491
860 524
860 609
860 711
860 818
860 819
860 871
860 891
860 902
860 977
860 992
861 835
861 839
861 850
861 862
861 905
861 921
861 945
861 947
861 956
861 963
861 970
861 986
861 996
861 998
862 2
862 215
862 245
862 279
862 574
862 658
862 768
862 861
862 869
862 881
862 901
862 932
862 952
862 953
863 38
863 271
863 296
863 298
863 328
863 514
863 536
863 548
863 621
863 888
863 889
863 920
863 958
863 997
864 27
864 305
864 331
864 469
864 624
864 806
864 812
864 842
864 875
864 942
864 946
864 969
864 975
864 993
865 67
865 121
865 303
865 468
865 509
865 731
865 873
865 914
865 920
865 937
865 960
865 976
865 981
865 995
866 107
866 305
866 317
866 450
866 533
866 642
866 657
866 665
866 672
866 704
866 768
866 888
866 928
866 997
867 202
867 334
867 477
867 568
867 609
867 690
867 758
867 849
867 870
867 891
867 907
867 925
867 930
867 941
867 981
868 77
868 281
868 454
868 588
868 724
868 770
868 810
868 812
868 823
868 843
868 851
868 874
868 903
868 922
868 983
869 194
869 455
869 632
869 651
869 811
869 862
869 895
869 934
869 942
869 950
869 954
869 956
869 960
869 991
869 999
870 208
870 307
870 456
870 463
870 493
870 584
870 788
870 791
870 833
870 867
870 874
870 889
870 916
870 986
870 996
871 43
871 90
871 134
871 485
871 709
871 725
871 860
871 880
871 891
871 902
871 949
871 955
871 964
871 968
871 987
872 242
872 259
872 390
872 447
872 800
872 804
872 831
872 852
872 873
872 880
872 885
872 892
872 960
872 965
872 988
873 340
873 453
873 579
873 597
873 701
873 719
873 739
873 758
873 824
873 865
873 872
873 879
873 888
873 967
873 987
874 147
874 372
874 469
874 475
874 521
874 561
874 673
874 868
874 870
874 879
874 906
874 946
874 960
874 983
874 984
875 7
875 57
875 168
875 254
875 407
875 549
875 699
875 727
875 765
875 848
875 864
875 917
875 965
875 978
875 991
876 178
876 545
876 553
876 611
876 629
876 726
876 771
876 784
876 807
876 882
876 905
876 912
876 966
876 967
876 979
877 12
877 192
877 214
877 377
877 586
877 689
877 789
877 791
877 883
877 893
877 959
877 976
877 977
877 979
877 985
878 25
878 222
878 329
878 583
878 664
878 700
878 808
878 816
878 902
878 904
878 910
878 949
878 956
878 979
878 988
879 45
879 219
879 368
879 695
879 737
879 746
879 840
879 856
879 873
879 874
879 881
879 905
879 964
879 989
879 998
880 460
880 552
880 606
880 737
880 766
880 841
880 871
880 872
880 903
880 917
880 919
880 926
880 959
880 969
880 998
881 404
881 486
881 602
881 691
881 738
881 752
881 840
881 862
881 879
881 898
881 919
881 962
881 975
881 979
881 982
882 6
882 20
882 159
882 387
882 411
882 414
882 617
882 844
882 876
882 913
882 922
882 931
882 944
882 966
882 991
883 77
883 548
883 635
883 802
883 849
883 877
883 892
883 894
883 898
883 922
883 932
883 942
883 944
883 987
883 991
884 340
884 515
884 566
884 604
884 623
884 749
884 766
884 800
884 841
884 847
884 912
884 934
884 941
884 989
884 994
885 232
885 260
885 348
885 540
885 694
885 769
885 778
885 872
885 889
885 921
885 928
885 930
885 948
885 968
885 981
885 989
886 220
886 461
886 601
886 653
886 681
886 698
886 706
886 768
886 771
886 816
886 904
886 933
886 943
886 966
886 977
886 978
887 16
887 172
887 331
887 443
887 603
887 709
887 775
887 788
887 896
887 934
887 939
887 950
887 958
887 963
887 970
887 973
888 22
888 97
888 465
888 637
888 681
888 833
888 843
888 863
888 866
888 873
888 896
888 911
888 938
888 963
888 977
888 994
889 274
889 434
889 560
889 649
889 757
889 857
889 863
889 870
889 885
889 891
889 901
889 928
889 936
889 970
889 980
889 997
890 85
890 203
890 233
890 282
890 330
890 457
890 468
890 521
890 533
890 701
890 769
890 777
890 838
890 913
890 928
890 993
891 117
891 161
891 275
891 344
891 581
891 626
891 802
891 803
891 846
891 860
891 867
891 871
891 889
891 931
891 938
891 950
892 13
892 33
892 97
892 506
892 588
892 590
892 636
892 645
892 761
892 836
892 853
892 872
892 883
892 894
892 918
892 973
893 291
893 549
893 574
893 582
893 728
893 739
893 771
893 856
893 877
893 901
893 933
893 940
893 942
893 949
893 962
893 987
894 31
894 122
894 397
894 463
894 653
894 657
894 686
894 697
894 747
894 883
894 892
894 915
894 917
894 927
894 957
894 961
895 62
895 275
895 334
895 466
895 620
895 674
895 693
895 711
895 716
895 767
895 780
895 869
895 969
895 981
895 984
895 987
896 100
896 293
896 301
896 326
896 339
896 660
896 706
896 707
896 754
896 786
896 810
896 887
896 888
896 959
896 965
896 973
896 995
897 70
897 263
897 293
897 422
897 596
897 650
897 651
897 760
897 802
897 806
897 922
897 948
897 951
897 953
897 968
897 982
897 986
898 273
898 527
898 663
898 703
898 738
898 793
898 881
898 883
898 907
898 930
898 944
898 951
898 961
898 966
898 973
898 981
898 982
899 184
899 463
899 519
899 527
899 634
899 681
899 721
899 735
899 766
899 799
899 844
899 850
899 913
899 923
899 933
899 949
899 979
900 196
900 360
900 410
900 633
900 649
900 708
900 723
900 813
900 826
900 859
900 921
900 929
900 934
900 937
900 940
900 949
900 981
901 294
901 354
901 382
901 498
901 550
901 563
901 692
901 781
901 845
901 862
901 889
901 893
901 904
901 905
901 911
901 956
901 973
902 58
902 296
902 439
902 559
902 678
902 823
902 849
902 860
902 871
902 878
902 922
902 943
902 944
902 955
902 973
902 978
902 980
903 176
903 281
903 426
903 451
903 528
903 529
903 627
903 655
903 796
903 799
903 868
903 880
903 942
903 945
903 948
903 961
903 991
904 217
904 375
904 386
904 700
904 738
904 834
904 845
904 878
904 886
904 901
904 918
904 936
904 942
904 961
904 964
904 972
904 978
905 283
905 300
905 586
905 654
905 706
905 752
905 789
905 794
905 825
905 847
905 861
905 876
905 879
905 901
905 926
905 930
905 944
905 993
906 54
906 311
906 469
906 472
906 481
906 576
906 693
906 793
906 798
906 840
906 874
906 909
906 917
906 925
906 926
906 932
906 937
906 954
907 27
907 128
907 207
907 248
907 396
907 672
907 675
907 770
907 786
907 790
907 821
907 852
907 867
907 898
907 955
907 958
907 982
907 995
908 59
908 149
908 416
908 488
908 522
908 534
908 571
908 613
908 668
908 757
908 817
908 917
908 926
908 928
908 965
908 967
908 969
908 981
909 26
909 145
909 313
909 350
909 407
909 454
909 497
909 514
909 578
909 712
909 779
909 795
909 796
909 906
909 930
909 931
909 957
909 972
910 133
910 143
910 240
910 268
910 300
910 415
910 534
910 580
910 619
910 693
910 742
910 771
910 840
910 878
910 916
910 960
910 997
910 999
911 21
911 127
911 355
911 357
911 472
911 572
911 593
911 624
911 690
911 726
911 822
911 857
911 888
911 901
911 925
911 933
911 938
911 941
912 3
912 451
912 499
912 520
912 531
912 614
912 626
912 639
912 654
912 798
912 851
912 876
912 884
912 930
912 943
912 949
912 951
912 953
913 136
913 269
913 361
913 508
913 526
913 565
913 579
913 596
913 691
913 770
913 791
913 800
913 853
913 882
913 890
913 899
913 939
913 982
913 997
914 0
914 6
914 102
914 316
914 351
914 603
914 684
914 685
914 769
914 813
914 837
914 865
914 932
914 938
914 952
914 961
914 982
914 994
914 995
915 168
915 311
915 402
915 525
915 606
915 619
915 649
915 665
915 671
915 894
915 929
915 936
915 950
915 955
915 961
915 969
915 973
915 991
915 995
916 11
916 150
916 315
916 457
916 530
916 536
916 552
916 591
916 638
916 641
916 764
916 783
916 870
916 910
916 940
916 944
916 962
916 965
916 978
917 48
917 223
917 254
917 284
917 288
917 344
917 556
917 642
917 651
917 779
917 875
917 880
917 894
917 906
917 908
917 927
917 951
917 962
917 992
918 86
918 112
918 214
918 308
918 337
918 455
918 638
918 706
918 802
918 892
918 904
918 930
918 937
918 941
918 976
918 977
918 985
918 992
918 994
919 188
919 351
919 428
919 497
919 644
919 645
919 796
919 803
919 880
919 881
919 920
919 925
919 926
919 930
919 956
919 960
919 989
919 991
919 994
920 156
920 259
920 309
920 431
920 438
920 717
920 742
920 767
920 829
920 863
920 865
920 919
920 921
920 942
920 944
920 951
920 955
920 987
920 990
920 992
921 124
921 270
921 354
921 394
921 437
921 449
921 478
921 563
921 761
921 785
921 824
921 861
921 885
921 900
921 920
921 926
921 950
921 953
921 959
921 981
922 241
922 376
922 399
922 500
922 635
922 744
922 807
922 868
922 882
922 883
922 897
922 902
922 930
922 940
922 947
922 950
922 969
922 987
922 991
922 994
923 180
923 243
923 376
923 453
923 497
923 662
923 722
923 742
923 782
923 783
923 824
923 899
923 933
923 937
923 940
923 950
923 957
923 958
923 981
923 989
924 173
924 309
924 343
924 447
924 574
924 598
924 601
924 622
924 623
924 629
924 643
924 646
924 758
924 799
924 814
924 832
924 848
924 948
924 951
924 984
924 991
925 260
925 337
925 535
925 559
925 578
925 612
925 641
925 680
925 738
925 745
925 753
925 759
925 867
925 906
925 911
925 919
925 933
925 962
925 982
925 992
925 998
926 38
926 83
926 236
926 481
926 561
926 749
926 765
926 781
926 880
926 905
926 906
926 908
926 919
926 921
926 931
926 936
926 941
926 944
926 953
926 954
926 978
926 994
927 218
927 265
927 276
927 503
927 539
927 592
927 726
927 764
927 776
927 835
927 843
927 859
927 894
927 917
927 929
927 940
927 972
927 974
927 980
927 986
927 992
927 994
928 8
928 55
928 153
928 159
928 193
928 333
928 342
928 425
928 572
928 697
928 734
928 778
928 835
928 866
928 885
928 889
928 890
928 908
928 963
928 970
928 971
928 976
929 29
929 64
929 180
929 323
929 362
929 374
929 460
929 481
929 644
929 685
929 722
929 745
929 840
929 850
929 900
929 915
929 927
929 958
929 983
929 984
929 990
929 995
929 996
930 11
930 340
930 359
930 374
930 505
930 615
930 696
930 698
930 753
930 776
930 867
930 885
930 898
930 905
930 909
930 912
930 918
930 919
930 922
930 961
930 977
930 984
930 999
931 131
931 139
931 262
931 348
931 391
931 499
931 591
931 647
931 671
931 688
931 703
931 735
931 761
931 781
931 837
931 844
931 882
931 891
931 909
931 926
931 948
931 973
931 999
932 78
932 130
932 200
932 225
932 246
932 380
932 477
932 486
932 544
932 547
932 567
932 621
932 625
932 730
932 756
932 788
932 789
932 818
932 862
932 883
932 906
932 914
932 981
933 134
933 147
933 238
933 270
933 292
933 523
933 663
933 672
933 713
933 720
933 777
933 852
933 886
933 893
933 899
933 911
933 923
933 925
933 943
933 964
933 966
933 973
933 997
934 25
934 303
934 349
934 445
934 487
934 556
934 624
934 649
934 725
934 776
934 808
934 869
934 884
934 887
934 900
934 939
934 941
934 945
934 950
934 958
934 973
934 975
934 979
935 75
935 120
935 170
935 219
935 301
935 511
935 522
935 562
935 572
935 625
935 651
935 669
935 697
935 759
935 780
935 817
935 936
935 939
935 940
935 946
935 954
935 975
935 992
935 996
936 13
936 71
936 115
936 309
936 321
936 369
936 395
936 486
936 535
936 571
936 607
936 668
936 804
936 816
936 834
936 837
936 889
936 904
936 915
936 926
936 935
936 942
936 947
936 971
937 2
937 144
937 206
937 319
937 361
937 542
937 552
937 709
937 744
937 759
937 865
937 900
937 906
937 918
937 923
937 939
937 945
937 958
937 966
937 969
937 971
937 975
937 986
937 997
938 32
938 221
938 366
938 400
938 427
938 441
938 493
938 551
938 587
938 746
938 820
938 888
938 891
938 911
938 914
938 955
938 960
938 963
938 965
938 977
938 984
938 985
938 989
938 997
939 34
939 65
939 201
939 226
939 410
939 532
939 577
939 630
939 636
939 646
939 697
939 735
939 799
939 836
939 839
939 887
939 913
939 934
939 935
939 937
939 947
939 968
939 969
939 999
940 45
940 225
940 354
940 371
940 458
940 489
940 495
940 507
940 692
940 805
940 828
940 893
940 900
940 916
940 922
940 923
940 927
940 935
940 941
940 946
940 951
940 957
940 965
940 987
941 221
941 319
941 465
941 543
941 575
941 583
941 639
941 661
941 665
941 848
941 867
941 884
941 911
941 918
941 926
941 934
941 940
941 943
941 967
941 974
941 981
941 987
941 989
941 999
942 64
942 213
942 220
942 266
942 672
942 694
942 741
942 772
942 804
942 808
942 829
942 834
942 837
942 864
942 869
942 883
942 893
942 903
942 904
942 920
942 936
942 956
942 961
942 983
943 46
943 69
943 106
943 107
943 135
943 284
943 287
943 352
943 397
943 411
943 612
943 673
943 696
943 766
943 794
943 795
943 886
943 902
943 912
943 933
943 941
943 950
943 952
943 969
943 992
944 55
944 205
944 226
944 302
944 340
944 401
944 553
944 565
944 638
944 652
944 719
944 729
944 817
944 858
944 882
944 883
944 898
944 902
944 905
944 916
944 920
944 926
944 946
944 971
944 988
945 34
945 60
945 80
945 242
945 255
945 269
945 338
945 364
945 397
945 451
945 462
945 653
945 682
945 718
945 811
945 861
945 903
945 934
945 937
945 951
945 952
945 953
945 986
945 988
945 989
945 993
946 209
946 219
946 230
946 423
946 429
946 455
946 457
946 471
946 512
946 601
946 631
946 668
946 671
946 673
946 696
946 703
946 864
946 874
946 935
946 940
946 944
946 950
946 968
946 972
946 980
946 989
947 90
947 132
947 145
947 264
947 304
947 320
947 325
947 341
947 372
947 381
947 555
947 592
947 702
947 703
947 773
947 775
947 777
947 795
947 808
947 828
947 861
947 922
947 936
947 939
947 963
947 976
948 58
948 65
948 108
948 174
948 352
948 373
948 462
948 483
948 586
948 594
948 740
948 757
948 788
948 826
948 848
948 885
948 897
948 903
948 924
948 931
948 964
948 967
948 980
948 985
948 992
948 995
949 79
949 128
949 352
949 403
949 410
949 457
949 542
949 594
949 643
949 699
949 705
949 711
949 800
949 801
949 858
949 871
949 878
949 893
949 899
949 900
949 912
949 955
949 960
949 969
949 976
949 987
949 991
950 24
950 47
950 68
950 333
950 415
950 590
950 632
950 649
950 683
950 727
950 759
950 782
950 828
950 838
950 869
950 887
950 891
950 915
950 921
950 922
950 923
950 934
950 943
950 946
950 963
950 974
950 981
951 157
951 233
951 324
951 444
951 474
951 582
951 636
951 674
951 700
951 783
951 847
951 858
951 897
951 898
951 912
951 917
951 920
951 924
951 940
951 945
951 957
951 958
951 967
951 970
951 974
951 982
951 993
952 153
952 354
952 398
952 423
952 523
952 538
952 568
952 597
952 612
952 618
952 625
952 657
952 662
952 720
952 767
952 862
952 914
952 943
952 945
952 953
952 955
952 959
952 965
952 968
952 975
952 978
952 989
953 86
953 158
953 266
953 288
953 314
953 452
953 466
953 467
953 475
953 516
953 584
953 707
953 736
953 767
953 783
953 841
953 842
953 862
953 897
953 912
953 921
953 926
953 945
953 952
953 965
953 968
953 985
954 14
954 119
954 155
954 166
954 169
954 173
954 358
954 535
954 538
954 553
954 583
954 600
954 644
954 750
954 795
954 805
954 856
954 869
954 906
954 926
954 935
954 955
954 961
954 968
954 985
954 988
954 995
954 998
955 181
955 290
955 401
955 424
955 515
955 567
955 640
955 670
955 713
955 747
955 830
955 841
955 856
955 871
955 902
955 907
955 915
955 920
955 938
955 949
955 952
955 954
955 965
955 975
955 989
955 992
955 995
955 998
956 0
956 126
956 191
956 239
956 289
956 357
956 383
956 458
956 513
956 557
956 615
956 629
956 639
956 698
956 743
956 749
956 796
956 799
956 855
956 861
956 869
956 878
956 901
956 919
956 942
956 967
956 973
956 990
957 21
957 96
957 109
957 238
957 291
957 379
957 414
957 444
957 477
957 583
957 638
957 670
957 693
957 714
957 744
957 763
957 771
957 838
957 857
957 894
957 909
957 923
957 940
957 951
957 962
957 963
957 981
957 987
958 6
958 154
958 197
958 455
958 487
958 552
958 629
958 716
958 730
958 734
958 796
958 822
958 863
958 887
958 907
958 923
958 929
958 934
958 937
958 951
958 965
958 975
958 981
958 989
958 993
958 994
958 995
958 997
959 10
959 36
959 142
959 185
959 211
959 263
959 329
959 397
959 420
959 439
959 588
959 611
959 710
959 753
959 785
959 837
959 846
959 851
959 853
959 854
959 877
959 880
959 896
959 921
959 952
959 967
959 972
959 979
960 125
960 126
960 198
960 246
960 251
960 488
960 575
960 595
960 605
960 651
960 693
960 775
960 792
960 806
960 816
960 835
960 865
960 869
960 872
960 874
960 910
960 919
960 938
960 949
960 962
960 980
960 986
960 989
960 998
961 16
961 48
961 70
961 317
961 474
961 517
961 526
961 628
961 723
961 724
961 763
961 767
961 778
961 843
961 859
961 894
961 898
961 903
961 904
961 914
961 915
961 930
961 942
961 954
961 973
961 985
961 986
961 991
961 993
962 19
962 125
962 216
962 266
962 331
962 484
962 559
962 567
962 593
962 620
962 626
962 627
962 628
962 689
962 762
962 822
962 830
962 848
962 850
962 881
962 893
962 916
962 917
962 925
962 957
962 960
962 974
962 977
962 978
963 73
963 106
963 208
963 282
963 337
963 367
963 458
963 490
963 502
963 509
963 534
963 545
963 638
963 639
963 671
963 705
963 740
963 775
963 800
963 829
963 861
963 887
963 888
963 928
963 938
963 947
963 950
963 957
963 968
963 999
964 85
964 146
964 156
964 232
964 252
964 280
964 290
964 329
964 398
964 582
964 630
964 646
964 650
964 665
964 698
964 777
964 819
964 823
964 830
964 871
964 879
964 904
964 933
964 948
964 966
964 976
964 982
964 984
964 991
964 997
965 151
965 246
965 250
965 382
965 437
965 537
965 578
965 594
965 599
965 792
965 797
965 849
965 854
965 872
965 875
965 896
965 908
965 916
965 938
965 940
965 952
965 953
965 955
965 958
965 970
965 982
965 989
965 994
965 995
965 997
966 150
966 254
966 308
966 368
966 400
966 408
966 440
966 445
966 447
966 466
966 499
966 530
966 589
966 673
966 690
966 703
966 730
966 741
966 784
966 876
966 882
966 886
966 898
966 933
966 937
966 964
966 970
966 973
966 977
966 993
967 81
967 87
967 245
967 328
967 357
967 368
967 389
967 461
967 491
967 514
967 520
967 604
967 653
967 656
967 667
967 777
967 794
967 830
967 873
967 876
967 908
967 941
967 948
967 951
967 956
967 959
967 974
967 979
967 987
967 991
968 3
968 56
968 76
968 163
968 261
968 422
968 471
968 540
968 552
968 569
968 722
968 731
968 757
968 772
968 777
968 779
968 784
968 840
968 871
968 885
968 897
968 939
968 946
968 952
968 953
968 954
968 963
968 970
968 976
968 983
968 984
969 1
969 138
969 164
969 280
969 370
969 444
969 453
969 525
969 526
969 652
969 720
969 766
969 823
969 849
969 857
969 864
969 880
969 895
969 908
969 915
969 922
969 937
969 939
969 943
969 949
969 970
969 984
969 987
969 991
969 993
969 996
970 115
970 182
970 195
970 362
970 415
970 477
970 491
970 597
970 625
970 695
970 707
970 721
970 759
970 782
970 829
970 861
970 887
970 889
970 928
970 951
970 965
970 966
970 968
970 969
970 972
970 977
970 980
970 981
970 983
970 988
970 998
971 52
971 89
971 194
971 295
971 336
971 373
971 411
971 414
971 446
971 469
971 480
971 551
971 601
971 629
971 637
971 700
971 756
971 797
971 841
971 843
971 928
971 936
971 937
971 944
971 973
971 977
971 980
971 982
971 988
971 994
971 995
971 997
972 74
972 99
972 136
972 223
972 288
972 342
972 371
972 372
972 460
972 514
972 519
972 546
972 587
972 594
972 643
972 645
972 748
972 757
972 765
972 775
972 778
972 904
972 909
972 927
972 946
972 959
972 970
972 973
972 980
972 981
972 990
972 995
973 87
973 152
973 258
973 376
973 394
973 463
973 504
973 549
973 555
973 644
973 647
973 736
973 887
973 892
973 896
973 898
973 901
973 902
973 915
973 931
973 933
973 934
973 956
973 961
973 966
973 971
973 972
973 979
973 981
973 983
973 986
973 993
973 996
974 31
974 53
974 54
974 60
974 80
974 175
974 193
974 273
974 350
974 355
974 390
974 412
974 422
974 433
974 482
974 570
974 576
974 686
974 696
974 709
974 714
974 744
974 764
974 784
974 786
974 846
974 927
974 941
974 950
974 951
974 962
974 967
974 990
974 994
975 15
975 37
975 74
975 130
975 148
975 247
975 276
975 287
975 388
975 453
975 482
975 532
975 585
975 596
975 677
975 707
975 731
975 732
975 751
975 768
975 814
975 821
975 848
975 864
975 881
975 934
975 935
975 937
975 952
975 955
975 958
975 983
975 985
975 987
975 988
976 38
976 49
976 79
976 121
976 157
976 200
976 287
976 306
976 445
976 527
976 608
976 613
976 656
976 747
976 773
976 791
976 810
976 826
976 828
976 852
976 865
976 877
976 918
976 928
976 947
976 949
976 964
976 968
976 985
976 986
976 990
976 994
976 997
976 998
976 999
977 15
977 65
977 111
977 119
977 203
977 325
977 370
977 396
977 412
977 420
977 461
977 489
977 492
977 544
977 586
977 609
977 735
977 743
977 773
977 806
977 848
977 860
977 877
977 886
977 888
977 918
977 930
977 938
977 962
977 966
977 970
977 971
977 984
977 988
977 999
978 92
978 186
978 284
978 287
978 299
978 346
978 391
978 460
978 481
978 503
978 517
978 566
978 645
978 646
978 655
978 663
978 719
978 720
978 747
978 756
978 789
978 833
978 853
978 875
978 886
978 902
978 904
978 916
978 926
978 952
978 962
978 984
978 989
978 991
978 992
978 994
979 68
979 85
979 146
979 149
979 169
979 217
979 262
979 320
979 327
979 328
979 343
979 521
979 548
979 589
979 666
979 706
979 714
979 774
979 781
979 786
979 841
979 876
979 877
979 878
979 881
979 899
979 934
979 959
979 967
979 973
979 983
979 986
979 987
979 992
979 994
979 996
979 997
980 9
980 35
980 42
980 61
980 100
980 138
980 167
980 187
980 272
980 317
980 345
980 379
980 431
980 437
980 520
980 530
980 550
980 577
980 676
980 721
980 763
980 772
980 807
980 822
980 829
980 846
980 889
980 902
980 927
980 946
980 948
980 960
980 970
980 971
980 972
980 982
980 988
980 999
981 39
981 124
981 359
981 434
981 519
981 527
981 576
981 661
981 715
981 743
981 745
981 746
981 752
981 827
981 832
981 837
981 846
981 865
981 867
981 885
981 895
981 898
981 900
981 908
981 921
981 923
981 932
981 941
981 950
981 957
981 958
981 970
981 972
981 973
981 982
981 991
981 995
981 996
982 11
982 58
982 132
982 155
982 174
982 197
982 201
982 209
982 303
982 304
982 346
982 418
982 435
982 490
982 515
982 559
982 711
982 755
982 760
982 804
982 806
982 814
982 858
982 881
982 897
982 898
982 907
982 913
982 914
982 925
982 951
982 964
982 965
982 971
982 980
982 981
982 987
982 988
982 994
983 34
983 81
983 189
983 194
983 255
983 301
983 321
983 363
983 510
983 513
983 518
983 534
983 556
983 571
983 593
983 594
983 602
983 610
983 641
983 689
983 725
983 734
983 757
983 772
983 792
983 804
983 812
983 868
983 874
983 929
983 942
983 968
983 970
983 973
983 975
983 979
983 984
983 997
983 998
984 163
984 239
984 406
984 418
984 479
984 483
984 492
984 612
984 631
984 656
984 674
984 686
984 708
984 733
984 765
984 774
984 788
984 794
984 796
984 813
984 819
984 825
984 836
984 840
984 874
984 895
984 924
984 929
984 930
984 938
984 964
984 968
984 969
984 977
984 978
984 983
984 985
984 988
984 989
984 999
985 50
985 69
985 186
985 244
985 255
985 335
985 385
985 442
985 468
985 472
985 491
985 584
985 611
985 639
985 646
985 669
985 680
985 684
985 686
985 692
985 738
985 747
985 761
985 770
985 804
985 835
985 841
985 856
985 877
985 918
985 938
985 948
985 953
985 954
985 961
985 975
985 976
985 984
985 991
985 993
986 12
986 50
986 93
986 148
986 172
986 261
986 310
986 332
986 421
986 424
986 459
986 469
986 475
986 491
986 498
986 587
986 593
986 610
986 692
986 702
986 769
986 780
986 791
986 816
986 861
986 870
986 897
986 927
986 937
986 945
986 960
986 961
986 973
986 976
986 979
986 989
986 991
986 992
986 995
986 996
987 23
987 84
987 91
987 113
987 182
987 224
987 303
987 343
987 366
987 381
987 403
987 504
987 577
987 598
987 679
987 681
987 685
987 707
987 710
987 737
987 750
987 756
987 821
987 871
987 873
987 883
987 893
987 895
987 920
987 922
987 940
987 941
987 949
987 957
987 967
987 969
987 975
987 979
987 982
987 990
987 997
988 40
988 198
988 344
988 356
988 383
988 392
988 398
988 425
988 426
988 456
988 497
988 511
988 558
988 575
988 585
988 600
988 650
988 666
988 675
988 677
988 735
988 752
988 765
988 776
988 791
988 819
988 834
988 872
988 878
988 944
988 945
988 954
988 970
988 971
988 975
988 977
988 980
988 982
988 984
988 989
988 995
988 998
989 7
989 92
989 353
989 355
989 393
989 401
989 439
989 441
989 548
989 557
989 583
989 595
989 663
989 687
989 719
989 764
989 772
989 773
989 817
989 879
989 884
989 885
989 919
989 923
989 938
989 941
989 945
989 946
989 952
989 955
989 958
989 960
989 965
989 978
989 984
989 986
989 988
989 990
989 994
989 995
989 997
989 998
989 999
990 43
990 96
990 115
990 125
990 144
990 154
990 172
990 202
990 213
990 318
990 452
990 539
990 550
990 567
990 587
990 589
990 634
990 642
990 659
990 720
990 721
990 736
990 748
990 777
990 791
990 793
990 799
990 806
990 809
990 810
990 824
990 855
990 920
990 929
990 956
990 972
990 974
990 976
990 987
990 989
990 992
990 995
990 996
991 4
991 25
991 218
991 240
991 243
991 257
991 267
991 306
991 370
991 415
991 430
991 471
991 510
991 517
991 563
991 602
991 628
991 675
991 684
991 696
991 769
991 797
991 845
991 869
991 875
991 882
991 883
991 903
991 915
991 919
991 922
991 924
991 949
991 961
991 964
991 967
991 969
991 978
991 981
991 985
991 986
991 992
991 998
992 56
992 71
992 109
992 190
992 215
992 334
992 369
992 475
992 541
992 551
992 601
992 611
992 627
992 660
992 668
992 674
992 698
992 705
992 711
992 715
992 718
992 747
992 750
992 779
992 789
992 799
992 800
992 817
992 860
992 917
992 918
992 920
992 925
992 927
992 935
992 943
992 948
992 955
992 978
992 979
992 986
992 990
992 991
993 18
993 45
993 117
993 137
993 191
993 204
993 215
993 253
993 321
993 372
993 449
993 470
993 488
993 525
993 545
993 581
993 650
993 662
993 694
993 702
993 705
993 724
993 748
993 751
993 757
993 780
993 806
993 812
993 817
993 844
993 853
993 864
993 890
993 905
993 945
993 951
993 958
993 961
993 966
993 969
993 973
993 985
993 994
993 996
994 112
994 118
994 123
994 264
994 271
994 286
994 330
994 471
994 479
994 495
994 510
994 516
994 559
994 590
994 621
994 652
994 688
994 695
994 725
994 786
994 794
994 795
994 798
994 810
994 828
994 845
994 851
994 884
994 888
994 914
994 918
994 919
994 922
994 926
994 927
994 958
994 965
994 971
994 974
994 976
994 978
994 979
994 982
994 989
994 993
994 998
995 71
995 93
995 164
995 191
995 204
995 234
995 235
995 251
995 366
995 393
995 396
995 442
995 464
995 467
995 526
995 544
995 574
995 576
995 592
995 657
995 666
995 713
995 724
995 732
995 774
995 833
995 865
995 896
995 907
995 914
995 915
995 929
995 948
995 954
995 955
995 958
995 965
995 971
995 972
995 981
995 986
995 988
995 989
995 990
995 996
995 997
995 999
996 98
996 139
996 161
996 183
996 224
996 294
996 298
996 315
996 318
996 320
996 336
996 353
996 365
996 402
996 408
996 443
996 447
996 484
996 518
996 619
996 621
996 625
996 663
996 669
996 673
996 677
996 701
996 710
996 715
996 754
996 755
996 773
996 781
996 809
996 819
996 850
996 861
996 870
996 929
996 935
996 969
996 973
996 979
996 981
996 986
996 990
996 993
996 995
997 29
997 78
997 95
997 113
997 135
997 176
997 182
997 390
997 424
997 429
997 474
997 507
997 532
997 534
997 541
997 554
997 564
997 606
997 648
997 680
997 683
997 716
997 717
997 724
997 769
997 774
997 804
997 813
997 831
997 863
997 866
997 889
997 910
997 913
997 933
997 937
997 938
997 958
997 964
997 965
997 971
997 976
997 979
997 983
997 987
997 989
997 995
997 998
998 26
998 36
998 187
998 210
998 259
998 261
998 347
998 366
998 377
998 419
998 423
998 464
998 509
998 516
998 518
998 530
998 557
998 580
998 631
998 641
998 684
998 688
998 699
998 707
998 732
998 760
998 763
998 787
998 808
998 824
998 834
998 847
998 848
998 857
998 861
998 879
998 880
998 925
998 954
998 955
998 960
998 970
998 976
998 983
998 988
998 989
998 991
998 994
998 997
999 61
999 104
999 111
999 131
999 283
999 301
999 302
999 308
999 320
999 342
999 356
999 360
999 361
999 363
999 373
999 387
999 392
999 399
999 413
999 465
999 472
999 475
999 487
999 576
999 599
999 631
999 667
999 670
999 678
999 679
999 687
999 715
999 740
999 763
999 808
999 813
999 842
999 869
999 910
999 930
999 931
999 939
999 941
999 963
999 976
999 977
999 980
999 984
999 989
999 995
