0 1 2 3 4 5 6 7 8 9 10 11
12 13 14 15
16 17
18 19 20 21
22 23
24 25
26 27 28
29 30 31 32 33
34 35 36 37
38 39 40 41 42
43 44 45 46
47 48
49 50
51 52 53
54 55
56 57 58 59
60 61
62 63
64 65
66 67 68
69 70
71 72 73 74 75 76
77 78
79 80 81
82 83
84 85
86 87
88 89
90 91 92
93 94
95 96 97
98 99 100 101
102 103
104 105
106 107 108 109 110
111 112
113 114 115 116 117 118 119
120 121 122
123 124 125 126
19 127 128
129 130
131 132
133 134 135 136
137 137 138
139 140 141
142 143
144 144
145 146
147 148 149 150 151 152 153 154
155 156
157 158 159 135 136
160 161
162 162
163 164 165 166 167
134 133 136
168 169
170 171 172 173 174 175
176 177 178
179 180
181 182 183 184 185 186 187 188 189
190 191 192 193 194 195 196 33
197 198 199 200 152 136 201
202 203 204
205 206
207 208 209
210 210
211 212 213
214 215 216 217
218 219 220
221 222 223
224 130
225 226 227 228
229 230
231 96
232 233
234 234 235
236 237 238 239
240 213
241 242
243 244 245
246 39 33
247 248 249
35 34 36 37
250 251
252 79
253 254
255 256
257 258
259 260 261
262 263 264 265 266 267 268 269 270
271 272
273 273
274 275 276 277
278 279 280
281 282 283 284 285 286 287
288 289
290 291 223
292 293
294 295
296 297 298 299 300 301
302 303 304
305 140
306 307
308 309
310 311
312 313
314 315 226 227 228
316 317
318 39 319
320 321
322 322
323 324 325 326 327 328 329
330 331 332 333
334 335 336
337 337 338
339 39
340 341
342 343 344 345 346 13 347 348
349 350
351 352 353 354 355 356 357 68 358
359 360
361 362 363 364 365
366 163 354 367 368 369 276 370 371 372 373 14 374 165 375 376
360 377
158 159
378 89
159 379 380
381 327 382 383 384 385 45
386 387 388 389 390 391 392
393 394
395 396 397 398
399 400 401
402 276
403 116
404 405 406
407 407 408 409 40 41 410 411 42
412 413 414 415 416 385 166 417
418 419 420 421
422 423
424 425
426 39
427 428 429
430 148 149 150 431
432 432 433
434 435
436 437 438 439 440 441 442 166
309 443
444 445
446 447 448
449 450
451 452 453 454 455 456 457 458
459 460
461 462
463 464 465
466 466
99 467 468
469 470
471 472 473 474 475 476 477 478 479 480
481 482 483
484 485
486 487 96
488 489
490 491 492
493 493 494
495 496
497 498 499
500 501 502
503 504 505 506
148 507 150 508
509 447 448
510 52 53
511 512
513 514 515 516
517 518
519 520
521 522 523
343 346
524 525
526 527 528 529 530
531 532 533 534 535 536 537 538
539 539
540 173 174
541 542 279
543 544 545
546 546 161
547 548 549 550 551 552
140 141 553
554 555 556
557 198 219 558 151 431 152 153 154 559
560 413 561 385
562 563
564 565 566
567 568 569
570 571
572 573 574 383 575
576 577
578 579
580 144
581 582 191 192 195
583 584
585 15 586
587 588
589 590
73 76
80 591 592 593 594
595 596 597
598 344 345 599
600 601
602 603
604 605
606 607
608 608 609
297 532 533 537
171 610 611
612 613
614 615
616 617 618
619 620
400 101
621 188 489
622 623
624 625
626 627 14
628 629
630 631 503
632 633 634
635 636 637
638 66 436 639 164 640 44 641 442 166 167
642 643
52 52 53
644 645 646 647 648
649 39 650 651 652 653 654 655 656
657 658 659
660 661 662
663 664
665 666
667 414 668 385
669 670 671 672
673 674 602
675 676
677 678 679 680 641 681 6 563 682 683 684
685 686
687 688
689 690 691 692
693 693 538
694 695
696 596 697 698 165 699 700 701
702 703 704
705 705 706 707
708 709 710
711 712
713 714 715
716 717 333
405 405 406
718 356 719
720 721
722 723
212 724 725 726 727 728
729 730
731 731
732 733
149 507 150 508
734 735
736 640 737 738 739 740
78 741
742 743 744
745 746 747
74 71 72 73 76
748 748 749
750 408
1 751 752 287
753 261
754 755 756
757 758
759 760 761
762 763
764 765 766
767 768 769 770 771
772 773
774 775
345 599 413
776 777 778
779 780
781 782
783 605 784 785
786 787
788 789 790
791 792
793 794
795 415
796 797
798 799 800
801 802
803 754 804
805 594 806
807 808
352 809 607 810
811 812
813 814
815 548 549 550 551 552
816 817
324 818
819 819
820 821
822 823
824 825 826 827
828 829
830 50
831 832
833 834
835 836
837 39
838 838
839 440 840 269 841
842 360 377 843 844
845 846
847 848 849 545
850 851 852 853 607 854
855 856
857 858
859 859
860 861
862 863 864 865 866
867 868
869 870
871 325 872 327 873
387 874
825 438 875
876 877 878
879 880 881 295 882
39 883 33
884 885
886 886
887 881
888 39 656
889 884 452 890 885
891 892
893 894
895 896
452 897
898 899
900 900 901
902 900 901
596 416
903 904
219 219
905 905
213 906 907 908
549 552
688 688
114 119
909 910
911 912
57 913
914 287
915 916
917 918
919 920 921
922 502 923 924 925
926 927
928 554 212 929
930 783 931 5
861 932
933 908
934 857
935 936
937 165 938
939 940
941 942
943 944 945 946
947 360 354 763 368 534 355 416 373 165 948 357
949 949
950 207 951 952 953 954
955 344 346 956 957 958 566 959 960 385 961 962 963 964
965 966
967 967
968 969
970 971
972 973
974 975
976 977 978
979 980
981 605 784 785
115 982
983 593
984 29 985 986
987 987 988 122
989 990
991 992
993 994
995 996 997 998
999 161 1000
1001 1002
1003 595 898 714 369 715 442 766 14 530 1004
1005 1006 1007
1008 66 1009
1010 398
1011 1012
1013 452 453 454 455 456 457 458
1014 1015
1016 869 870
1017 1018 1019
1020 1021
1022 1023 1024 1025
679 1026 1027 683
1028 1029
1030 985
1031 678 1032 1033 1034 1035 1036 1037 1038 285 1039 682 1040 1041
1042 751 1043
1044 1045
1046 297 1047 1048 1049 1050 1051 299 301
1052 595 696 596 368 285 14 1053 1054 1055
1056 1057 1058
1059 1060 28 1061
1062 173
1063 272
1064 1065
1066 1067 269
1068 782
1069 1070 1071 1072
1073 96
1074 518
1075 7
680 639 679 1076 440 537 1077 1078
1057 1058
1079 1080 1081
1082 66 1083
1084 72 73 1085 983 1086
1087 342 344 345 346 956 13 267 668 385 1088 348 964
1089 297 1047 1090 1091 1092 1093 299 1077 301 1094 1095
640 437 438 439 440 441 442 166
1096 1097 592 1098 1099 1100 1101
1102 1103 1104 1105
1106 1107
367 370 938
1108 398
1109 1110
1111 573 574 383 575
1112 1112
1113 889 464 792 998
1114 1115
1116 124 1117
1118 1119 908
1120 1031 1033
1121 1122 14
1076 1123 1124 1125 533 1126 385 1127
1128 1129 1130 1131 1132
1133 1134
1135 159 1136
1137 1138
735 735
1139 407 665 1139
1140 288 1141 1142 1143 1144 1145 1146 358
1147 1148
1149 1150 1151
1152 1153 1154
1155 1156
1157 919 1158 1159
1160 1105
1161 1162 1163 1164 1165
1166 34 35 37 1167
1168 1169 915 1170
1171 14
1172 558 1173 1174 116 10
1175 598 346 596 13 697 1124 917 1176 1177 1178 533 1126 1179 535 1180 1049 537 1181 925 1182 1027 300 960 1183 1184 1185 1186 1187
1188 1189
1190 975 1191
1192 1193 522 1194 1195 1196 523
1197 63
1198 1199 1200 1201 355 1202
1203 406
1204 944 945 946 1205 1206 1207 50 14 1208 375
738 738
1209 296 297 299 1210
1211 1212 1213 1214 1215 1216 1217
1218 1219
844 359 377
1220 715 1221 1222
1223 1224 1225
368 1032 282 1226 1227 1026 1228 683 579
1229 1230
1231 59
1232 1233 450
409 644 1234 1235
1236 1237
1238 430 431
1239 1240
1241 1242
1243 1244
1245 1246
525 1247
1248 39
1249 1250 42
1251 464
1252 1253
1254 1255
1256 1257
1258 418 1259
1260 100 1260
1261 1262
1263 1264
561 1265 534 1184 1266 1267
264 413 1268
1269 1270
1271 1271 50
1272 1273
1274 395 1010 1275 1108 1276 1277 1278 1166 1279 1280 1281 1282 1283 1284 1285 1286 1287 1288 1289 1290 1291
1292 1293
1294 1281
1295 944 945 946
1296 1297
1298 1299
1300 1301
1302 96 97
1303 1304 136
279 542
1305 1306 1307
1308 1309
1130 1310 1129 1128 1131 1132
1311 1312
1033 1313 1314
1314 1313
1315 1316 1317 1318 956 913 1319 1320
1321 1322
1323 1322
1324 1322
1325 1326
1327 1328
1329 1330 1331
1332 1329
1333 531 536 538
1334 1335
1336 1336
1337 1338
1339 1340
1341 948
1342 1343 1080 1344 1345 1346
1347 1306 1348 1349
1350 1351
1352 1353 1354 1355 188
1356 1019
331 1357 332
1358 1359 1360
1361 1362
1363 1364
1365 1366 462 1367 1368 5
1369 1370
1371 1372
1373 1134
1374 1375
1376 900 901
901 1103 1104 59 1377 1105
1378 870
1379 72 73 74 1380 1381 1382 1383
1319 350
1384 1385
1386 1387
1388 1389 1100
1390 1312 538
1391 1018
1392 1393 1394
1393 1395
1396 1396
1397 777 1398
1399 1223 1224
1400 670 671
40 41
1401 1157 1158
1402 1403 1404
1405 297 1047 1090 1091 1092 1093 299 1077 301 1094 1095
1406 1407
1408 1409 1410 620 336
826 827
1411 1412 1413
1414 302 304 1415
1214 96
1416 40 41
1273 33
1417 1418 1419
1420 1421
1422 1423 1424 1425 1426
1426 1427
1428 990
1429 1364
1430 1431
1432 704
1433 293
1434 1435
1436 1208
1437 1438
1439 1440 1441
1442 1443
1034 1443
1444 1445
923 922
1446 868
1447 1448
1449 1450
1451 1452
1453 1454 1226 1455 584
1456 1226 1457
1458 1459
1460 1461
1462 288 1463 1464 1465 1140 1466 959 1467 1145
691 891 775 1468 1469
1470 919 1471 1472
1473 1474 1475
1476 1473 1477
1478 1479
1466 1480 959
1481 1142 1482 1483 668
1104 1484
1485 1486
1487 1488
1489 1490
1491 1029 1492 1493
1492 914 652
1493 503 1474 1473 1476 1475 1492 1494 1495 1477 483
532 533
1496 1495 1497
1494 1496
1495 1496 1494 1495
1498 1098 1499
1500 1500
1501 1501
1502 1500
1503 1503
1504 1505
1506 553
574 383
1507 1507
1508 531 639 917 1509 1510 1265 1511 1512 561 532 1513 797 1179 535 536 1180 1514 537 1515 1516 1517 1518 1027 385 1519 1520 1521 1184 217 1266 1522 1267 1523
1513 1309
1524 1525 498
1526 1527 335 1382
1528 182 183 184 185 186 187 188 189
1529 1530
1531 1196
1532 145 578 1008 1533 1534
721 720 1535
1535 720 721
1536 1340 1537
1538 1539
1540 1541
1542 1543 1540 1544 1545
1546 948 1547
1548 136 161
1549 297 1047 1048 1049 1050 299 301 1210
1550 794
1551 1123 1552 1265 679 1553 441 1126 1554 1228
1553 1123 441 1126
1555 1556
1557 1484 1471
1246 1558
1559 759 760 1560 286
1561 1562
1563 40 41
1564 1565
1566 424 425 1567 1568
1569 1316 174
1570 1571 1572 1573
1574 1574
1575 1576
1577 1005 1007
1578 1579
1580 1581
1581 1580 1582
108 110
1583 1584
1585 554 1586 1585
3 820 953 1587 1588 1589
1590 717
1009 1591
1592 1593 1594
1595 608 1595 609
609 1592 1593 1596
1596 1593
1594 1596
605 785
784 783 931 5
931 5
1597 1598
1599 115 1600
1600 115 1601
121 115 1602 1603 988
1604 1605
1606 1607 1608 1609
1610 1611 1612 1613 1608 792 1614 1615 1616
1617 1618 1619 1620 262 342 531 344 560 1621 667 1123 1622 639 346 1623 1624 13 697 1625 1626 917 599 413 438 1627 1628 1629 1630 1631 1189 1509 1510 1632 1511 1633 1512 264 1177 1333 1178 532 533 1507 797 1634 1635 441 1126 1636 266 1637 1179 535 536 1180 1514 1227 1638 537 1515 1516 1517 1518 1639 416 1640 538 1641 668 1642 269 841 1027 261 960 385 1643 1644 1519 1645 1520 1183 1646 1647 1648 1184 1649 1650 1651 579 1266 1652 1653 1127 270 1654 1522 1655 964
1634 1656 797
283 327 1657
1658 874
1659 1195
1194 522 1192 1195 751 523
1195 522 523
778 777
1660 1661 1662
1663 118
1664 1665
1666 1666
875 825
1667 1668
1669 1670
1671 1672 1673
1674 1671 1672 1673
1675 1673
1024 1674 1675 1673
1673 1676
284 1677
1678 1652
1679 339 426 985 1680 39 1030 30 1681 33
1682 537
1683 1684
1685 1686
1687 1688 1689 1690 1327 455 1691 1328 1692
1693 1694
1695 1353
1696 1697
1698 1699 1700
1635 560
1701 1385 1702 889 452 1703 1475 464 890 992 1704 1705
1706 890 821
464 884 452 890 885
1707 1113 1504
1708 1189
1709 1710
1164 1711
652 650
653 651
957 342 343 344 345 346 13 1048 267 566 347 961 1712 348
1713 649
1714 287
1715 900 902 650 1103 1376 901 1716 1717
1035 1037
1036 1037
1718 1719
1720 1721
724 1676
1722 1027
1723 1724 1121 1294 1295 1296 1725 1726 1727 906 14
1725 1295 1296 555
1728 14
326 818
1729 670 1015 671
1730 96
1731 1169 915 1732 1733 1170
1734 1735
1736 951 954
1565 1564
1737 1738
1739 1738
590 1740
1740 1306 1741
1080 1081 1742
1081 1742
1743 1744
1745 589
1602 121 1746
1747 1747
193 827
1748 1749 1750
1751 534 537 1646
534 1265
1752 531 560 1123 917 1628 1510 1511 1512 561 1390 532 1508 1513 797 1635 534 441 1126 536 1180 1514 537 1515 1517 538 269 841 261 385 1645 1753 1754 1266 1755 1523
1756 1619
1757 39 1758 1563 1759 276 1760 468 1761 610 883 1653 611
1762 1763 1764
61 212 213 1765 929 1766
1767 1567
1768 959
1769 346
565 565 566
1770 1771
1772 1449 1159 1773 1657
1774 1571
441 1123
1775 905 1563 1776 1760 468 1777 1778
1126 1123 1048 441
1779 1780 1781
1782 1783 522 1784 1209 1206 1648 523 1785 1786 1787
1788 1789
1790 821
1791 1792
1793 772 1394
1794 191 1758 192 1795
1795 1758 1794 1795 1759 194
194 191 192 194
1796 647 648
1636 1797 1798 1799 648 1127
1800 1800
1801 1802
1802 545
1803 1804
952 953
1805 101
1072 1070
1806 1807
1808 1809 1810
1809 1552 383 1053
848 1811
1812 1813 848
1814 1815
1354 1816 601 188
1817 1818 164 1819 166
1820 1820
1637 1623
32 782 31
1821 1822 1823
1824 1825
1826 416 385
641 824 697 1031 285 46 1827 684
681 296 297 301
1179 917 166
58 58 1828 1829
1457 1455
1830 1831 1832
1833 1833
1834 1835
1836 1836
877 877 878
1837 876 877 878
267 566 347 385
1838 274 351 366 360 377 843 1032 282 1226 947 679 680 1089 367 1076 1198 1405 1227 1839 1026 1840 1038 371 385 14 1228 1841 683 579
1842 1702 242
1843 1844 925 383 384
1845 1846 1847 1848
1848 1847
1849 1850
1850 1849
1851 1851
1852 1851 1853
1854 1855
1856 1857
1858 1205
1859 1860 1531 1861 1862
1863 96
1864 1865
1866 1867
1868 502 1214 924 552
1869 236 1870
1871 1065 1872 1873
536 531
1180 531 536 385
1874 1875
1514 531 697 1656 1510 1511 1512 532 536 537 1517 538 1645 1520 1183 1523
1344 1876
1877 1878 1879
1880 1881 1075 1882
1883 1884 449 1881 1075 1885 1886 1880 1883 1887 594 1888 1889 1890 1882 1891 1892 450
1893 1894
1895 1896
1897 1898 1899 1900
1901 1902
1903 1572
1904 1905
1906 1907
1908 1691
1909 1908 897
1910 1911 1912 1913 1914 1915 664 1916 1917
1918 871 325 327
1919 1702
1920 242
1921 1922
1923 1924
1925 593
1926 1927
1049 1210
1050 1047 1049 215 1754 1210
1928 704
1929 50
1227 1124
1930 968 969 1325 1931 1932 1933 1934
1935 1936
1937 351 554 297 626 928 627 1938 14
1746 1939 1940 1941 1942 618
1638 1943
1944 1689 1945
1839 1227 1038
5 1365 784 96
1946 1947 605
1948 1793
1949 1950
1515 1265 440 1517 1027 1755
1951 1952 908
1953 1954
1955 287
1237 1956
398 396
1279 1010
1957 1958
1959 919
1960 1961 1519
1962 342 344 345 346 956 13 1140 1462 1466 267 1961 668 385 1088 348 963 964
1541 672
1963 1964 415
584 1455
1965 583 1966 1479
1479 583
1967 1968
1969 1970
1971 1972
1973 1971 1972
1974 1975
1976 1977
1978 158 159 380 200 1979 401 1980
1981 1228
1982 927
1516 438 1983
1984 1985
1986 506
1987 553
1988 1544
1427 1989
1517 1181
1990 1990
1991 1270
1992 1993
551 1994 550
1995 1995
1996 1704
1997 1998
1999 2000 2001 821
2002 2002 627 14
627 14
2003 2004
474 2005
2006 2007 445 2008
2009 2010
2011 1525 498
1776 2012
2013 2014
2015 2016 2017
2018 243
2019 2020
200 379
2021 2022 299
2023 2024 2025
2026 2027
2028 133 134 1303 2026
2029 2029
2030 2031
2032 2033
2034 1027
2035 1032 2036 276 2037 277
2038 48
2039 2040
2041 2042 2041
2043 2044
2045 2045
1828 58
2046 2047
2048 2049
2050 2051 2052 435
958 677 641
2053 10
2054 2055
2056 2057
1026 1638
1362 1943
2058 2059 832
2060 2061 242 2062
2063 2064
2065 231 603
2066 231 1147 1148
2067 1148
709 710
840 1124 1510 1511 1512 2068 416 1181 385
2069 2070 261
2071 585 1855
2072 610 611
1560 1761 610 883
2073 678 244 99 495 171 2073 172 173 174 175
152 219 2074 153
2075 2076 2077 2078 2079 2080 443
2079 2076 1106 2078 2075 2081
2082 2083
2084 2085
2086 287
2087 2088
2089 2090 2091 1027 948 2092 2093
2094 560 346 957 267 2095 2096 964
2095 913
2097 520
1840 2098 2099 1179 417
2100 2101
2102 2103
109 106 108
2104 1205
2105 587 650 2106 1875 652 2107 588
1067 1067 299 841
2108 2109
775 891
2110 2111 2112 2113 1692
1038 596 2114 1208 579
1201 1200 355
1051 355
2115 114
2116 2117
2118 2119
465 2120
2121 601
2122 395 396 1010 1108 398 1279 2123 1285 1286
2124 2125 1509 385
2068 413 2126 416 385 1268
416 2099 417
1482 2125 440 2126 2068 385
1483 2126
655 655
2127 1567
1567 461 2128
370 1818
2129 2130 2131
2132 1819
2133 2134 2135
2136 2137 2138
2139 165 948 357
2140 2141 1986
304 2142
2143 729 164 1819 374 166 730
2144 2145
1093 1092
2146 2147
2148 1627
2149 114
482 1717 483
2150 2150
568 1574
2151 1306 1307 1349
792 115 1601 1600
2152 1403 2153 1402 2154 2155
2156 1403 1404 1402
2157 2158
2159 442
260 573 698 574 383 700 701
2160 34 2161 37
2162 2163
2164 2165
2166 2167 2168
63 287
2169 1292 1296
2170 2171 2172 2173
2174 768 769 770 771
2175 2176 2177
2177 887
2178 2179
2180 466
59 1001 1002 1829
2181 2182
2183 2184
647 39 652 654
1409 2185
2186 2187 2188
327 325
2189 2190 2191
2192 2024 1563 1775 1777 195
2193 2194
2195 2196 2197 2198
2199 2200
2201 2201
2202 2203
2204 909 1919
2205 2205 2206 2207 2208
2209 2206
2210 1624 1178 268
2211 1972
2212 594 806
1726 1884 1890
2213 817
2214 2215 2216
1573 2217 2218
2219 1308
2220 251
2221 312
2222 2088
371 55
2223 99 2192 172
953 951
1587 2224
1933 968 969
2225 2226
2227 2228
2229 2230
2231 2232
2233 2057
2234 2235
2236 2237
2238 2238
2239 2085
2240 2241
2242 1952
2243 2244
1641 917 2245 2246 1698 2247 538 918 1520 1650 1127
2248 2249
1377 900 902 1103 1376 901 1716 2250
67 1179 166 167
2251 2252 2253
2254 2255
183 1353
184 2256 183
2257 2258
2259 2260
2261 1340
2262 2051 891 2263 2013 2261
2264 2265 2266 2267 2268 2269 743
223 222 291 724
2270 506
2271 1882
2272 2273 1075 594 2149 1891 1892 2135
2274 2271 1891
2275 1001 1160 920 1104 1715 327 2276 1450
2277 690 2058 364
2278 2279
2280 460 1448
1727 1724 1295 1296 1725 1122
1961 1618 531 598 536 2126 2124 2068 1482 1483 925 269 960 961 2281 2282 2283 2284 963 964
2285 1601
668 2286 2287
2288 2289
2290 2291 2292
823 2293
2293 823
2294 2295
2296 457 2297
457 2297
2297 457 2297
2298 457 2297 458
458 2299 2297
2300 562 563
2301 2302
1468 891 691
2303 2304
2305 1104 1484 2305 1471
1115 612 2306 1690 1675 455 1908 1910 2296 613 1917 2307 2308 2309 1705 1019
2310 2311 625 624 2310 2312
2312 2310 2312 2313
2314 603
2315 2316
2317 2318 2319 849
442 437
2320 2321 2322
986 30 31 32 33
1119 880 881 295 882
2323 2324 2325
2325 2326 2312
2327 2328
2328 2327
2329 2330 2331
209 951 2224
1282 340 395 2161 1010 1108 1276 398 1279 2122 1280 2160 1282 2123 1285 1286 2332
1283 2122 1282 2332
1284 35 2333 341
2123 1010 1108 1285 1286
1285 1010 1108 398 2123
1286 1010 1108 1285
1083 2334
2335 900 902 1103 1376 901 1716 2086
2336 2337
918 1182
1182 918
2338 558 993 2339
2340 427 2341 80 1085 835 2342 593 1075 1323 1324 1470 2338 1381 81 2343 2163 2344 1041 836 2345 2346 2347
2348 1881 1075 2271 450
372 354 372 216 2349
2350 439
373 354 2126 355 14 2351 68 358 2352
2353 2354 2355
2356 27 1243 2357
988 2358
2359 66 893 636
2360 2361
2362 1905 2363
2357 27 2364
2365 1195
2366 896
341 34 35 37
1297 2367
2368 2369
1700 1699
2370 1455
2371 728
2372 2373
2374 2375 2376
2377 1362 2378
2379 1362 2380 2378
2381 115 2382 1601 982 2383
299 215 1210
2384 2385
2386 2387
2388 2389 755 756
2390 2391 2392
2393 711 712
2394 711 712 2395 2396 2397
2398 2399
2400 2398 1916
124 2401 2402 1117 2403
2404 1854
2405 2406
2407 977 978
1642 1621
2408 2409
2410 2410
2411 2412
2413 612 1914 2414 1690 1384 1910 1691 2415 1018 613 2416 1917 2307 2417 1705 1019
2415 451 2418 2417
2419 2419
1381 72 73 74 1684 983 1323 1324 1378 75 870 2420 2421 1086 2422 2423 2424 2416 2425 1383
2426 2416
2427 79 1884 252 2340 2400 2428 2429
2430 295
2431 1050
2349 354
2432 2433
2434 2435 2432
382 1647 2436
2437 2438
2439 2438 2437
2440 1915
269 1265 579
841 1265
2441 2442
2443 631
2444 2445
2446 2447 2448
2448 2446
2449 2098 1840 2450
154 148 149
2451 2368
2452 2453
2453 2451
2454 861 932 2455
2456 828
2457 141
1345 1486 2458 2459
2458 1345 2459
2052 2460 435 2461
1027 2462 858 1646 1154 579 2463
2464 1358
2420 2465 2466
1609 2467
2468 201
201 148 149 150
2469 1804 603 2470 2471 2472 96
2470 486 2473 603 2471 2472
2474 2475
2070 261
2476 1629 2167 1631 1632
2477 2478
81 591 592 593 594
2479 2479
2480 2481
1588 1176
2482 1762
285 2483 327 382 383 384 385 45
2484 2485
2486 2487 1191
2488 2489
2490 413 1268
2491 416
1467 2492
8 770 230 992 2493 2494 1196 7 2355 1916 1019
2495 2496
2497 2498
2499 1671 1674 1024 1673
2500 2391
2501 715
2502 2502
2503 2504
2505 658 659
2506 2125 2507 2508
2509 2510 213 2485 2511 2484 2512
2513 2513
356 353
2512 2514
2515 2516
2517 2514
2518 1132
2519 2238
2520 2521
2522 2523
2521 107 2522
2524 829
385 2525
1643 667 2125 413 264 1637 536 2126 2124 2068 1482 1483 668 269 960 385 1644 1519 1902 2526
2527 262 412 344 667 1622 345 346 13 1625 1626 1265 440 414 537 1483 668 269 841 385 1644 1519 961 1184 2281 1754 2528 1654 348 963 964
1644 414 668 385
1519 269
2529 2530
2531 2532
2533 2534 2535 2536
2537 1819
2538 2539 2540
2361 2360
2541 1119
280 2542 593 2543 492 2544
2545 1342 1080
2546 2547 2548 2549
2550 2551
2552 1183
1183 2553
2554 2555
2556 2552 1183
2557 2558
2559 848 849 545
610 1759 33
2560 2561 2562
2563 847
1440 2244 2243
2564 774 2565
2566 2567
2568 2569
2570 2571
2572 1125
2573 2573
2574 2575
2576 1916
2577 2578
2579 2580
2581 2582
2583 733
2088 2049
666 666
2584 2585 2586
2587 2588 733 732 2589 2590 2583 2591 2592 515 2593 2594
961 342 344 598 345 346 13 1088 348 963 964
2595 733 515 2596
2586 2585
2597 515 516
904 903
2017 1340 2261
2598 2599 1340 2600
2601 413
2196 2197
2602 2602
2603 2416
2604 2605
2339 994
2606 1119
2607 2045
1018 1941
2608 2609
552 548 549
2610 2611
2612 2613 2614 2256 2615
1099 1097 741
766 765
2616 2617
1287 2618
391 389
2619 2619
2620 2621
2622 1448
2623 2624
2625 2626 1004
2241 2240
1647 2436
2627 2627
2628 1964 1850
2629 1246
2630 2631 1019
2631 1356
2632 1913 2399 897 1917
2633 2634
2634 2635 2636
2637 2638 2639
2640 2016
2641 2642 2643 2644
2643 2642
2467 2642 2643 2644
2645 491 492
1086 619 620
2646 756
2389 755
2647 2646 755 756
2648 2172
2649 1356
2650 1356 2630 2631 2649
2651 276 1677
2652 325 2037 63 327 2651
2653 1019
2654 1996 2655
804 754
2005 625 1591
2656 1591
2657 2658
2659 2659
2660 2660
2661 1205
2662 2663
2664 2665 1306 2666
1459 156 698 15 2092 699 700
664 1917
2667 2668
2669 1560 610 2670 2671 611
2670 1760
2672 703 2673 2674
2675 2676 2677 2678 2679 2680
2681 1237
2682 1562
1521 1265 533 534 537 1184 1266 1902 1522 1267
1753 531 532 533 536 1227 537 1184 1266 1902 1522 1267
2683 2684
2281 342 343 344 598 345 346 13 959 385 961 1088 348 2284 963 964
2685 2686
2687 50
2688 2688
1101 1100
2689 2137
1250 2671
2690 2691
2692 2117
2693 832
2694 2695 788 2133 1410 2696 2697
1410 802 1370
2696 1024 1370
1554 1228
2698 2699 2700
613 2576
492 2544
2701 2530
2702 501 39 888 924
2703 1325 1931 1326 1615
1861 909 2704 2705 117 1608 1468 2505 2706 2707
2708 1811
496 1780 1781
907 579
1415 302 304
2709 2710
2711 1964 369
476 2712 256 2713
2714 2715
2716 1612 1610
2717 2718
2719 400 2720 2721
1872 2719
374 164 165 166 167
571 570 571
2722 2723 2722
2724 2725
2725 2726 2725
2727 2726 2728
2729 2726
2154 1403 2153
2730 2731 1783 1553 2732 1785 1902 2733
1233 751
2734 2735
2736 748 1537 185 773
2735 2737
2738 2739
2740 1507
2741 269
2742 1613 2743 921
332 331
85 2029 2744
2745 432 433
2746 1149
2747 383 384
1039 382 1647 2436 2747
682 1317 1318 922 1843 2034 285 383 384 1040 1320
254 1989
2748 1686 2749
2750 459 2751 1485 2752 2173 1448
2753 2754
2755 1568
575 2114
2756 2757 2114
2114 1208
1649 532 537 1520 1184 1266 1127 1267
1650 533 1798 1520 1650
2758 703
2759 2760
2107 588
2761 588
2762 2763
2764 2765 185
2766 2313
2767 55
1191 975
2768 219
2769 2534 951 1736 2770 2536 2771 954
2772 2773
195 39 40
2774 180 2775
2776 2777
2395 2336 2396
173 2778
2778 173
2351 165 357
1841 696 352 353 354 679 763 680 355 2139 356 14 2351 948 357 68 358 684
2779 2780
2781 1494 2429
2782 2783 1735 1734 907
9 1172
2450 2784
2785 1018
2786 2787
2788 78 2789 2790 2791
2792 1712
2793 2794 2795 2796 2797 2798
2797 2794 2796 2799
2800 708 1339 709 1608 2418 1916
2801 2802 295
2803 2804
2805 332
2806 2807
2808 1894
196 191 192
2062 2000
2809 361 363 365
2810 1828 1058 2811 2812
363 362 363 364 365
2813 2814 2815
2816 2817 737
2818 2819
2820 2821
2822 2820 2821
2823 2824
2825 863
2826 2825
2827 2828 2829 2611
2830 1601
2831 591 1831 2521 295
2832 2833 2186 2188
2834 1589
1651 917 1390 1513 1617 1634 918 1182 1519 2552 1183 217 2835
1785 1783
2836 907 579
2837 2838
1266 1184 1267
1902 537 1184 1266
2839 2840 966
2841 2342 2343 2163
2842 2412
2412 101
821 1418
410 407 649
2843 506
2844 276 2845
2846 2847
2848 2849
2849 2846 2847
2850 221 222 1896 2851
2852 2853
2854 2854
2855 2663
2856 2856
2857 1562
2344 427 835 2342 2000 2494 751 2858 2343 2163 2859 836 2860
2859 835 751 836
1807 1939 885
2861 601 2862 184 2863
2864 2865
2866 2867
2868 2033 2869 1486 2870 2871 295 2681 2872 2873 2874 2875 2876 2877 810 2878 2879
2880 50
2881 2881
2882 906 2735 2883
2883 2884 2737 2885
2886 2806
2887 2042 150 2412
2888 2889 2890 2891
2889 2890 2891
204 203 2892
2893 2894
1382 802
2895 2896 889 242 452 2897 1113 1504 2898 1706 464 1842 2743 2742 821 1704
2899 975
2900 2901
2902 2901
2903 2904 1370
2905 119
2906 2391 2392 2663
2907 2391 2392 2663 2906 2908
2909 2910
1346 1876 1344 2293
2733 2911
2912 2913 1254
2914 2915 1956
166 164 1819
980 107
2916 2917
2096 599
2428 1890 2918
2919 1884
1890 1892
392 861
2423 2920
2920 2422
2921 783 930 981 784 931
2922 2923 2496 2495 2924
15 156
2925 66
2926 2868
2927 2928
1289 104 105
2528 413 2528 1127
2929 1081 1742
2930 211
2931 2932
185 748 773
2933 919 1157 2220 2934 2935
2936 250 451 2937 2938 2939 251 2940 1878 2941 2942 2943 1684 115 2897 2944 1940 1683 2945 2946 2947 1746 1944 2494 1959 2948 2949 2950 2060 2149 2190 2191 2189 2576 751 2630 2631 2653 2729 2951 2113 2952 2800 2344 2859 2953 1942 2954 2307 2955 2956 2957
2934 1366 1470 1944 1484 2344 2859 2307 2955 2956 2958
2959 451 973
2935 1323 2220
1117 124
2960 2961
2378 1362 2960
2962 2963 942 2964
2965 2963 942
637 2966 637
2424 2967
1202 1265
2968 2969
2969 1048
2829 2915 2828
2863 2970 1861 1530
910 910
2971 2972 1296
2973 589 1876 1080 1344 2151 280 491 1346 2974
2974 1343 1998 1745 2666
2975 419 420 421 2976 1329
2977 2977
2978 2416
2979 2980 2113
2363 1185
2981 482 483
1253 2982
2983 1253
2697 789 790
2984 2985
2986 29 986 2986
2987 1854
2988 2639
2383 2382 998
2989 585 1855 156 1854 627 14 1459 15 2987 586 2989
2990 2991 2992 2993 2994
2994 2991 2993
2995 2996 2979 2997 2998
2998 1306 1307 1349
2999 857
3000 3001 474 3002 607 2987 3003
3004 3005 3006
938 700
2080 3007 2580 443
3008 1071
1145 881 3008 358
3009 3010
188 1353 2811 2812 790
836 835 594
2471 603
2472 603 96
96 487
3011 3012
2332 340 3013 1279 3014
97 603
3015 3016
2744 3017
1873 3018
3019 3020 3021
3022 3019 662 3020
661 3019
662 3019 3020
3020 3019 662
3023 271 3019 25
3024 887 881 358
3025 3025
3026 522 523
726 1640
3027 3028 1154
357 948
730 164
3029 3030
2707 3031
3032 3031 2707
46 1827
3033 690 2610
3034 3035
3036 3037
3038 1293
3037 1293 3038
2269 2266
3039 595 898 765 714 369 715 442 766 14 530 3040 1004
2416 2603
699 698
700 698
167 164
3041 1068
3042 1355
189 2031 186 187
3043 107 189
3044 690 691 692
1469 1021
1653 1761 883
3045 690 2263 601 692 1469 3046 3047 790
3048 764
3049 19
856 3050
1394 3051
435 2051
3052 932
375 165
3053 3053 3054 1568
3054 1568
3055 3056 3057 3058
3058 3057
3059 1554 1228
125 123 124 126
126 125
3060 3061
3062 2558
2282 2673
2918 450
3063 518
3064 3065 3066
3067 2991 2993
1078 698 679 2090 383 384 385 165 2092 699 700
3068 1170
2594 2588
301 298
2908 3069 2391 2663 2906 2908
3070 3071
3072 1722 2090 3073
3074 2090
3075 405 406
3076 429 3077
2345 3077
3078 3079
3080 3081
3082 1455
3083 3084
3084 2910
3085 3085
3086 1639 1558
2355 2354
3087 308 309
3088 3089
28 3090 2364
2812 2811
3091 2074 201 559
3092 821
3093 3094
3095 1674 1024 3096
1045 1672 1905
1094 1091 1095
1095 1091
3097 20 21
3098 285
3099 2599 2600
3100 3101
3102 3103 3104
3104 3103 3105
3106 3107 3108
1054 572 696 1317 1318 1809 1810 1843 2090 1027 285 383 384 385 14 1039 575 2756 579 586 1053 1055 2093
2425 2424
3109 3110
3111 3112
3113 2953
2008 2007 445
3114 3115 3116
2611 2523 3117
3118 657 2970 2870 2255 1355 3117 607 3119 2811 2812 2611 3118 3120 2894 2879
3120 1353 1021 1352 1354 775 2863 188 3045 2811 2812 790
3121 3121
3122 3123
3123 3123
3124 1478 460 1479 3082 1448
3125 3126 331 332 333
3127 3126
3128 71 72 73 619 1084 1379 1671 2189 870 1381 620
3129 922
3130 1448
3131 3130 3132
3132 3051
1105 3133 900 902 1376 901 1716
3134 495 3134
3135 2091
2134 3136
3137 1778
3138 3139
3140 3141 864 866
864 3142
3143 3144
3145 3146
3147 1233 450
3148 2375 2376
3149 205
68 948 1547
719 356
3150 3150
2316 3151
3152 2316
3153 1127
3073 3154
3155 1730 96
3156 388
3157 2879
1186 1510 1511 1512 1514 1523 1187
1187 1623 1637
3158 1196
3159 3160
3161 2807 3162 183 184 2899 186
3163 618
1055 3164 382 2747 2093
376 376
707 3165 1106 706 2075 376
3166 3167
3167 3168
3169 530
3170 3171
3171 3172
3173 1137
3174 1002
3175 3171
3176 68
3177 777 778 1000 3177
3178 3179
3180 2680
3181 2276
3182 115 1601 1600 2381 1441
3183 2869 3184
3185 115 2840 119
3186 261
3187 247 248
2283 3188
3189 3190
2760 3190
3191 3192
1615 3193
3193 2416
3194 3195
3196 99 1316 1033 467 468 2772
3197 3198 3199 2408 3200
728 2371
3201 3202
3203 1940 1746 618
3204 307 1940 3203 618
3205 3203
3206 2631
3207 2551
3046 3047
3047 1469 790
3208 790
790 1021
3209 577
577 3210
2364 3090 1520
286 761
1934 968 1932
3211 3212
1383 1378
656 883 33
3213 3214
1862 3215 3216
1364 151
220 3217 607
3218 962
3219 3220
3221 4 1588
11 2473 2650
3222 1950
3223 3224
1088 344 347 2778
245 1214
3225 2931
3226 3226
3227 2739
3228 3229 3230
3231 3232 3233
3229 3230
3234 2757 1646
3235 927 389 391
3236 3237 108 3238 2320
3239 3240
3241 951 3242
3243 3242
3244 780
2548 2547
3245 105
3246 966
3247 3248 3249
3250 3248
3249 1628 3248
2954 2942
3251 3112
3252 3253 3112
1370 801 802
3254 3255
1291 3256 2161 2160 3257
3258 1804 603
2040 3259 3260 3261
3262 3263
3264 3265
174 905 875 172
3266 1647 3267
3267 223 1588
2397 3268
3269 140 141 553
3270 3271
3272 3200
3273 2853 3274
3275 3276
1616 1611
3277 2565 3130
3278 3279
249 532 537
3280 532 537
834 833
3281 3282 932 3283 1982 1905
3284 3285
1829 58 1105
3286 3287
1917 3288 2897 1909 613 3289 1916 2307
2307 909 3290
3291 1472
1472 1328
3292 3056 3057 3055 3058
2958 1104 1484 2305 1105
2417 576 663 2306 1910 710 3293 1196 613 2418 1916 3209 3226 2307 2309
556 3294
2877 352 2352
358 948
810 809 3295
348 599 413
3296 3296
3297 3298
2010 2009
3299 3290
3300 3301
3302 3303
3040 595 766
1320 1317
3304 778
2878 2879
2851 953 906 2850
3003 2987
2093 948
3305 3306
2347 2544 3290
2309 1916
2957 492 2544 2347
3307 3308 3309
3310 3311
2284 344 598 345 346 599 2284 964
963 342 344 598 345 346 961 1088 348 2284 964
964 598 1088 2284 964
3312 3313
3314 1618 858 1154
1705 2840 921
3315 1618 687 1032 1964 532 1513 536 1049 1050 537 1976 668 579 1094 2287
3316 531 795 1964 536 1963 787 261 2287
684 165
1781 3317
1004 2626
3318 1780 1779 1781
611 610 611
3319 3320
3321 3115 3317 1780 1781
3322 3323
480 3324
740 738 739
3325 266
2879 3326