513 1 770 775 648 519 10 527 528 21 279 408 537 542 414 416 161 415 35 292 36 424 296 170 171 554 558 688 561 50 307 52 433 186 700 574 63 448 67 451 710 584 713 202 77 335 79 720 466 593 212 725 596 340 598 346 347 733 352 504 363 364 236 626 244 116 120 765 638 767 
643 100 229 43 80 179 246 56 377 155 348 
0 520 521 11 523 13 526 530 533 23 536 26 539 543 545 548 549 552 40 555 557 47 560 563 55 58 59 575 576 73 590 592 82 599 88 604 93 606 613 614 615 106 618 620 111 625 627 630 119 633 634 121 124 126 640 641 644 134 649 138 650 652 651 137 659 666 669 673 674 169 174 686 181 698 187 699 701 190 704 705 706 707 709 711 714 205 721 211 219 732 731 735 225 740 745 750 751 238 757 245 760 249 766 771 774 777 789 281 282 284 310 315 318 321 334 336 337 350 356 358 361 362 366 381 384 385 387 392 395 397 404 406 417 423 426 429 436 449 450 454 457 459 460 461 463 464 469 481 495 496 498 500 502 
128 33 
776 780 782 271 784 149 681 46 692 309 183 441 61 320 325 199 724 470 730 351 483 108 623 755 756 376 763 508 510 
779 145 541 680 299 177 565 182 572 200 76 600 737 103 743 237 112 242 628 122 
280 357 328 267 505 722 146 53 373 278 342 409 
4 518 7 522 14 25 538 540 547 550 41 54 57 570 62 70 587 84 87 601 91 605 607 608 98 617 109 113 629 632 121 136 142 660 665 157 676 166 679 172 691 184 185 712 207 719 723 213 222 734 739 747 749 758 761 764 259 773 263 266 277 295 300 329 341 372 378 389 394 396 413 422 434 440 455 473 484 486 490 494 501 506 511 
512 515 516 6 16 17 529 27 29 32 39 556 562 566 573 66 69 581 74 75 591 594 597 92 610 611 101 616 105 631 121 125 131 132 645 655 143 144 658 153 154 159 672 160 163 167 682 683 684 685 689 694 696 697 188 189 703 196 198 201 715 210 215 727 729 728 220 226 227 239 248 761 762 268 786 787 286 303 313 316 343 344 354 356 360 365 369 403 419 435 444 445 447 458 468 482 488 507 
129 140 399 275 532 531 551 567 569 708 453 72 203 726 471 603 480 491 624 117 247 
208 524 260 
736 353 38 327 678 233 9 778 42 175 671 304 662 664 667 636 317 223 
681 418 324 
407 356 619 428 302 752 661 759 24 
2 514 3 5 517 8 12 525 15 18 19 20 22 535 534 28 544 33 546 34 37 553 44 45 49 564 571 65 578 579 68 577 582 71 583 585 580 588 589 78 81 595 83 85 86 89 602 90 94 95 96 97 609 99 102 104 107 110 622 114 118 123 637 127 639 130 646 647 135 139 653 654 141 656 657 147 148 150 151 156 668 670 162 677 168 173 687 176 178 180 693 702 191 192 193 194 195 204 716 717 206 718 209 214 216 217 221 224 738 228 741 742 231 232 744 746 234 748 235 240 753 754 243 241 250 251 252 253 254 255 256 769 257 258 772 768 262 261 264 265 269 270 783 272 273 785 274 276 788 790 791 285 288 289 290 291 293 297 298 301 305 306 308 311 312 314 319 323 326 330 331 332 333 338 339 345 781 349 355 359 367 368 370 371 374 375 379 382 386 388 390 391 393 398 400 401 402 405 410 411 420 425 427 431 432 437 439 442 443 446 452 456 462 465 467 472 478 479 485 487 489 492 493 503 509 
675 294 230 430 690 663 218 475 412 477 
421 133 497 401 115 30 635 476 158 383 
