0 2
1 0
2 14
3 14
4 7
5 14
6 8
7 7
8 14
9 11
10 0
11 2
12 14
13 2
14 7
15 14
16 8
17 8
18 14
19 14
20 14
21 0
22 14
23 2
24 13
25 7
26 2
27 8
28 14
29 8
30 16
31 -1
32 8
33 14
34 14
35 0
36 0
37 14
38 11
39 8
40 2
41 7
42 11
43 1
44 14
45 14
46 4
47 2
48 -1
49 14
50 0
51 -1
52 0
53 6
54 7
55 2
56 1
57 7
58 2
59 2
60 -1
61 4
62 7
63 0
64 -1
65 14
66 8
67 0
68 14
69 8
70 7
71 14
72 9
73 2
74 8
75 8
76 5
77 0
78 14
79 0
80 1
81 14
82 2
83 14
84 7
85 14
86 14
87 7
88 2
89 14
90 14
91 7
92 8
93 2
94 14
95 14
96 14
97 14
98 7
99 14
100 1
101 8
102 14
103 5
104 14
105 8
106 2
107 14
108 4
109 7
110 14
111 2
112 5
113 7
114 14
115 16
116 0
117 9
118 14
119 2
120 0
121 8
122 5
123 14
124 2
125 8
126 2
127 14
128 3
129 9
130 14
131 8
132 8
133 16
134 2
135 14
136 7
137 2
138 2
139 14
140 9
141 14
142 7
143 8
144 8
145 5
146 6
147 14
148 14
149 4
150 14
151 14
152 -1
153 8
154 8
155 1
156 14
157 7
158 16
159 8
160 8
161 0
162 14
163 8
164 -1
165 -1
166 7
167 8
168 14
169 2
170 0
171 0
172 7
173 14
174 2
175 11
176 14
177 5
178 14
179 1
180 14
181 2
182 5
183 4
184 7
185 7
186 0
187 2
188 8
189 8
190 2
191 14
192 14
193 14
194 14
195 14
196 8
197 -1
198 8
199 4
200 5
201 8
202 0
203 9
204 14
205 2
206 14
207 7
208 10
209 14
210 8
211 2
212 0
213 7
214 14
215 8
216 14
217 14
218 15
219 2
220 8
221 14
222 7
223 11
224 14
225 2
226 8
227 8
228 14
229 1
230 15
231 14
232 14
233 11
234 14
235 14
236 0
237 5
238 2
239 8
240 14
241 14
242 5
243 14
244 0
245 2
246 1
247 9
248 8
249 2
250 14
251 14
252 14
253 14
254 14
255 14
256 14
257 14
258 14
259 7
260 10
261 14
262 14
263 7
264 14
265 14
266 7
267 6
268 8
269 14
270 14
271 4
272 14
273 14
274 14
275 9
276 14
277 7
278 6
279 0
280 6
281 2
282 2
283 -1
284 2
285 14
286 8
287 -1
288 14
289 14
290 14
291 14
292 0
293 14
294 15
295 7
296 0
297 14
298 14
299 5
300 7
301 14
302 13
303 8
304 11
305 14
306 14
307 0
308 14
309 4
310 2
311 14
312 14
313 8
314 14
315 2
316 8
317 11
318 2
319 14
320 4
321 2
322 -1
323 14
324 12
325 4
326 14
327 11
328 6
329 7
330 14
331 14
332 14
333 14
334 2
335 0
336 2
337 2
338 14
339 14
340 0
341 7
342 6
343 8
344 8
345 14
346 0
347 0
348 1
349 14
350 2
351 4
352 0
353 11
354 8
355 14
356 13
357 6
358 2
359 14
360 8
361 2
362 2
363 0
364 0
365 8
366 2
367 14
368 14
369 8
370 14
371 14
372 7
373 6
374 14
375 14
376 4
377 1
378 7
379 14
380 -1
381 2
382 14
383 16
384 2
385 2
386 14
387 2
388 14
389 7
390 14
391 14
392 2
393 14
394 7
395 2
396 7
397 2
398 14
399 9
400 14
401 16
402 14
403 8
404 2
405 14
406 2
407 13
408 0
409 6
410 14
411 14
412 15
413 7
414 0
415 0
416 0
417 2
418 12
419 8
420 14
421 16
422 7
423 2
424 0
425 14
426 2
427 14
428 13
429 2
430 15
431 14
432 14
433 0
434 7
435 8
436 2
437 14
438 -1
439 14
440 7
441 4
442 14
443 14
444 8
445 8
446 14
447 8
448 0
449 2
450 2
451 0
452 14
453 9
454 2
455 7
456 14
457 2
458 8
459 2
460 2
461 2
462 14
463 2
464 2
465 14
466 0
467 14
468 8
469 2
470 4
471 9
472 14
473 7
474 -1
475 15
476 16
477 15
478 14
479 14
480 9
481 2
482 8
483 4
484 7
485 14
486 7
487 14
488 8
489 14
490 7
491 9
492 14
493 14
494 7
495 2
496 2
497 16
498 2
499 -1
500 2
501 7
502 2
503 14
504 0
505 6
506 7
507 8
508 4
509 14
510 4
511 7
512 8
513 0
514 14
515 8
516 8
517 14
518 7
519 0
520 2
521 2
522 7
523 2
524 10
525 14
526 2
527 0
528 0
529 8
530 2
531 9
532 9
533 2
534 14
535 14
536 2
537 0
538 7
539 2
540 7
541 5
542 0
543 2
544 14
545 2
546 14
547 7
548 2
549 2
550 7
551 9
552 2
553 14
554 0
555 2
556 8
557 2
558 0
559 -1
560 2
561 0
562 8
563 2
564 14
565 5
566 8
567 9
568 -1
569 9
570 7
571 14
572 5
573 8
574 0
575 2
576 2
577 14
578 14
579 14
580 14
581 8
582 14
583 14
584 0
585 14
586 -1
587 7
588 14
589 14
590 2
591 8
592 2
593 0
594 8
595 14
596 0
597 8
598 0
599 2
600 5
601 7
602 14
603 9
604 2
605 7
606 2
607 7
608 7
609 14
610 8
611 8
612 -1
613 2
614 2
615 2
616 8
617 7
618 2
619 13
620 2
621 -1
622 14
623 4
624 9
625 2
626 0
627 2
628 5
629 7
630 2
631 8
632 7
633 2
634 2
635 16
636 11
637 14
638 0
639 14
640 2
641 2
642 -1
643 1
644 2
645 8
646 14
647 14
648 0
649 2
650 2
651 2
652 2
653 14
654 14
655 8
656 14
657 14
658 8
659 2
660 7
661 13
662 11
663 15
664 11
665 7
666 2
667 11
668 14
669 2
670 14
671 11
672 8
673 2
674 2
675 15
676 7
677 14
678 11
679 7
680 5
681 12
682 8
683 8
684 8
685 8
686 2
687 14
688 0
689 8
690 15
691 7
692 4
693 14
694 8
695 -1
696 8
697 8
698 2
699 2
700 0
701 2
702 14
703 8
704 2
705 2
706 2
707 2
708 9
709 2
710 0
711 2
712 7
713 0
714 2
715 8
716 14
717 14
718 14
719 7
720 0
721 2
722 6
723 7
724 4
725 0
726 9
727 8
728 8
729 8
730 4
731 2
732 2
733 0
734 7
735 2
736 11
737 5
738 14
739 7
740 2
741 14
742 14
743 5
744 14
745 2
746 14
747 7
748 14
749 7
750 2
751 2
752 13
753 14
754 14
755 4
756 4
757 2
758 7
759 13
760 2
761 8
762 8
763 4
764 7
765 0
766 2
767 0
768 14
769 14
770 0
771 2
772 14
773 7
774 2
775 0
776 4
777 2
778 11
779 5
780 4
781 14
782 4
783 14
784 4
785 14
786 8
787 8
788 14
789 2
790 14
791 14
