2661	0
2662	1
2663	2
2664	3
2665	4
2666	5
2667	6
2668	7
2669	8
2670	9
2671	10
2672	11
2673	12
2674	13
2675	14
2676	15
2677	16
2678	17
2679	18
2680	19
2681	20
2682	21
2683	22
2684	23
2685	24
2686	25
2687	26
2688	27
2689	28
2690	29
2691	30
2692	31
2693	32
2694	33
2695	34
2696	35
2697	36
2698	37
2699	38
2700	39
2701	40
2702	41
2703	42
2704	43
2705	44
2706	45
2707	46
2708	47
2709	48
2710	49
2711	50
2712	51
2713	52
2714	53
2715	54
2716	55
2717	56
2718	57
2719	58
2720	59
2721	60
2722	61
2723	62
2724	63
2725	64
2726	65
2727	66
2728	67
2729	68
990	69
2730	70
2731	71
2732	72
2733	73
2734	74
2735	75
2736	76
2737	77
2738	78
2739	79
2740	80
2741	81
2742	82
2743	83
2744	84
2745	85
2746	86
2747	87
2748	88
2749	89
2750	90
2751	91
2752	92
2753	93
2754	94
2755	95
2756	96
2757	97
2758	98
2759	99
58	100
2760	101
2761	102
2762	103
2763	104
2764	105
2765	106
2766	107
2767	108
2768	109
2769	110
2770	111
2771	112
2772	113
2773	114
2774	115
2775	116
2776	117
2777	118
2778	119
2779	120
2780	121
2781	122
2782	123
2783	124
2784	125
2785	126
2786	127
2787	128
2788	129
2789	130
2790	131
2791	132
2792	133
2793	134
2794	135
2795	136
2796	137
2797	138
2798	139
2799	140
2800	141
2801	142
2802	143
2803	144
2804	145
2805	146
2806	147
2807	148
2808	149
2809	150
2810	151
2811	152
2812	153
2813	154
2814	155
2815	156
2816	157
2817	158
2818	159
2819	160
2820	161
2821	162
2822	163
2823	164
2824	165
2825	166
2826	167
2827	168
2828	169
2829	170
2830	171
2831	172
2832	173
2833	174
2834	175
2835	176
2836	177
2837	178
2838	179
2839	180
2840	181
2841	182
2842	183
2843	184
2844	185
2845	186
2846	187
2847	188
2848	189
2849	190
2850	191
2851	192
2852	193
2853	194
2854	195
1419	196
2855	197
2856	198
2857	199
2858	200
2859	201
2860	202
2861	203
2862	204
2863	205
2864	206
2865	207
2866	208
2867	209
2868	210
2869	211
2870	212
2871	213
2872	214
107	215
2873	216
2874	217
1171	218
2875	219
2876	220
2877	221
2878	222
2879	223
2880	224
2881	225
2882	226
2883	227
2884	228
2885	229
2886	230
2887	231
2888	232
2889	233
2890	234
2891	235
2892	236
2893	237
2894	238
2895	239
2896	240
2897	241
2898	242
2899	243
2900	244
2901	245
860	246
2902	247
2903	248
2904	249
2905	250
2906	251
2907	252
2908	253
2909	254
2910	255
2911	256
2912	257
2913	258
2914	259
2915	260
2916	261
2917	262
2918	263
2919	264
2920	265
2921	266
2922	267
2923	268
2924	269
2925	270
2926	271
2927	272
2928	273
2929	274
2930	275
2931	276
2932	277
2933	278
2934	279
2935	280
2936	281
2937	282
2938	283
2939	284
2940	285
2941	286
2942	287
2943	288
2944	289
2945	290
2946	291
2947	292
2948	293
2949	294
2950	295
2951	296
2952	297
2953	298
2954	299
2955	300
2956	301
2957	302
2958	303
2959	304
2960	305
2961	306
2962	307
2963	308
2964	309
2965	310
2966	311
2967	312
2968	313
2969	314
2970	315
2971	316
2972	317
2973	318
2974	319
2975	320
2976	321
2977	322
2978	323
2979	324
2980	325
2981	326
2982	327
2983	328
2984	329
2985	330
2986	331
2987	332
2988	333
2989	334
2990	335
2991	336
2992	337
2993	338
2994	339
2995	340
2996	341
2997	342
2998	343
2999	344
3000	345
3001	346
3002	347
3003	348
3004	349
3005	350
3006	351
3007	352
3008	353
3009	354
3010	355
3011	356
3012	357
3013	358
3014	359
3015	360
3016	361
3017	362
3018	363
3019	364
3020	365
3021	366
3022	367
3023	368
3024	369
3025	370
3026	371
3027	372
3028	373
3029	374
3030	375
3031	376
171	377
3032	378
3033	379
3034	380
3035	381
3036	382
3037	383
3038	384
3039	385
3040	386
3041	387
3042	388
3043	389
3044	390
3045	391
3046	392
3047	393
3048	394
3049	395
3050	396
3051	397
3052	398
3053	399
3054	400
3055	401
3056	402
3057	403
3058	404
3059	405
3060	406
3061	407
3062	408
3063	409
3064	410
3065	411
3066	412
3067	413
3068	414
3069	415
1405	416
3070	417
3071	418
3072	419
3073	420
3074	421
3075	422
3076	423
3077	424
3078	425
3079	426
3080	427
3081	428
3082	429
3083	430
3084	431
3085	432
3086	433
3087	434
3088	435
3089	436
3090	437
3091	438
3092	439
3093	440
3094	441
3095	442
3096	443
3097	444
1450	445
3098	446
3099	447
3100	448
3101	449
3102	450
3103	451
3104	452
3105	453
3106	454
3107	455
3108	456
3109	457
3110	458
3111	459
3112	460
3113	461
3114	462
3115	463
3116	464
3117	465
3118	466
3119	467
1656	468
3120	469
3121	470
3122	471
3123	472
3124	473
3125	474
3126	475
3127	476
3128	477
3129	478
3130	479
3131	480
3132	481
1505	482
3133	483
3134	484
3135	485
3136	486
3137	487
3138	488
3139	489
3140	490
3141	491
3142	492
3143	493
3144	494
3145	495
3146	496
3147	497
3148	498
3149	499
3150	500
3151	501
3152	502
3153	503
3154	504
3155	505
3156	506
1534	507
3157	508
3158	509
3159	510
3160	511
3161	512
3162	513
3163	514
3164	515
3165	516
3166	517
3167	518
3168	519
3169	520
3170	521
3171	522
3172	523
3173	524
3174	525
3175	526
3176	527
3177	528
3178	529
3179	530
3180	531
3181	532
3182	533
3183	534
3184	535
3185	536
3186	537
3187	538
3188	539
3189	540
3190	541
3191	542
3192	543
3193	544
3194	545
3195	546
3196	547
3197	548
3198	549
3199	550
3200	551
3201	552
3202	553
3203	554
3204	555
3205	556
3206	557
3207	558
3208	559
3209	560
3210	561
3211	562
3212	563
3213	564
3214	565
3215	566
3216	567
3217	568
3218	569
3219	570
3220	571
3221	572
3222	573
3223	574
3224	575
3225	576
3226	577
3227	578
3228	579
3229	580
3230	581
3231	582
3232	583
3233	584
3234	585
3235	586
3236	587
3237	588
3238	589
3239	590
1642	591
3240	592
3241	593
3242	594
3243	595
3244	596
3245	597
3246	598
3247	599
3248	600
3249	601
3250	602
3251	603
3252	604
3253	605
3254	606
3255	607
3256	608
3257	609
1666	610
3258	611
3259	612
3260	613
3261	614
3262	615
3263	616
3264	617
3265	618
3266	619
3267	620
3268	621
3269	622
3270	623
3271	624
3272	625
3273	626
3274	627
3275	628
3276	629
3277	630
3278	631
3279	632
3280	633
3281	634
3282	635
3283	636
3284	637
3285	638
3286	639
3287	640
3288	641
3289	642
3290	643
3291	644
3292	645
3293	646
3294	647
3295	648
3296	649
3297	650
3298	651
3299	652
3300	653
3301	654
3302	655
3303	656
3304	657
3305	658
3306	659
3307	660
3308	661
3309	662
3310	663
3311	664
3312	665
3313	666
3314	667
3315	668
3316	669
3317	670
3318	671
3319	672
3320	673
3321	674
3322	675
3323	676
3324	677
3325	678
3326	679
3327	680
3328	681
3329	682
3330	683
1758	684
3331	685
3332	686
3333	687
3334	688
3335	689
3336	690
3337	691
3338	692
3339	693
3340	694
3341	695
3342	696
3343	697
3344	698
3345	699
3346	700
3347	701
3348	702
3349	703
3350	704
3351	705
3352	706
3353	707
3354	708
3355	709
3356	710
3357	711
3358	712
3359	713
3360	714
3361	715
3362	716
3363	717
3364	718
3365	719
3366	720
3367	721
3368	722
3369	723
3370	724
3371	725
3372	726
3373	727
3374	728
3375	729
3376	730
3377	731
3378	732
3379	733
3380	734
3381	735
3382	736
3383	737
3384	738
3385	739
3386	740
3387	741
3388	742
3389	743
3390	744
3391	745
3392	746
3393	747
3394	748
3395	749
3396	750
3397	751
3398	752
3399	753
3400	754
3401	755
3402	756
3403	757
3404	758
3405	759
3406	760
1726	761
3407	762
3408	763
3409	764
3410	765
3411	766
3412	767
3413	768
3414	769
3415	770
3416	771
3417	772
3418	773
3419	774
3420	775
3421	776
3422	777
3423	778
3424	779
3425	780
3426	781
3427	782
3428	783
3429	784
3430	785
3431	786
3432	787
3433	788
3434	789
3435	790
3436	791
