16 433 440 466 488 751 812 827 831 875 946 1119 1130 1178 1213 1313 1454 1530 1542 1564 1597 1842 1895 1911 1915 1921 2078 2121 2251 2315 2363 2423 2514 2617 2620 2624 2632 2718 2728 2735 2748 2811 2953
459 568 678 695 854 948 1100 1357 1651 1956 1982
91 167 346 748 934 937 994 1006 1092 1132 1239 1379 1413 1435 1463 1540 1640 1733 1818 1840 1885 1936 1944 2014 2057 2073 2192 2245 2289 2436 2441 2461 2474 2543 2629 2656 2820 2867 2882 2894 2988
2 217 243 342 345 386 392 394 406 439 460 473 534 539 546 554 661 675 733 736 768 772 819 839 883 893 926 1054 1066 1070 1101 1143 1156 1190 1196 1207 1228 1250 1305 1318 1346 1397 1402 1453 1473 1513 1588 1620 1680 1690 1717 1784 1807 1828 1863 1923 1962 2000 2027 2065 2077 2111 2210 2281 2329 2374 2394 2417 2459 2500 2513 2551 2562 2626 2633 2643 2647 2653 2658 2663 2667 2673 2687 2705 2724 2783 2792 2822 2854 2859 2895 2959 2977 2999
142 336 377 424 587 638 808 811 876 978 1047 1118 1220 1309 1314 1316 1423 1490 1492 1672 1771 1868 1928 1933 1990 2128 2164 2295 2321 2336 2518 2522 2571 2597 2804 2893 2996 2998
31 67 152 182 194 250 382 524 533 589 610 697 723 924 936 976 1080 1139 1205 1246 1268 1323 1380 1447 1470 1503 1696 1721 1756 1781 2060 2171 2205 2239 2404 2419 2520 2534 2865 2900 2905
107 127 351 586 603 626 672 727 807 842 1072 1089 1120 1201 1266 1300 1331 1446 1590 1913 1940 2019 2314 2348 2409 2637 2716 2723 2790
100 163 322 337 694 801 809 1141 1174 1231 1326 1408 1425 1821 2080 2444
62 65 128 145 153 166 175 352 614 619 627 676 699 704 708 757 792 862 941 1021 1036 1043 1292 1327 1521 1559 1673 1675 1753 1875 1995 2030 2175 2287 2364 2435 2527 2813 2846 2877 2980
76 168 289 519 606 1022 1059 1147 1287 1362 1394 1409 1461 1573 1582 1592 1814 1869 1981 1988 2264 2288 2399 2448 2471 2477 2601 2875 2983
138 183 220 335 410 596 651 886 914 929 1227 1247 1307 1369 1422 1475 1484 1551 1645 1648 1877 1929 1931 1943 1996 2036 2059 2081 2176 2204 2234 2331 2425 2472 2515 2516 2582 2758 2828 2951 2957 2989
55 190 221 266 271 312 432 448 518 545 552 645 673 692 749 873 879 917 960 969 1060 1067 1197 1202 1210 1224 1298 1321 1342 1449 1723 1762 1785 1797 1804 1910 1924 1979 2010 2040 2058 2132 2155 2163 2345 2454 2467 2579 2600 2646 2670 2680 2686 2704 2739 2803 2814 2841 2886 2916 2918 2939
253 358 384 461 669 711 712 800 823 867 920 923 1259 1317 1381 1560 1565 1991 2035 2283 2421 2488 2555 2605 2614 2628 2731 2744 2771
170 189 285 290 396 413 489 521 594 663 796 868 975 1000 1094 1117 1173 1236 1238 1312 1545 1823 1984 2023 2026 2445 2615 2688 2896 2960
7 53 140 149 208 256 399 400 409 474 502 514 562 564 608 763 773 916 997 999 1083 1105 1136 1157 1158 1253 1273 1311 1338 1351 1355 1370 1450 1611 1635 1682 1737 1764 1780 1856 1857 1907 1954 2063 2165 2226 2308 2310 2341 2410 2442 2457 2475 2489 2525 2587 2593 2651 2708 2746 2769 2795 2809 2870 2884 2890 2908 2917 2935 2949 2991
0 181 193 479 561 668 900 970 1214 1281 1514 1668 2202
6 94 198 226 305 372 375 495 962 974 1341 1747 1829 2174 2269 2414
68 135 274 354 463 806 1168 1315 1466 1772
57 130 192 199 319 373 379 497 512 529 538 550 605 635 654 687 783 791 814 817 898 911 921 928 930 1005 1052 1068 1074 1090 1166 1179 1198 1229 1244 1285 1289 1349 1403 1419 1480 1524 1528 1539 1593 1621 1657 1694 1795 1860 1864 1941 1974 1985 1986 2015 2031 2033 2048 2052 2055 2075 2088 2122 2141 2142 2194 2223 2254 2316 2343 2370 2375 2376 2383 2422 2430 2447 2462 2495 2517 2530 2684 2692 2733 2849 2858 2903 2997
225 428 742 1016 1098 1150 1241 1255 1434 1569
34 307 483 656 832 985 989 1185 1254 1288 1510 1523 1628 1652 1977 2186 2220 2415 2725
13 28 35 40 144 157 242 275 286 360 363 548 691 735 889 913 972 1078 1079 1095 1116 1129 1138 1152 1170 1275 1372 1438 1502 1532 1570 1584 1595 1670 1719 1729 1766 1778 1886 1890 1945 1967 2032 2101 2119 2138 2244 2298 2302 2433 2468 2573 2604 2695 2707 2741 2768 2857 2928 2940 2943 2968 2973
202 348 570 649 698 901 1114 1184 1329 1770 1897 1972 2044 2050 2056 2134 2252 2279 2311 2492 2497 2506 2548 2722 2797 2844 2924 2937
134 200 713 714 1396 1416 1587 1610 1612 1711
70 82 116 281 492 498 776 789 919 1004 1023 1056 1103 1115 1128 1242 1335 1336 1391 1421 1489 1516 1543 1556 1664 1689 1782 1786 1904 1934 1947 1965 2473 2494 2577 2589 2760 2787 2834 2950
311 419 556 658 1075 1589 2038 2082 2168 2195 2209 2217 2238 2272 2300 2456
129 282 331 349 357 536 643 650 726 729 781 1359 1368 1697 1726 1796 1852 2152 2160 2218 2284 2312 2401 2685 2800 2824 2965
114 133 171 185 205 255 303 318 405 416 531 615 641 666 767 820 834 836 885 887 939 1034 1084 1134 1161 1195 1260 1299 1706 1883 1959 2042 2068 2110 2178 2183 2227 2258 2347 2402 2519 2521 2547 2678 2717 2810 2985
30 54 120 212 251 314 376 414 486 1426 1896 2018 2069 2241 2464 2622 2754 2782 2794 2887 2889 2969
234 279 294 297 328 481 642 647 655 794 828 844 845 871 927 944 993 1013 1027 1194 1352 1356 1474 1563 1583 1622 1634 1676 1725 1763 1768 1880 1893 1983 2005 2180 2229 2250 2290 2352 2479 2606 2640 2706 2831 2848 2901 2927 2967
77 475 496 964 1037 1122 1163 1175 1187 1206
333 381 456 574 802 1085 1102 1531 1617 1808 1998 2140 2177 2214
37 110 203 245 254 291 302 309 324 504 506 510 598 607 754 774 979 1038 1159 1258 1366 1407 1411 1424 1462 1596 1731 1831 1850 2071 2147 2148 2193 2266 2307 2318 2386 2418 2452 2791 2868 2961
12 15 122 141 151 246 263 325 327 343 527 555 572 620 634 664 822 835 847 850 912 1063 1087 1107 1110 1144 1233 1234 1249 1278 1283 1308 1386 1414 1476 1508 1547 1566 1636 1695 1718 1744 1845 1849 1918 1951 2020 2024 2061 2085 2086 2170 2182 2236 2384 2446 2449 2535 2644 2649 2654 2668 2702 2713 2742 2778 2805 2842 2845 2851 2899 2904 2915 2962 2966
5 393 437 810 857 957 1133 1209 1267 1269 1459 1527 1555 1638 1835 1930 2528
172 211 340 671 797 888 1112 1131 1395 1515 1724 1920
8 46 87 112 176 229 264 316 369 571 585 597 601 710 730 826 869 1096 1155 1264 1272 1485 1500 1536 1581 1637 1693 1710 1752 1792 1801 1820 1908 1916 2047 2070 2188 2191 2196 2201 2233 2242 2292 2372 2408 2537 2549 2611 2773 2817 2878 2990
95 578 837 881 1176 1295 1310 1496 1660 1805 1973 2149
126 230 471 1010 1257 1354 1358 1520 1538 1623 1903 2046
72 121 232 262 332 366 426 454 484 485 577 688 1126 1172 1544 1759 1960 1966 1976 2009 2243 2277 2437 2443 2501 2662 2714 2812
4 21 64 109 154 165 179 206 207 227 257 258 273 329 356 404 411 422 467 480 559 575 580 604 636 702 716 722 759 761 856 872 906 982 1008 1035 1040 1046 1051 1145 1211 1252 1256 1270 1282 1334 1340 1350 1399 1444 1477 1491 1497 1511 1512 1618 1698 1699 1700 1701 1738 1760 1810 1816 1843 1898 2028 2104 2112 2123 2154 2159 2231 2240 2256 2261 2297 2320 2323 2334 2426 2458 2465 2485 2524 2554 2567 2584 2691 2721 2737 2755 2802 2855 2897 2948 2975
69 93 123 139 155 231 267 283 306 310 338 401 402 425 449 526 725 918 953 1012 1181 1215 1261 1319 1378 1388 1400 1458 1472 1504 1643 1708 1714 1824 1901 1927 2037 2043 2099 2145 2150 2263 2304 2355 2377 2486 2499 2595 2603 2675 2677 2710 2720 2736 2808 2819 2913 2974 2995
25 38 74 88 97 103 361 482 528 740 816 1069 1099 1113 1364 1384 1456 1479 1488 1506 1585 1669 1704 2389 2591 2696 2726 2759 2840 2891 2938 2952 2970
161 787 931 988 1125 1427 1525 1742 1779 1867
124 158 222 435 478 609 640 670 769 870 1707
106 323 355 633 795 829 1464 1600 1644 1662 2095 2309 2369 2460 2550 2569 2588 2676 2738
20 398 622 662 804 1221 1240 1389 1641 1703 1992
23 29 52 213 298 364 383 457 549 583 599 665 681 737 824 863 909 1076 1167 1169 1642 1683 1687 1741 1836 1854 1870 1888 1892 1970 1993 2034 2135 2139 2181 2206 2235 2303 2342 2440 2470 2545 2613 2652 2732 2765 2766 2825 2885 2914 2933 2964
66 78 79 80 99 261 277 284 292 301 359 427 477 500 517 566 644 667 680 690 700 743 747 778 799 849 874 955 1042 1111 1123 1208 1363 1443 1507 1535 1552 1575 1604 1646 1754 1765 1853 1939 1989 2013 2051 2113 2291 2385 2431 2512 2552 2612 2661 2729 2774 2788 2816 2832 2837 2869 2873 2942 2954
380 721 861 1011 1039 1296 1493 1518 1751 1878 1975 2002 2157
58 150 334 389 503 720 760 940 971 1018 1121 1189 1219 1325 1332 1633 1677 1776 1809 1822 1999 2072 2097 2187 2411 2570 2657 2876
42 81 90 215 247 252 280 339 415 595 686 701 709 907 910 977 1055 1154 1199 1204 1222 1343 1348 1440 1469 1574 1594 1602 1666 1755 1775 1798 1879 1889 2006 2083 2166 2207 2282 2361 2484 2509 2648 2683 2697 2847 2947 2956 2992
218 317 657 719 859 866 952 1106 1405 1420 2017 2076
41 434 516 632 843 1009 1237 1324 1825 1832 1978
237 368 443 532 855 903 1226 1626 1658 1736 1769 2225 2230 2338 2432 2438 2491 2563 2690 2750 2850 2987
59 84 96 104 259 378 431 453 469 573 576 616 621 625 637 659 693 715 744 750 851 884 915 933 954 958 965 1044 1263 1265 1404 1433 1537 1553 1614 1632 1705 1709 1761 1788 1799 1812 1817 1848 1855 1873 1958 2016 2084 2115 2259 2260 2286 2319 2357 2482 2483 2538 2542 2546 2568 2608 2616 2659 2669 2682 2815 2852 2976
240 330 470 569 785 877 1007 1058 1065 1093 1232 1373 1401 1712 1800 1826 1861 1987 2045 2215 2268 2280 2335 2556 2784 2826 2932 2936
304 390 613 878 983 1601 1605 1606 1938 2025 2054 2179 2208 2371
105 407 464 683 684 896 935 961 1137 1431
50 63 136 178 238 241 395 403 442 465 505 520 530 724 764 765 786 841 860 987 1109 1135 1192 1193 1216 1230 1306 1375 1406 1415 1441 1467 1486 1501 1550 1591 1616 1627 1691 1773 1777 1789 1846 1871 1872 1881 1942 1952 2067 2153 2172 2173 2198 2199 2203 2221 2274 2327 2388 2403 2407 2463 2493 2508 2510 2599 2602 2631 2636 2650 2660 2740 2743 2745 2775 2777 2779 2907 2958
132 148 156 159 367 588 853 1024 1029 1481 1681 1997 2049 2197
174 177 270 287 451 472 487 560 717 732 852 932 1082 1188 1302 1371 1457 1572 1578 1609 1649 1655 1746 1774 1783 1926 1932 2339 2373 2387 2575 2638 2866 2872 2920
1 26 56 75 85 101 117 249 374 455 535 537 558 591 592 612 652 762 858 864 947 956 1050 1053 1251 1320 1482 1558 1561 1571 1579 1607 1613 1631 1684 1688 1734 1740 1900 1957 2012 2074 2169 2224 2305 2354 2356 2392 2396 2412 2416 2451 2541 2574 2578 2585 2596 2609 2634 2694 2747 2749 2801 2853 2862 2923 2941 2944
187 214 224 276 315 385 447 511 611 728 739 846 981 986 996 1028 1045 1057 1061 1127 1286 1290 1393 1445 1451 1562 1653 1674 1722 1730 1790 1841 1949 1961 2001 2021 2096 2105 2116 2126 2161 2167 2200 2248 2273 2306 2322 2366 2368 2382 2413 2424 2453 2536 2558 2565 2576 2689 2693 2700 2730 2751 2781 2798 2827 2898 2971 2978 2994
24 27 115 143 180 186 272 278 353 371 387 391 429 445 450 563 685 734 880 922 945 984 1177 1284 1303 1392 1505 1554 1557 1685 1692 1716 1917 1937 1994 2091 2189 2265 2344 2397 2400 2429 2559 2590 2610 2630 2671 2753 2756 2830 2883 2892 2912 2993
9 83 248 269 293 525 590 840 938 990 1091 1153 1301 1385 1533 1546 1568 1874 2106 2117 2158 2294 2301 2469 2539 2586 2681 2703 2715 2836 2879 2902
51 125 300 423 493 522 746 777 991 998 1032 1203 1344 1439 1619 1624 1953 2039 2066 2087 2133 2185 2271 2330 2398 2594 2672 2764 2807 2945 2963 2972
39 44 86 195 216 219 235 326 341 344 388 462 543 553 582 600 629 738 770 890 904 995 1002 1020 1025 1062 1180 1182 1218 1291 1330 1412 1432 1442 1460 1498 1529 1534 1549 1745 1748 1802 1803 1813 1815 1876 1887 1894 1946 2029 2094 2103 2129 2137 2222 2232 2267 2393 2439 2476 2478 2498 2523 2655 2761 2793 2806 2833 2835 2888 2921
49 89 102 113 119 137 164 197 308 321 408 412 458 468 515 523 677 689 798 833 943 950 968 1003 1014 1031 1086 1104 1108 1149 1164 1200 1276 1304 1410 1430 1452 1494 1567 1650 1686 1727 1735 1767 1787 1838 1851 1884 2064 2125 2130 2136 2143 2151 2156 2211 2216 2228 2247 2253 2255 2337 2358 2360 2405 2420 2434 2466 2580 2645 2679 2719 2864 2922 2925
11 43 71 73 131 147 191 233 239 362 430 490 499 508 509 513 579 584 624 653 696 705 718 771 775 894 899 949 963 973 1071 1151 1186 1191 1248 1262 1277 1328 1365 1437 1468 1598 1656 1663 1667 1678 1862 1912 1925 1963 1968 2092 2100 2102 2114 2127 2246 2275 2326 2349 2350 2362 2365 2367 2390 2395 2481 2496 2532 2540 2544 2560 2598 2607 2621 2625 2712 2762 2767 2799 2839 2843 2856 2926 2931 2934
3 14 48 160 184 295 365 370 417 418 438 452 788 815 905 992 1019 1048 1088 1148 1374 1383 1398 1455 1526 1541 1576 1630 1639 1702 1720 1834 1882 1909 2011 2041 2053 2118 2162 2249 2293 2299 2378 2379 2391 2406 2455 2487 2507 2564 2581 2619 2635 2641 2664 2709 2734 2770 2772 2880 2930
173 540 565 631 639 679 706 813 908 1081 1160 1183 1243 1347 1418 1429 1436 1758 2093 2107 2120 2219 2262 2503 2627 2642 2727 2838 2861 2979 2984
98 209 942 1041 1225 1279 1499 1586 1811 1847 1859
118 162 491 547 784 1033 1245 1274 1615 1728 1844 2008 2090 2276
45 111 188 397 420 753 895 966 1165 1333 1353 1376 1483 1654 1739 1827 2079 2098 2213 2313 2317 2502 2511 2557 2572 2666 2881 2986
10 441 551 779 1077 1142 1509 1629 1757 1837
146 265 350 444 446 476 541 557 602 617 630 646 648 674 790 830 848 1017 1073 1217 1223 1495 1659 1819 1833 1865 1950 2108 2109 2124 2184 2324 2333 2353 2428 2780 2821 2909 2981
32 60 244 268 628 766 838 925 959 1671 1793 1830 1902 1964 2346 2533 2618 2699 2871 2910
507 731 745 897 1097 1297 1517 1608 1665 1806
19 22 47 61 108 196 201 210 223 236 260 436 494 501 544 593 623 703 707 741 755 758 782 805 821 825 882 902 951 1124 1140 1146 1162 1212 1280 1293 1294 1337 1339 1345 1361 1367 1377 1387 1390 1465 1471 1487 1522 1580 1599 1603 1625 1715 1794 1839 1858 1891 1899 1919 1922 1948 2022 2144 2146 2212 2237 2278 2332 2340 2380 2490 2504 2505 2526 2561 2592 2665 2674 2698 2757 2763 2785 2786 2789 2823 2863 2874 2929 2946 2955 2982
17 169 581 660 803 1030 1064 1382 1417 1548 1661 1866 2003 2004 2381
288 299 320 542 682 756 793 818 967 1001 1015 1026 1171 1322 1679 1749 1750 1791 1906 1914 2007 2062 2131 2190 2270 2296 2351 2359 2450 2480 2566 2583 2701 2711
36 92 204 228 296 421 752 865 892 1049 1271 1360 1448 1519 1577 1743 1969 2089 2285 2328 2623 2818 2919
18 33 313 347 567 618 780 891 980 1235 1428 1478 1647 1713 1732 1905 1935 1955 1971 1980 2257 2325 2427 2529 2531 2553 2639 2752 2776 2796 2829 2860 2906 2911
