0 16
1 63
2 4
3 71
4 41
5 35
6 17
7 15
8 37
9 66
10 76
11 70
12 34
13 22
14 71
15 34
16 1
17 81
18 84
19 80
20 47
21 41
22 80
23 48
24 65
25 43
26 63
27 65
28 22
29 48
30 29
31 6
32 78
33 84
34 21
35 22
36 83
37 33
38 43
39 68
40 22
41 54
42 52
43 70
44 68
45 75
46 37
47 80
48 71
49 69
50 60
51 67
52 48
53 15
54 29
55 12
56 63
57 19
58 51
59 56
60 78
61 80
62 9
63 60
64 41
65 9
66 49
67 6
68 18
69 42
70 25
71 70
72 40
73 70
74 43
75 63
76 10
77 31
78 49
79 49
80 49
81 52
82 25
83 66
84 56
85 63
86 68
87 37
88 43
89 69
90 52
91 3
92 83
93 42
94 17
95 38
96 56
97 43
98 73
99 49
100 8
101 63
102 69
103 43
104 56
105 59
106 46
107 7
108 80
109 41
110 33
111 75
112 37
113 69
114 28
115 65
116 25
117 63
118 74
119 69
120 29
121 40
122 34
123 42
124 45
125 67
126 39
127 7
128 9
129 27
130 19
131 70
132 61
133 28
134 24
135 18
136 60
137 69
138 11
139 42
140 15
141 34
142 5
143 65
144 22
145 9
146 77
147 70
148 61
149 15
150 51
151 34
152 6
153 9
154 41
155 42
156 61
157 22
158 45
159 61
160 71
161 44
162 74
163 8
164 69
165 41
166 9
167 3
168 10
169 81
170 14
171 28
172 36
173 72
174 62
175 9
176 37
177 62
178 60
179 41
180 65
181 16
182 6
183 11
184 71
185 28
186 65
187 64
188 75
189 14
190 12
191 70
192 19
193 16
194 6
195 68
196 80
197 69
198 17
199 19
200 24
201 80
202 23
203 33
204 83
205 28
206 41
207 41
208 15
209 73
210 80
211 36
212 29
213 48
214 64
215 52
216 68
217 4
218 53
219 68
220 11
221 12
222 45
223 80
224 64
225 20
226 17
227 41
228 83
229 37
230 39
231 42
232 40
233 70
234 30
235 68
236 80
237 55
238 60
239 70
240 57
241 60
242 22
243 4
244 78
245 33
246 34
247 52
248 66
249 63
250 6
251 29
252 52
253 13
254 33
255 28
256 15
257 41
258 41
259 56
260 80
261 49
262 40
263 34
264 37
265 77
266 12
267 42
268 78
269 66
270 62
271 12
272 65
273 41
274 18
275 22
276 64
277 49
278 65
279 30
280 52
281 25
282 27
283 42
284 49
285 14
286 22
287 62
288 82
289 10
290 14
291 33
292 49
293 66
294 30
295 71
296 83
297 30
298 48
299 82
300 67
301 49
302 33
303 28
304 58
305 17
306 42
307 21
308 69
309 33
310 42
311 26
312 12
313 84
314 29
315 64
316 37
317 53
318 28
319 19
320 82
321 69
322 8
323 46
324 33
325 34
326 68
327 34
328 30
329 41
330 57
331 27
332 40
333 32
334 51
335 11
336 5
337 8
338 42
339 52
340 36
341 68
342 4
343 34
344 68
345 4
346 3
347 84
348 23
349 27
350 77
351 7
352 9
353 65
354 18
355 46
356 41
357 27
358 13
359 49
360 22
361 43
362 70
363 22
364 48
365 71
366 40
367 61
368 55
369 37
370 71
371 65
372 17
373 19
374 63
375 17
376 29
377 5
378 56
379 19
380 50
381 32
382 6
383 48
384 13
385 64
386 4
387 65
388 68
389 51
390 58
391 65
392 4
393 35
394 4
395 60
396 14
397 75
398 47
399 15
400 15
401 42
402 42
403 60
404 41
405 28
406 4
407 59
408 69
409 15
410 11
411 41
412 69
413 14
414 29
415 52
416 28
417 71
418 71
419 26
420 75
421 83
422 41
423 67
424 5
425 42
426 40
427 49
428 20
429 65
430 70
431 56
432 12
433 1
434 54
435 45
436 80
437 35
438 71
439 4
440 1
441 76
442 60
443 55
444 77
445 65
446 77
447 64
448 12
449 42
450 65
451 62
452 71
453 56
454 40
455 63
456 32
457 48
458 69
459 2
460 4
461 13
462 68
463 18
464 59
465 60
466 1
467 41
468 69
469 56
470 57
471 39
472 62
473 4
474 15
475 31
476 77
477 49
478 45
479 16
480 41
481 30
482 43
483 21
484 40
485 40
486 29
487 62
488 1
489 14
490 70
491 74
492 25
493 67
494 80
495 17
496 31
497 19
498 25
499 70
500 49
501 80
502 15
503 51
504 33
505 60
506 33
507 79
508 70
509 70
510 33
511 64
512 19
513 70
514 15
515 69
516 54
517 49
518 12
519 10
520 60
521 14
522 67
523 69
524 6
525 66
526 42
527 34
528 43
529 19
530 60
531 28
532 55
533 6
534 4
535 63
536 27
537 63
538 19
539 4
540 72
541 77
542 82
543 68
544 80
545 12
546 4
547 74
548 22
549 48
550 19
551 76
552 12
553 68
554 4
555 34
556 26
557 77
558 63
559 41
560 62
561 16
562 15
563 65
564 15
565 72
566 49
567 84
568 2
569 57
570 23
571 37
572 34
573 56
574 32
575 41
576 56
577 40
578 38
579 70
580 41
581 81
582 68
583 48
584 70
585 37
586 7
587 5
588 61
589 6
590 66
591 63
592 63
593 80
594 14
595 52
596 11
597 37
598 33
599 48
600 68
601 37
602 77
603 7
604 41
605 19
606 10
607 33
608 15
609 45
610 6
611 64
612 63
613 58
614 9
615 28
616 56
617 77
618 84
619 9
620 34
621 56
622 47
623 80
624 70
625 56
626 7
627 9
628 78
629 68
630 77
631 72
632 54
633 46
634 34
635 19
636 41
637 56
638 5
639 72
640 45
641 28
642 30
643 27
644 49
645 12
646 77
647 30
648 77
649 23
650 27
651 11
652 63
653 70
654 19
655 30
656 21
657 53
658 26
659 56
660 81
661 4
662 47
663 14
664 34
665 48
666 28
667 49
668 16
669 13
670 45
671 36
672 7
673 12
674 77
675 4
676 9
677 69
678 2
679 72
680 49
681 48
682 82
683 59
684 59
685 65
686 52
687 19
688 40
689 69
690 49
691 22
692 12
693 56
694 8
695 2
696 70
697 6
698 23
699 9
700 49
701 52
702 41
703 80
704 9
705 70
706 72
707 80
708 9
709 52
710 37
711 13
712 13
713 24
714 24
715 56
716 41
717 62
718 70
719 53
720 51
721 50
722 41
723 6
724 60
725 42
726 27
727 7
728 64
729 27
730 37
731 79
732 62
733 4
734 65
735 22
736 4
737 48
738 68
739 64
740 43
741 80
742 20
743 49
744 56
745 79
746 67
747 49
748 3
749 12
750 56
751 1
752 83
753 75
754 33
755 80
756 82
757 9
758 80
759 41
760 51
761 41
762 63
763 15
764 60
765 60
766 78
767 28
768 4
769 45
770 68
771 70
772 4
773 15
774 33
775 70
776 25
777 67
778 49
779 76
780 84
781 27
782 80
783 19
784 74
785 57
786 60
787 44
788 71
789 25
790 77
791 19
792 9
793 82
794 30
795 46
796 14
797 36
798 69
799 49
800 13
801 8
802 32
803 81
804 47
805 80
806 18
807 7
808 5
809 8
810 35
811 5
812 1
813 72
814 19
815 71
816 43
817 19
818 82
819 4
820 28
821 80
822 34
823 13
824 48
825 80
826 37
827 1
828 30
829 46
830 77
831 1
832 21
833 69
834 28
835 34
836 28
837 38
838 78
839 4
840 66
841 60
842 7
843 54
844 30
845 30
846 64
847 34
848 77
849 49
850 34
851 56
852 62
853 61
854 2
855 55
856 41
857 35
858 63
859 53
860 60
861 50
862 9
863 48
864 63
865 83
866 53
867 13
868 14
869 37
870 45
871 30
872 41
873 12
874 49
875 1
876 5
877 57
878 58
879 12
880 65
881 38
882 80
883 4
884 56
885 28
886 11
887 28
888 36
889 22
890 68
891 84
892 83
893 4
894 70
895 75
896 59
897 79
898 19
899 70
900 16
901 23
902 80
903 55
904 68
905 71
906 41
907 52
908 72
909 48
910 52
911 19
912 34
913 22
914 11
915 56
916 15
917 12
918 42
919 25
920 13
921 19
922 65
923 13
924 6
925 78
926 4
927 30
928 19
929 11
930 19
931 44
932 62
933 56
934 3
935 59
936 6
937 3
938 66
939 28
940 51
941 9
942 73
943 69
944 30
945 65
946 1
947 63
948 2
949 70
950 69
951 80
952 53
953 42
954 56
955 49
956 63
957 35
958 56
959 78
960 12
961 59
962 17
963 70
964 31
965 56
966 75
967 82
968 69
969 12
970 16
971 51
972 22
973 70
974 17
975 14
976 6
977 52
978 5
979 33
980 84
981 64
982 41
983 58
984 65
985 21
986 64
987 60
988 44
989 21
990 66
991 67
992 71
993 30
994 3
995 68
996 64
997 15
998 67
999 15
1000 14
1001 82
1002 68
1003 69
1004 25
1005 19
1006 3
1007 57
1008 41
1009 54
1010 39
1011 50
1012 42
1013 30
1014 69
1015 82
1016 20
1017 77
1018 51
1019 71
1020 68
1021 9
1022 10
1023 25
1024 61
1025 68
1026 82
1027 30
1028 64
1029 61
1030 81
1031 69
1032 67
1033 74
1034 28
1035 41
1036 9
1037 31
1038 33
1039 50
1040 41
1041 73
1042 49
1043 9
1044 56
1045 64
1046 41
1047 5
1048 71
1049 83
1050 63
1051 41
1052 19
1053 63
1054 4
1055 52
1056 25
1057 64
1058 57
1059 10
1060 12
1061 64
1062 68
1063 34
1064 81
1065 57
1066 4
1067 12
1068 19
1069 43
1070 4
1071 70
1072 7
1073 77
1074 19
1075 26
1076 48
1077 76
1078 22
1079 22
1080 6
1081 72
1082 62
1083 15
1084 28
1085 32
1086 69
1087 34
1088 71
1089 7
1090 19
1091 66
1092 3
1093 57
1094 14
1095 22
1096 37
1097 79
1098 20
1099 43
1100 2
1101 4
1102 32
1103 25
1104 69
1105 15
1106 53
1107 34
1108 69
1109 60
1110 34
1111 49
1112 36
1113 43
1114 23
1115 25
1116 22
1117 14
1118 5
1119 1
1120 7
1121 51
1122 31
1123 49
1124 80
1125 44
1126 40
1127 64
1128 25
1129 22
1130 1
1131 36
1132 3
1133 35
1134 28
1135 60
1136 15
1137 59
1138 22
1139 6
1140 80
1141 8
1142 76
1143 4
1144 34
1145 41
1146 80
1147 10
1148 71
1149 69
1150 20
1151 70
1152 22
1153 66
1154 52
1155 37
1156 4
1157 15
1158 15
1159 33
1160 72
1161 28
1162 80
1163 31
1164 69
1165 75
1166 19
1167 48
1168 18
1169 48
1170 22
1171 82
1172 40
1173 14
1174 8
1175 31
1176 38
1177 65
1178 1
1179 19
1180 68
1181 42
1182 68
1183 72
1184 23
1185 21
1186 70
1187 31
1188 62
1189 51
1190 4
1191 70
1192 60
1193 60
1194 30
1195 28
1196 4
1197 12
1198 19
1199 52
1200 69
1201 7
1202 12
1203 67
1204 52
1205 6
1206 31
1207 4
1208 49
1209 35
1210 12
1211 41
1212 80
1213 1
1214 16
1215 42
1216 60
1217 77
1218 68
1219 51
1220 5
1221 47
1222 52
1223 77
1224 12
1225 73
1226 55
1227 11
1228 4
1229 19
1230 60
1231 8
1232 57
1233 34
1234 34
1235 84
1236 14
1237 54
1238 14
1239 3
1240 47
1241 20
1242 25
1243 72
1244 19
1245 74
1246 6
1247 11
1248 70
1249 34
1250 4
1251 63
1252 41
1253 15
1254 21
1255 20
1256 41
1257 39
1258 33
1259 13
1260 28
1261 42
1262 70
1263 56
1264 37
1265 56
1266 7
1267 35
1268 6
1269 35
1270 41
1271 83
1272 37
1273 15
1274 74
1275 22
1276 69
1277 70
1278 34
1279 73
1280 80
1281 16
1282 41
1283 34
1284 65
1285 19
1286 64
1287 10
1288 21
1289 19
1290 64
1291 68
1292 9
1293 80
1294 80
1295 38
1296 50
1297 79
1298 12
1299 28
1300 7
1301 66
1302 62
1303 65
1304 69
1305 4
1306 60
1307 11
1308 34
1309 5
1310 38
1311 15
1312 14
1313 1
1314 5
1315 18
1316 5
1317 13
1318 4
1319 42
1320 63
1321 12
1322 82
1323 6
1324 54
1325 51
1326 8
1327 9
1328 70
1329 23
1330 68
1331 7
1332 51
1333 75
1334 41
1335 25
1336 25
1337 80
1338 15
1339 80
1340 41
1341 17
1342 12
1343 52
1344 67
1345 80
1346 4
1347 72
1348 52
1349 19
1350 41
1351 15
1352 30
1353 75
1354 39
1355 15
1356 30
1357 2
1358 39
1359 27
1360 83
1361 80
1362 10
1363 49
1364 43
1365 70
1366 33
1367 80
1368 27
1369 11
1370 15
1371 62
1372 22
1373 57
1374 71
1375 60
1376 75
1377 80
1378 42
1379 3
1380 6
1381 13
1382 81
1383 71
1384 43
1385 66
1386 34
1387 80
1388 42
1389 47
1390 80
1391 25
1392 65
1393 64
1394 10
1395 36
1396 24
1397 4
1398 71
1399 41
1400 42
1401 57
1402 4
1403 19
1404 56
1405 53
1406 60
1407 33
1408 8
1409 10
1410 69
1411 33
1412 68
1413 3
1414 34
1415 60
1416 24
1417 81
1418 72
1419 19
1420 53
1421 25
1422 11
1423 5
1424 33
1425 8
1426 29
1427 44
1428 84
1429 72
1430 69
1431 59
1432 68
1433 56
1434 20
1435 3
1436 72
1437 70
1438 22
1439 67
1440 52
1441 60
1442 68
1443 49
1444 41
1445 64
1446 7
1447 6
1448 83
1449 12
1450 15
1451 64
1452 69
1453 4
1454 1
1455 71
1456 43
1457 62
1458 42
1459 35
1460 68
1461 10
1462 33
1463 3
1464 46
1465 80
1466 18
1467 60
1468 70
1469 52
1470 6
1471 80
1472 42
1473 4
1474 30
1475 11
1476 34
1477 41
1478 84
1479 43
1480 19
1481 61
1482 63
1483 75
1484 11
1485 37
1486 60
1487 80
1488 43
1489 25
1490 5
1491 41
1492 5
1493 50
1494 69
1495 77
1496 38
1497 41
1498 68
1499 73
1500 37
1501 60
1502 22
1503 6
1504 42
1505 65
1506 43
1507 49
1508 34
1509 76
1510 21
1511 41
1512 41
1513 4
1514 16
1515 36
1516 25
1517 79
1518 50
1519 83
1520 39
1521 9
1522 80
1523 21
1524 19
1525 44
1526 71
1527 35
1528 19
1529 68
1530 1
1531 32
1532 22
1533 66
1534 68
1535 49
1536 37
1537 56
1538 39
1539 19
1540 3
1541 71
1542 1
1543 25
1544 40
1545 14
1546 66
1547 34
1548 81
1549 68
1550 60
1551 11
1552 49
1553 56
1554 65
1555 35
1556 25
1557 65
1558 63
1559 9
1560 13
1561 63
1562 64
1563 30
1564 1
1565 13
1566 34
1567 69
1568 66
1569 20
1570 22
1571 63
1572 62
1573 10
1574 52
1575 49
1576 71
1577 83
1578 62
1579 63
1580 80
1581 37
1582 10
1583 30
1584 22
1585 43
1586 73
1587 24
1588 4
1589 26
1590 7
1591 60
1592 10
1593 19
1594 52
1595 22
1596 33
1597 1
1598 70
1599 80
1600 46
1601 58
1602 52
1603 80
1604 49
1605 58
1606 58
1607 63
1608 79
1609 62
1610 24
1611 15
1612 24
1613 63
1614 56
1615 74
1616 60
1617 32
1618 41
1619 67
1620 4
1621 19
1622 30
1623 39
1624 67
1625 80
1626 55
1627 60
1628 21
1629 76
1630 71
1631 63
1632 56
1633 51
1634 30
1635 15
1636 34
1637 37
1638 35
1639 71
1640 3
1641 47
1642 48
1643 42
1644 46
1645 11
1646 49
1647 84
1648 11
1649 62
1650 69
1651 2
1652 21
1653 64
1654 75
1655 62
1656 70
1657 19
1658 55
1659 77
1660 38
1661 81
1662 46
1663 70
1664 25
1665 79
1666 52
1667 70
1668 16
1669 43
1670 22
1671 78
1672 5
1673 9
1674 64
1675 9
1676 30
1677 51
1678 70
1679 82
1680 4
1681 61
1682 15
1683 48
1684 63
1685 65
1686 69
1687 48
1688 63
1689 25
1690 4
1691 60
1692 65
1693 37
1694 19
1695 34
1696 6
1697 27
1698 41
1699 41
1700 41
1701 41
1702 71
1703 47
1704 43
1705 56
1706 28
1707 45
1708 42
1709 56
1710 37
1711 24
1712 57
1713 84
1714 42
1715 80
1716 65
1717 4
1718 34
1719 22
1720 71
1721 6
1722 64
1723 12
1724 36
1725 30
1726 27
1727 69
1728 74
1729 22
1730 64
1731 33
1732 84
1733 3
1734 63
1735 69
1736 55
1737 15
1738 41
1739 75
1740 63
1741 48
1742 44
1743 83
1744 34
1745 68
1746 62
1747 17
1748 68
1749 82
1750 82
1751 50
1752 37
1753 9
1754 49
1755 52
1756 6
1757 76
1758 72
1759 40
1760 41
1761 56
1762 12
1763 30
1764 15
1765 49
1766 22
1767 69
1768 30
1769 55
1770 23
1771 5
1772 18
1773 60
1774 62
1775 52
1776 51
1777 60
1778 22
1779 44
1780 15
1781 6
1782 25
1783 62
1784 4
1785 12
1786 25
1787 69
1788 56
1789 60
1790 64
1791 82
1792 37
1793 78
1794 80
1795 19
1796 27
1797 12
1798 52
1799 56
1800 57
1801 37
1802 68
1803 68
1804 12
1805 38
1806 79
1807 4
1808 32
1809 51
1810 41
1811 73
1812 56
1813 68
1814 10
1815 68
1816 41
1817 56
1818 3
1819 77
1820 37
1821 8
1822 51
1823 14
1824 42
1825 54
1826 57
1827 75
1828 4
1829 17
1830 78
1831 33
1832 54
1833 77
1834 71
1835 35
1836 48
1837 76
1838 69
1839 80
1840 3
1841 64
1842 1
1843 41
1844 74
1845 34
1846 60
1847 73
1848 56
1849 34
1850 33
1851 69
1852 27
1853 49
1854 48
1855 56
1856 15
1857 15
1858 80
1859 73
1860 19
1861 57
1862 70
1863 4
1864 19
1865 77
1866 81
1867 44
1868 5
1869 10
1870 48
1871 60
1872 60
1873 56
1874 66
1875 9
1876 68
1877 11
1878 50
1879 52
1880 30
1881 60
1882 71
1883 28
1884 69
1885 3
1886 22
1887 68
1888 48
1889 52
1890 22
1891 80
1892 48
1893 30
1894 68
1895 1
1896 29
1897 23
1898 41
1899 80
1900 63
1901 42
1902 78
1903 39
1904 25
1905 84
1906 82
1907 15
1908 37
1909 71
1910 12
1911 1
1912 70
1913 7
1914 82
1915 1
1916 37
1917 65
1918 34
1919 80
1920 36
1921 1
1922 80
1923 4
1924 12
1925 70
1926 62
1927 42
1928 5
1929 11
1930 35
1931 11
1932 62
1933 5
1934 25
1935 84
1936 3
1937 65
1938 58
1939 49
1940 7
1941 19
1942 60
1943 11
1944 3
1945 22
1946 68
1947 25
1948 80
1949 64
1950 77
1951 34
1952 60
1953 67
1954 15
1955 84
1956 2
1957 63
1958 56
1959 28
1960 40
1961 64
1962 4
1963 70
1964 78
1965 25
1966 40
1967 22
1968 70
1969 83
1970 48
1971 84
1972 23
1973 38
1974 19
1975 50
1976 40
1977 21
1978 54
1979 12
1980 84
1981 10
1982 2
1983 30
1984 14
1985 19
1986 19
1987 57
1988 10
1989 49
1990 5
1991 13
1992 47
1993 48
1994 65
1995 9
1996 11
1997 61
1998 32
1999 51
2000 4
2001 64
2002 50
2003 81
2004 81
2005 30
2006 52
2007 82
2008 74
2009 40
2010 12
2011 71
2012 63
2013 49
2014 3
2015 19
2016 56
2017 53
2018 29
2019 7
2020 34
2021 64
2022 80
2023 14
2024 34
2025 58
2026 14
2027 4
2028 41
2029 68
2030 9
2031 19
2032 22
2033 19
2034 48
2035 13
2036 11
2037 42
2038 26
2039 67
2040 12
2041 71
2042 28
2043 42
2044 23
2045 57
2046 39
2047 37
2048 19
2049 61
2050 23
2051 49
2052 19
2053 71
2054 58
2055 19
2056 23
2057 3
2058 12
2059 11
2060 6
2061 34
2062 82
2063 15
2064 69
2065 4
2066 67
2067 60
2068 28
2069 29
2070 37
2071 33
2072 51
2073 3
2074 63
2075 19
2076 53
2077 4
2078 1
2079 75
2080 8
2081 11
2082 26
2083 52
2084 56
2085 34
2086 34
2087 67
2088 19
2089 83
2090 74
2091 65
2092 70
2093 72
2094 68
2095 46
2096 64
2097 51
2098 75
2099 42
2100 70
2101 22
2102 70
2103 68
2104 41
2105 64
2106 66
2107 72
2108 77
2109 77
2110 28
2111 4
2112 41
2113 49
2114 70
2115 56
2116 64
2117 66
2118 71
2119 22
2120 72
2121 1
2122 19
2123 41
2124 77
2125 69
2126 64
2127 70
2128 5
2129 68
2130 69
2131 82
2132 12
2133 67
2134 23
2135 48
2136 69
2137 68
2138 22
2139 48
2140 32
2141 19
2142 19
2143 69
2144 80
2145 42
2146 80
2147 33
2148 33
2149 38
2150 42
2151 69
2152 27
2153 60
2154 41
2155 12
2156 69
2157 50
2158 66
2159 41
2160 27
2161 64
2162 71
2163 12
2164 5
2165 15
2166 52
2167 64
2168 26
2169 63
2170 34
2171 6
2172 60
2173 60
2174 17
2175 9
2176 11
2177 32
2178 28
2179 58
2180 30
2181 48
2182 34
2183 28
2184 77
2185 67
2186 21
2187 51
2188 37
2189 65
2190 82
2191 37
2192 3
2193 33
2194 19
2195 26
2196 37
2197 61
2198 60
2199 60
2200 64
2201 37
2202 16
2203 60
2204 11
2205 6
2206 48
2207 52
2208 58
2209 26
2210 4
2211 69
2212 80
2213 75
2214 32
2215 57
2216 69
2217 26
2218 27
2219 72
2220 21
2221 60
2222 68
2223 19
2224 63
2225 55
2226 15
2227 28
2228 69
2229 30
2230 55
2231 41
2232 68
2233 37
2234 11
2235 48
2236 34
2237 80
2238 26
2239 6
2240 41
2241 29
2242 37
2243 40
2244 22
2245 3
2246 70
2247 69
2248 64
2249 71
2250 30
2251 1
2252 23
2253 69
2254 19
2255 69
2256 41
2257 84
2258 28
2259 56
2260 56
2261 41
2262 72
2263 42
2264 10
2265 65
2266 33
2267 68
2268 57
2269 17
2270 82
2271 67
2272 26
2273 64
2274 60
2275 70
2276 74
2277 40
2278 80
2279 23
2280 57
2281 4
2282 52
2283 13
2284 27
2285 83
2286 56
2287 9
2288 10
2289 3
2290 30
2291 49
2292 37
2293 71
2294 66
2295 5
2296 82
2297 41
2298 22
2299 71
2300 26
2301 66
2302 22
2303 48
2304 42
2305 63
2306 64
2307 33
2308 15
2309 46
2310 15
2311 23
2312 27
2313 75
2314 7
2315 1
2316 19
2317 75
2318 33
2319 56
2320 41
2321 5
2322 64
2323 41
2324 77
2325 84
2326 70
2327 60
2328 83
2329 4
2330 67
2331 11
2332 80
2333 77
2334 41
2335 57
2336 5
2337 69
2338 55
2339 62
2340 80
2341 15
2342 48
2343 19
2344 65
2345 12
2346 78
2347 28
2348 7
2349 70
2350 70
2351 82
2352 30
2353 77
2354 63
2355 42
2356 63
2357 56
2358 69
2359 82
2360 69
2361 52
2362 70
2363 1
2364 9
2365 70
2366 64
2367 70
2368 64
2369 46
2370 19
2371 58
2372 37
2373 62
2374 4
2375 19
2376 19
2377 42
2378 71
2379 71
2380 80
2381 81
2382 64
2383 19
2384 34
2385 49
2386 33
2387 62
2388 60
2389 43
2390 70
2391 71
2392 63
2393 68
2394 4
2395 70
2396 63
2397 65
2398 67
2399 10
2400 65
2401 27
2402 28
2403 60
2404 6
2405 69
2406 71
2407 60
2408 37
2409 7
2410 15
2411 51
2412 63
2413 64
2414 17
2415 21
2416 63
2417 4
2418 33
2419 6
2420 69
2421 13
2422 19
2423 1
2424 64
2425 11
2426 41
2427 84
2428 77
2429 65
2430 19
2431 49
2432 55
2433 22
2434 69
2435 9
2436 3
2437 40
2438 55
2439 68
2440 48
2441 3
2442 15
2443 40
2444 8
2445 14
2446 34
2447 19
2448 10
2449 34
2450 82
2451 63
2452 33
2453 64
2454 12
2455 71
2456 26
2457 15
2458 41
2459 4
2460 46
2461 3
2462 19
2463 60
2464 29
2465 41
2466 69
2467 12
2468 22
2469 66
2470 48
2471 10
2472 11
2473 25
2474 3
2475 15
2476 68
2477 10
2478 68
2479 30
2480 82
2481 70
2482 56
2483 56
2484 52
2485 41
2486 42
2487 71
2488 13
2489 15
2490 80
2491 55
2492 23
2493 60
2494 25
2495 19
2496 70
2497 23
2498 68
2499 42
2500 4
2501 40
2502 75
2503 72
2504 80
2505 80
2506 23
2507 71
2508 60
2509 52
2510 60
2511 75
2512 49
2513 4
2514 1
2515 11
2516 11
2517 19
2518 5
2519 28
2520 6
2521 28
2522 5
2523 68
2524 41
2525 15
2526 80
2527 9
2528 35
2529 84
2530 19
2531 84
2532 70
2533 78
2534 6
2535 34
2536 64
2537 37
2538 56
2539 66
2540 70
2541 63
2542 56
2543 3
2544 70
2545 48
2546 56
2547 28
2548 23
2549 37
2550 46
2551 4
2552 49
2553 84
2554 41
2555 13
2556 57
2557 75
2558 64
2559 65
2560 70
2561 80
2562 4
2563 55
2564 71
2565 64
2566 82
2567 41
2568 56
2569 46
2570 51
2571 5
2572 75
2573 22
2574 63
2575 62
2576 64
2577 25
2578 63
2579 12
2580 69
2581 71
2582 11
2583 82
2584 41
2585 63
2586 66
2587 15
2588 46
2589 25
2590 65
2591 43
2592 80
2593 15
2594 67
2595 42
2596 63
2597 5
2598 70
2599 60
2600 12
2601 10
2602 60
2603 42
2604 22
2605 13
2606 30
2607 70
2608 56
2609 63
2610 65
2611 37
2612 49
2613 48
2614 13
2615 14
2616 56
2617 1
2618 78
2619 71
2620 1
2621 70
2622 29
2623 83
2624 1
2625 70
2626 4
2627 72
2628 13
2629 3
2630 65
2631 60
2632 1
2633 4
2634 63
2635 71
2636 60
2637 7
2638 62
2639 84
2640 30
2641 71
2642 72
2643 4
2644 34
2645 69
2646 12
2647 4
2648 52
2649 34
2650 60
2651 15
2652 48
2653 4
2654 34
2655 68
2656 3
2657 51
2658 4
2659 56
2660 60
2661 49
2662 40
2663 4
2664 71
2665 80
2666 75
2667 4
2668 34
2669 56
2670 12
2671 65
2672 67
2673 4
2674 80
2675 42
2676 46
2677 42
2678 28
2679 69
2680 12
2681 66
2682 56
2683 52
2684 19
2685 27
2686 12
2687 4
2688 14
2689 64
2690 55
2691 41
2692 19
2693 64
2694 63
2695 22
2696 43
2697 52
2698 80
2699 78
2700 64
2701 82
2702 34
2703 66
2704 12
2705 4
2706 30
2707 22
2708 15
2709 71
2710 42
2711 82
2712 70
2713 34
2714 40
2715 66
2716 7
2717 28
2718 1
2719 69
2720 42
2721 41
2722 23
2723 7
2724 4
2725 21
2726 43
2727 72
2728 1
2729 49
2730 64
2731 13
2732 48
2733 19
2734 71
2735 1
2736 42
2737 41
2738 46
2739 12
2740 60
2741 22
2742 34
2743 60
2744 13
2745 60
2746 15
2747 63
2748 1
2749 63
2750 55
2751 64
2752 84
2753 65
2754 29
2755 41
2756 65
2757 80
2758 11
2759 43
2760 25
2761 68
2762 70
2763 80
2764 67
2765 48
2766 48
2767 70
2768 22
2769 15
2770 71
2771 13
2772 71
2773 37
2774 49
2775 60
2776 84
2777 60
2778 34
2779 60
2780 77
2781 64
2782 29
2783 4
2784 57
2785 80
2786 80
2787 25
2788 49
2789 80
2790 7
2791 33
2792 4
2793 68
2794 29
2795 15
2796 84
2797 23
2798 64
2799 70
2800 27
2801 63
2802 41
2803 12
2804 5
2805 34
2806 68
2807 67
2808 42
2809 15
2810 28
2811 1
2812 40
2813 9
2814 12
2815 56
2816 49
2817 37
2818 83
2819 42
2820 3
2821 77
2822 4
2823 80
2824 27
2825 48
2826 57
2827 64
2828 11
2829 84
2830 65
2831 30
2832 49
2833 68
2834 25
2835 68
2836 66
2837 49
2838 72
2839 70
2840 43
2841 12
2842 34
2843 70
2844 23
2845 34
2846 9
2847 52
2848 30
2849 19
2850 55
2851 34
2852 56
2853 63
2854 4
2855 41
2856 70
2857 22
2858 19
2859 4
2860 84
2861 72
2862 63
2863 80
2864 69
2865 6
2866 62
2867 3
2868 33
2869 49
2870 15
2871 78
2872 62
2873 49
2874 80
2875 10
2876 51
2877 9
2878 37
2879 66
2880 71
2881 75
2882 3
2883 65
2884 15
2885 48
2886 12
2887 29
2888 68
2889 29
2890 15
2891 43
2892 65
2893 5
2894 3
2895 4
2896 14
2897 41
2898 64
2899 34
2900 6
2901 30
2902 66
2903 19
2904 34
2905 6
2906 84
2907 60
2908 15
2909 77
2910 78
2911 84
2912 65
2913 42
2914 48
2915 34
2916 12
2917 15
2918 12
2919 83
2920 62
2921 68
2922 69
2923 63
2924 23
2925 69
2926 70
2927 30
2928 22
2929 80
2930 71
2931 70
2932 57
2933 48
2934 70
2935 15
2936 57
2937 23
2938 43
2939 12
2940 22
2941 63
2942 49
2943 22
2944 63
2945 67
2946 80
2947 52
2948 41
2949 15
2950 25
2951 11
2952 43
2953 1
2954 49
2955 80
2956 52
2957 11
2958 60
2959 4
2960 14
2961 33
2962 34
2963 67
2964 48
2965 27
2966 34
2967 30
2968 22
2969 29
2970 43
2971 64
2972 67
2973 22
2974 42
2975 41
2976 56
2977 4
2978 64
2979 72
2980 9
2981 77
2982 80
2983 10
2984 72
2985 28
2986 75
2987 55
2988 3
2989 11
2990 37
2991 15
2992 52
2993 65
2994 64
2995 42
2996 5
2997 19
2998 5
2999 4
