190 408 552 656 1046 1050 1283 2008 2294 2762 2834 2835 3470 4385 4793
301 481 588 727 730 1309 1599 1605 1889 2133 2152 2316 2389 2680 2813 2841 3078 3193 3263 3578 3611 3629 3653 3719 4275 4303 4495 4866 4935
226 241 557 1540 2420 2532 2706 2817 3057 3109 3410 3679 3936 4225 4371 4499 4507 4516 4705 4888 4994
124 441 585 686 827 993 1073 1267 1350 2709 2842 2897 3037 3319 3555 3806 4563 4823
37 178 232 374 466 499 619 622 724 737 739 758 771 818 876 879 954 980 981 1079 1103 1112 1162 1216 1224 1247 1376 1629 1713 1849 1852 1861 1874 1897 1906 1946 1994 2009 2045 2070 2097 2099 2192 2263 2292 2327 2333 2340 2357 2383 2410 2414 2442 2526 2601 2735 2744 2802 2830 2864 3071 3127 3139 3201 3347 3420 3530 3543 3717 3863 4159 4170 4189 4257 4261 4517 4702
50 142 200 310 463 701 1087 1151 1349 1656 1766 1800 2042 2124 2251 2750 3018 3377 3939 3972 4021 4042 4043 4248 4646 4718 4749 4756 4852
213 308 583 660 849 947 1223 1230 1924 2208 2404 2425 2931 3144 3210 3244 3310 3433 3444 3508 3567 3838 3944 4589 4660 4668 4677 4688 4767 4825 4896
378 396 419 651 881 1002 1585 1681 1749 1818 2017 2244 2810 2819 3194 3432 3757 3981 4000 4030 4577 4829 4909
125 233 515 774 982 1395 1472 1482 2186 2337 2421 2824 2848 2997 3334 3773 4196 4223 4437 4571 4584
7 364 1137 1720 2349 2382 3053 3162 3914 4109 4389 4390 4591 4778 4788
348 358 375 759 779 1310 1510 1843 1926 1928 2324 2353 2370 2570 2604 2727 2787 2853 2909 2920 3185 3389 3523 3649 3839 3879 4110 4137 4147 4160 4175 4179 4647 4693 4706 4801
249 299 1084 1198 1366 1653 1662 1700 1833 1987 2883 3302 3797
12 85 103 122 132 133 229 255 382 462 536 571 655 690 907 964 1047 1059 1092 1194 1207 1275 1325 1533 1546 1664 1675 1744 1755 1816 1823 2079 2136 2330 2400 2452 2463 2478 2665 2667 2889 2912 3152 3213 3355 3401 3592 3615 3756 3915 4012 4029 4079 4087 4205 4326 4337 4367 4600 4604 4664 4672 4698 4751 4794 4799 4977
90 266 388 507 568 592 618 647 654 762 854 1014 1240 1332 1423 1455 1597 1646 1668 1761 1854 1908 1966 2178 2224 2245 2385 2606 2635 2711 2714 2732 2876 2905 3084 3132 3206 3479 3541 3587 3805 3812 4005 4086 4386 4439 4564 4582 4585 4639 4736 4779 4821 4876 4995
53 159 217 277 342 383 417 672 793 797 842 1077 1157 1250 1254 1295 1382 1392 1427 1430 1475 1486 1598 1673 1770 1817 1828 1831 1863 1869 1891 2033 2039 2071 2109 2175 2181 2190 2193 2206 2229 2490 2499 2517 2521 2569 2589 2618 2621 2809 2837 2891 2928 2987 2989 3141 3211 3327 3359 3436 3467 3482 3636 3668 3670 3823 3866 3874 3888 3890 3952 3960 3969 4092 4105 4168 4177 4247 4368 4370 4375 4430 4450 4453 4482 4500 4510 4619 4655 4697 4722 4731 4743 4845
33 34 71 78 150 202 225 289 593 606 689 769 1048 1166 1192 1331 1402 1460 1467 1734 1771 1798 1907 1944 2106 2291 2619 2682 2685 2695 2725 2860 2959 2974 3703 3803 3811 3911 3922 3930 4126 4146 4408 4514 4654 4854 4998
126 185 186 253 257 322 339 425 433 493 612 675 785 791 871 940 1003 1056 1287 1351 1556 1785 2125 2202 2319 2443 2585 2701 2708 2815 2966 3004 3171 3259 3397 3428 3454 3582 3650 3683 3695 3824 3855 3908 3931 4094 4219 4226 4317 4423 4533 4570 4573 4641 4894 4939
172 437 513 924 1227 1346 1424 2110 2273 2283 2377 2380 2496 2574 2795 2939 2969 3079 3179 3271 3338 3340 3956 4113 4180 4262 4361 4410 4744 4765
14 319 426 617 749 761 795 805 829 917 972 1058 1085 1149 1284 1302 1321 1378 1385 1403 1443 1601 1622 1632 1768 1791 1851 1884 1898 1979 1983 2120 2188 2211 2258 2261 2266 2281 2432 2435 2495 2553 2628 2718 2986 3105 3106 3133 3220 3256 3336 3369 3398 3409 3667 3787 3804 3844 3904 4044 4057 4232 4284 4306 4336 4362 4758 4807 4813 4933 4940
173 733 841 1093 1885 2539 2751 2826 3676 3798 3800
62 112 128 196 223 230 372 496 531 630 804 806 918 948 997 998 1021 1028 1052 1070 1109 1118 1125 1131 1164 1173 1203 1476 1485 1524 1610 1627 1692 1775 1976 2011 2096 2112 2151 2153 2168 2259 2290 2314 2339 2356 2417 2445 2489 2608 2677 2696 2792 2831 2894 2917 3046 3218 3248 3300 3308 3344 3425 3439 3498 3573 3574 3618 3677 3718 3782 3896 3947 3971 3975 4003 4028 4061 4082 4116 4124 4216 4269 4330 4381 4458 4481 4506 4528 4601 4624 4665 4764 4768 4771 4844 4886 4961
3 236 469 959 1408 1758 2004 2865 2934 3298 3951 4297 4314
23 601 609 691 707 803 1167 1418 1743 2157 2629 2904 3502 4443 4535 4975
551 895 1208 1812 2185 2239 2501 2869 3638 3666
129 242 328 767 962 1507 1577 3497 3680 3708
18 59 89 1008 1097 1318 1809 2132 2453 3421 3899 4459 4534 4606
1075 1328 1559 1568 2000 2142 2174 2776 2932 3759
870 999 1006 1132 1288 1470 2161 2508 2544 2557 2588 2851 2866 2929 3041 3063 3099 3269 3472 3691 3754 4136 4152 4256 4283 4300 4378 4454 4586 4613 4680 4833
370 510 903 1663 1876 2173 3378 3473 3755 3822
114 165 195 279 321 381 392 399 461 563 633 649 704 748 777 820 994 1083 1187 1246 1390 1490 1578 1674 1722 1730 1804 1935 2026 2030 2040 2041 2176 2270 2301 2413 2459 2552 2583 2612 2686 2697 2803 2968 2999 3052 3124 3163 3216 3289 3294 3352 3361 3371 3394 3412 3463 3652 3748 3762 3785 3846 4023 4025 4123 4217 4218 4252 4332 4396 4398 4446 4463 4548 4552 4555 4615 4712 4770 4840 4865 4867 4878 4951 4976
94 237 245 309 337 351 540 575 629 673 1042 1248 1296 1334 1608 1716 1799 1810 1845 2059 2237 2347 2510 2586 2656 2666 2699 2742 2757 2899 2911 2967 3167 3260 3264 3284 3290 3384 3445 3462 3469 3481 3579 3617 3643 3664 3731 3789 3992 4013 4122 4166 4198 4221 4236 4291 4501 4515 4527 4650 4684 4710 4713 4808 4899 4982
9 147 238 640 788 794 819 1017 1338 1642 1661 1790 1829 2234 2363 2441 2470 2471 2596 2620 2777 3563 4111 4290 4310 4480 4745 4834 4981
368 412 478 648 770 830 848 852 1220 1239 1573 1584 1589 2060 2436 2512 2624 2965 2988 3077 3299 3350 3499 3553 3891 4054 4263 4380 4427 4945
80 84 104 117 157 188 212 265 389 695 708 807 817 861 893 952 1029 1069 1281 1431 1511 1536 1549 1567 1572 1603 1630 1706 1707 1977 2119 2159 2228 2275 2300 2374 2407 2530 2567 2673 2691 2715 2805 2930 2978 3172 3184 3320 3408 3457 3493 3601 3603 3747 3770 3993 4033 4108 4133 4176 4344 4397 4416 4477 4479 4621 4667 4716 4750 4937 4963 4999
276 300 324 521 545 909 1090 1144 1971 2214 2276 2371 2568 2784 2956 3033 3116 3180 3330 3388 3429 3441 3880 4048 4080 4085 4148 4497 4625
490 556 1278 1916 2077 2083 2412 2514 2584 2760 3165 3204
254 812 853 1303 1638 2220 2846 2984 3098 3257 3279 3689 4066 4574 4637 4843 4920
98 158 278 295 307 395 459 477 615 623 668 683 725 845 866 882 921 974 1030 1139 1154 1163 1336 1375 1384 1400 1420 1752 1834 1909 1960 1969 2117 2210 2241 2295 2373 2408 2415 2426 2565 2622 2684 2692 2698 2746 2761 2775 2785 2949 2958 2980 2993 3051 3205 3214 3241 3254 3383 3385 3402 3471 3517 3558 3602 3605 3671 3713 3745 3783 3786 3861 3893 3941 3986 4011 4062 4078 4091 4197 4211 4278 4293 4363 4424 4433 4474 4568 4581 4651 4787 4862 4955
119 166 311 547 1037 1354 1655 1789 2182 2764 2962 3197 3281 3828 3966 4006 4242 4402 4657
24 168 694 1123 1190 1918 1925 2850 2941 3208
96 97 251 272 373 485 555 729 753 1209 1217 1293 1355 1357 1370 1381 1426 1428 1500 1554 2063 2134 2183 2388 2529 2537 2560 2578 2653 2657 2675 2719 2729 2833 2895 2913 3012 3200 3240 3375 3391 3484 3645 3752 3814 3963 4015 4022 4046 4200 4214 4349 4366 4415 4491 4704 4785 4818 4824 4861 4905 4910 4912 4949
335 1049 1065 1174 1826 1961 2461 3107 3345 3505 3750
64 539 559 616 728 801 955 971 984 1013 1290 1435 1484 1495 1552 1574 1645 1669 1753 1862 1864 2025 2143 2212 2235 2285 2311 2643 2704 2755 2945 3096 3151 3189 3212 3307 3465 3619 3628 3663 3794 3810 3851 3955 4056 4153 4636 4701
22 30 100 323 578 712 1235 1438 1759 1782 1950 2035 2101 2122 2180 2440 2602 2822 2862 2887 3272 3501 3928 3985 4035 4083 4139 4162 4281 4351 4393 4422 4579 4583 4892 4906 4927
66 69 77 83 139 161 221 227 252 283 369 409 491 564 636 670 688 698 711 718 798 809 822 886 960 1057 1168 1188 1206 1210 1264 1276 1441 1693 1710 1727 1750 1779 1958 1981 2064 2111 2116 2217 2399 2481 2516 2572 2838 2844 2873 2888 2896 3017 3020 3023 3048 3075 3128 3136 3142 3280 3339 3341 3435 3545 3612 3635 3662 3727 3738 3765 3784 3920 4014 4024 4158 4187 4191 4201 4206 4240 4258 4280 4287 4353 4379 4521 4623 4640 4644 4761 4810 4846 4948 4987
256 259 313 346 361 397 416 428 516 530 715 821 923 961 1061 1172 1234 1316 1326 1419 1545 1738 1765 1793 1815 1836 1949 2057 2081 2252 2282 2422 2455 2575 2644 2648 2793 2918 2977 3008 3130 3235 3273 3317 3333 3364 3559 3590 3825 3895 3900 3933 4142 4144 4308 4316 4347 4350 4383 4413 4456 4464 4473 4572 4741 4784 4804 4903 4918 4932
1 131 205 406 523 764 1269 1904 2104 2458 2791 2901 2927 3112 3150 3217 3665 4049 4112 4851 4887
38 316 885 1229 1368 1633 2155 2352 2466 2634 2694 2902 3351 3390 4041 4117 4312 4485 4969
16 160 228 286 298 318 349 697 706 710 722 736 773 930 1004 1064 1175 1371 1374 1530 1550 1650 1846 1893 1962 1993 1997 2044 2403 2548 2558 2576 2605 2631 2683 2829 3101 3232 3309 3368 3405 3455 3633 3769 3924 3953 4007 4323 4345 4392 4856
55 177 197 248 356 632 776 847 863 888 996 1115 1127 1143 1145 1191 1232 1306 1456 1461 1684 1687 1877 1903 1974 2080 2089 2196 2360 2450 2480 2502 2587 2738 2816 2893 3030 3047 3283 3438 3529 3594 3622 3661 3669 3735 3764 3842 4059 4095 4101 4167 4266 4382 4560 4578 4707 4775 4983
2 88 247 543 663 1045 1292 1488 1657 1806 2277 2549 2780 3131 3199 3360 3393 3407 3565 3853 3910 3968 4207 4505
81 833 1076 1268 1322 1988 2105 2221 2771 2907 3001 3067 3177 3353 3382 3437 3632 3658 3826 4065 4265 4740 4753 4908
20 40 111 235 258 327 331 371 457 526 584 646 682 693 705 872 933 1040 1099 1142 1171 1215 1252 1262 1352 1398 1436 1477 1504 1505 1543 1613 1686 1712 1725 1733 1745 1821 1868 1915 2095 2199 2328 2332 2355 2437 2523 2540 2550 2556 2598 2668 2874 3059 3065 3083 3092 3104 3154 3166 3175 3195 3239 3245 3292 3296 3367 3430 3478 3507 3509 3512 3609 3610 3614 3681 3723 3788 3795 3886 3918 3995 4027 4088 4268 4289 4341 4346 4455 4518 4607 4632 4671 4735 4752 4800 4936 4952 4993
976 1019 1538 1553 1701 1901 1945 2623 2689 2713 2948 3477 3623 4210 4792
17 52 65 102 176 179 288 302 345 402 448 505 600 815 859 883 906 1026 1204 1211 1377 1412 1458 1468 1518 1557 1590 1688 1757 1795 1813 2137 2260 2310 2342 2487 2702 2804 2892 2985 3054 3225 3255 3357 3404 3544 3591 3843 3850 3881 3882 3927 3977 3983 4034 4074 4076 4241 4292 4358 4428 4429 4460 4486 4541 4543 4629 4690 4755 4797 4806 4847 4967
73 115 148 152 263 290 384 422 464 534 560 562 572 582 614 639 681 747 766 778 824 963 969 1067 1193 1231 1238 1297 1327 1373 1422 1432 1514 1566 1637 1763 1848 1936 2065 2397 2401 2424 2473 2561 2716 2766 2921 2953 3009 3035 3081 3086 3304 3343 3346 3362 3411 3413 3588 3724 3916 3965 3979 3997 3998 4140 4165 4182 4237 4348 4508 4520 4530 4544 4822 4853 4895 4926 4979 4990
63 137 206 317 326 512 522 525 836 838 910 973 1022 1277 1391 1643 1719 2200 2207 2315 2430 2462 2488 2737 2740 2749 2798 2990 3073 3129 3168 3456 3624 3831 3967 4559 4649 4911
305 376 377 440 548 570 678 714 772 858 867 1096 1107 1179 1242 1265 1387 1417 1425 1453 1454 1516 1670 1754 1888 1953 2019 2084 2232 2307 2590 2632 2650 2651 2679 2748 2961 3026 3056 3082 3417 3712 3779 3917 3929 4018 4068 4249 4298 4531 4634 4676 4790 4803 4835
26 144 261 294 354 508 514 658 942 1033 1062 1098 1496 1739 2012 2038 2782 2857 3145 3406 3644 3715 3728 3802 3867 3898 3902 4055 4103 4118 4224 4719 4877 4889 4916 4922
116 380 413 427 467 702 775 1078 1114 1117 1160 1280 1383 1413 1625 1796 1822 1858 2027 2069 2087 2286 2446 2472 2613 2633 2828 2855 2937 3015 3178 3230 3337 3426 3552 3604 3672 3716 3721 3725 3734 3766 3799 3808 3845 4185 4227 4299 4547 4732 4968
28 43 82 93 244 246 325 363 367 468 581 621 754 913 977 1027 1035 1158 1236 1311 1342 1649 1652 1660 1840 1870 1992 2003 2130 2148 2231 2305 2331 2439 2504 2506 2627 2720 2772 2925 3036 3121 3192 3285 3335 3373 3702 4047 4098 4125 4192 4239 4243 4489 4631 4673 4815 4860 4881 4891 4923 4938
945 1025 1631 2141 2156 2335 2641 3265 3561 3746 4010 4090 4682 4686 4708 4832
42 91 95 240 353 666 745 1101 1105 1150 1214 1308 1521 1620 1639 1654 1788 1827 1921 1984 2103 2350 2379 2479 2800 2952 3087 3164 3301 3324 3328 3342 3447 3560 3873 3987 4050 4492
291 304 456 561 573 796 857 900 1043 1053 1060 1315 1347 1361 1433 1451 1471 1537 1665 1947 2123 2135 2302 2313 2406 2457 2476 2562 2626 2770 2799 2852 2871 2996 3088 3159 3234 3288 3584 3595 3648 3774 3781 4004 4084 4255 4608 4642 4703 4907 4965
789 1018 1159 1202 1991 1998 2032 2808 2840 2910 3267 3641
8 61 108 347 362 472 506 519 542 810 826 832 896 1032 1091 1558 1561 1685 1847 1900 1929 2028 2131 2289 2322 2334 2411 2431 2500 2535 2564 2758 2882 3566 3586 3626 3905 4070 4199 4222 4244 4246 4254 4320 4328 4364 4468 4596 4618 4626 4721 4726 4759 4786 4858 4863 4947
391 535 537 637 1615 2223 2265 2607 2687 2756 3460 3518 3520 3613 3827 3877 3913 4121 4374 4475 4700
105 145 231 943 1313 1386 1415 1494 1842 1954 2293 2423 2721 2991 3066 4183 4461 4819
0 296 312 465 473 482 554 589 634 687 719 855 884 911 1010 1041 1213 1320 1532 1616 1666 1702 1714 1794 1882 1919 1938 2068 2113 2195 2226 2507 2546 2640 2661 2753 2827 2839 2845 3028 3031 3049 3064 3119 3246 3297 3399 3400 3684 3790 4259 4331 4709 4733 4739 4747 4838 4859 4869 4915 4972
944 1233 1261 1531 1619 1801 1838 2093 2255 2593 2924 3365 4063
282 352 414 475 533 566 659 677 731 864 898 922 995 1015 1071 1110 1360 1363 1502 1570 1579 1626 1679 1859 1860 1959 1972 1982 2204 2218 2253 2272 2298 2378 2547 2743 2774 2811 2847 2861 2981 3007 3045 3080 3176 3275 3451 3453 3599 3793 3819 3973 4037 4039 4089 4104 4157 4235 4273 4321 4329 4355 4409 4421 4434 4440 4496 4549 4588 4597 4599 4666 4780 4848 4890 4919 4973
130 194 359 418 509 684 850 1038 1106 1128 1237 1294 1298 1446 1621 1678 1781 1853 1920 1978 2088 2278 2428 2577 2630 2881 2908 2947 3147 3242 3277 3395 3446 3569 3640 3674 3687 3760 4305 4565 4587 4595 4602 4627 4757 4872 4962
837 860 951 1592 1746 2050 2227 2998 3113 3282 3816 3852 4215
193 218 338 480 840 1169 1244 1279 1291 1647 1905 2023 2086 2171 2262 2960 3006 3029 3134 3261 3722 3935 3937 4067 4151 4472 4791 4871
429 438 502 546 626 665 790 839 949 966 987 1341 1364 1399 1440 1844 1990 2107 2118 2396 2581 2617 2731 2796 3123 3660 3777 3792 3889 4032 4072 4796 4880 4898 4931
267 269 604 676 679 696 865 939 992 1147 1397 1544 1986 2474 2726 3149 3396 3491 3581 3685 3869 3875 3907 3988 4020 4097 4286 4354 4388 4452 4661 4699 4942
10 29 1095 1676 1867 2053 2167 2543 3516 4288 4365 4484 4537 4558
184 336 470 671 755 937 1104 1121 1307 1856 2147 2296 2372 2724 3366 3608 4529 4643 4956 4988
243 454 586 603 625 628 657 721 843 985 1089 1178 1189 1219 1255 1274 1797 1871 2015 2194 2519 2554 2747 3095 3243 3461 3606 3682 3780 3883 3926 3962 4194 4556 4630 4921
199 306 334 424 497 501 642 662 780 782 988 1416 1534 1582 1591 1607 1644 1772 1872 1894 1927 1963 1965 2006 2014 2018 2078 2238 2247 2287 2309 2312 2438 2528 2579 2615 2671 2672 2688 2812 2818 2863 2868 3014 3062 3137 3161 3291 3314 3329 3379 3448 3475 3580 3892 3994 4115 4134 4169 4204 4335 4403 4414 4436 4465 4466 4483 4542 4691 4696 4727 4809 4897
792 920 967 991 1081 1108 1212 1345 1394 1721 1912 1970 2029 2271 2351 2954 2963 3227 3316 3655 4294 4311 4478 4513 4966 4980
48 350 394 458 489 520 856 869 891 936 1138 1469 1493 1513 1539 1560 1571 1996 2126 2164 2467 2591 2600 2655 2832 3038 3069 3072 3110 3442 3489 3848 3991 4277 4333 4338 4359 4404 4503 4594 4724 4917
41 70 99 149 407 751 784 825 1031 1314 1367 1379 1389 1541 1602 1792 1820 1824 1914 1964 2144 2361 2449 2599 2625 2646 2705 3025 3187 3506 3539 3570 3743 3761 3768 3801 3996 4077 4188 4511 4524 4551 4620 4714 4738 4884 4944 4958 4978 4989
4 44 68 121 171 183 315 638 932 968 978 1088 1116 1136 1153 1181 1289 1299 1411 1457 1464 1466 1569 1699 1709 1850 1855 1879 2197 2198 2341 2419 2469 2494 2582 2595 2597 2642 2734 2821 2854 2859 2870 2875 2942 2992 3003 3085 3226 3266 3270 3278 3312 3376 3415 3480 3503 3527 3568 3572 3647 3673 3699 3837 3865 3870 4064 4149 4190 4231 4327 4352 4449 4493 4546 4617 4648 4653 4772 4820 4874 4875
74 140 182 224 281 297 320 330 344 385 405 486 580 602 605 608 669 713 743 744 892 1124 1196 1337 1404 1450 1481 1517 1641 1648 1651 1957 1999 2013 2128 2279 2359 2384 2395 2503 2563 2616 2658 2669 2700 2752 2763 2825 2872 2916 2955 3011 3060 3094 3102 3203 3252 3492 3534 3583 3688 3704 3751 3903 3950 3961 4052 4107 4143 4171 4172 4229 4234 4296 4394 4447 4457 4566 4645 4670 4685 4812 4827 4850 4855 4960 4986
234 931 1939 2024 2429 3403 3554 3596 3737 3938 4339 4420 4504
768 1317 1522 1604 1636 2020 2647 2789 3118 3196 3349 3706 3744 4373
154 400 460 763 1044 1259 1489 1548 1634 1659 1731 1880 1899 1967 1985 1989 2021 2150 2162 2242 2246 2343 2505 2545 2759 2778 2979 3043 3155 3181 3236 3380 3427 3556 3577 3637 3707 3775 3923 3970 4002 4127 4538 4635 4857 4950 4964
163 287 495 928 975 1135 1199 1241 1329 1487 1729 2058 2154 2348 2427 2555 2571 2610 2636 2638 2741 2843 2923 2944 3174 3207 3772 3884 3978 4096 4173 4264 4295 4467 4488 4611 4781 4802 4934
170 393 444 538 549 587 611 699 709 851 880 914 1120 1134 1200 1226 1282 1323 1480 1723 1769 1825 1942 2129 2189 2541 2654 2659 2807 2879 2940 3222 3258 3311 3326 3452 3476 3564 3571 3639 3705 3720 3739 3906 3958 4069 4391 4425 4476 4525 4683 4687 4943
51 591 1155 1165 1195 1362 1409 2524 2878 2982 2995 3525 3701 3858 4540 4679 4782 4798 4873
109 410 524 550 846 1333 1405 1483 1955 1956 2022 2102 2240 2248 2304 2391 2483 2922 3510 3815 3921 4040 4114 4186 4377 4590 4830 4930
831 958 1102 1197 1396 1525 1762 1835 2036 2402 2773 3005 3148 3198 3597 3740 4178 4633 4652
21 285 905 1270 1300 2076 2484 3103 3374 3532
58 386 1152 1421 1463 1465 1672 2061 2723 2856 3156 4036 4100 4129 4253 4302 4659
107 643 1034 1892 2074 2209 2320 2592 2594 3496 3771
32 36 742 783 986 1807 2187 2329 2580 2733 2754 3422 3631 3854 3957 4334 4662 4663 4953
45 135 191 303 1011 1055 1205 1228 1783 1923 1952 2957 3044 3686 3830 4058 4267 4343 4357 4384 4730 4816 4826 4904
271 314 927 1887 2016 2454 3039 3058 3251 3533
67 189 273 1286 2090 2215 2376 3126 3135 3233
387 415 450 597 635 1001 1177 1186 1221 1401 1448 1587 1866 2048 2418 2712 2779 2781 3504 3540 3549 3732 3813 4675 4754
151 155 187 220 340 343 420 527 650 653 700 915 1141 1184 1258 1667 1708 1808 1873 1875 1941 2052 2072 2108 2140 2191 2268 2398 2559 2652 2707 2736 2971 2972 3002 3024 3182 3231 3419 3487 3526 3531 3634 3694 4051 4071 4154 4163 4209 4319 4593 4763 4811
35 106 134 181 192 333 390 411 442 474 661 703 732 816 835 1012 1068 1074 1146 1272 1452 1705 1728 1814 1968 2031 2054 2184 2369 2926 3108 3249 3363 3522 3642 3776 3809 3832 3974 3976 3999 4150 4431 4512 4728 4836
60 79 169 365 479 579 899 1335 1372 1519 1527 1542 1595 1776 1895 2043 2693 2786 2886 2919 3354 3488 3593 3733 4132 4161 4313 4407 4605 4609
25 203 403 430 544 577 752 887 957 979 1111 1180 1185 1353 1878 1911 1940 2007 2066 2303 2381 2394 2970 3483 3486 4120 4279 4502 4760 4868
210 239 518 641 746 875 919 1285 1498 1501 1839 1865 1975 2527 2536 2649 2676 2728 2849 2867 2964 3093 3247 3434 3692 3700 3741 3856 4193 4233 4322 4828
39 76 87 92 146 222 292 404 421 436 445 483 631 674 734 756 844 965 1005 1305 1459 1640 1704 1741 1917 1948 2037 2049 2146 2166 2236 2267 2317 2354 2366 2387 2465 2611 2637 2690 2717 2900 2976 3016 3042 3050 3068 3146 3190 3253 3513 3562 3656 3697 3749 3868 3990 4038 4181 4230 4250 4309 4356 4417 4536 4616 4795 4992
86 127 765 938 1444 1580 1600 2730 3331 3494 3654 3710 3860 4251 4575 4928 4970
284 341 935 1183 1344 1499 1736 2346 2434 3209 4220 4245 4603 4610 4694
56 175 260 332 398 487 503 613 685 717 741 877 908 1000 1020 1148 1225 1388 1434 1596 1691 1748 2160 2230 2288 2362 2393 2475 2542 2660 2790 2915 3115 3138 3237 3370 3387 3519 3876 3885 4081 4208 4212 4274 4444 4539 4576 4695 4769 4842 4914 4946
118 180 802 1528 1718 1767 2138 2534 2938 3696
198 215 262 432 529 664 726 740 760 813 878 929 990 1082 1094 1129 1301 1437 1462 1474 1611 1715 1811 1934 2170 2203 2233 2451 2464 2509 2768 2794 2823 3019 3070 3074 3090 3238 3303 3416 3485 3514 3625 3714 3791 3901 3909 3964 4130 4271 4282 4494 4526 4550 4569 4580 4656 4720 4883 4893 4902 4941 4957
250 439 576 925 1943 2139 2165 2820 3021 3229 3841 3919 4405
553 1492 1756 1802 1803 1883 2082 2149 2163 2538 2836 3202 3332 3546 4053 4692 4849 4984
46 101 268 366 435 449 498 511 594 598 610 757 781 823 862 890 897 950 970 1119 1249 1251 1304 1348 1491 1547 1658 1747 1774 1857 1937 2094 2100 2158 2172 2318 2345 2513 2520 2522 2525 2609 2662 2745 2769 2933 3111 3122 3125 3221 3276 3313 3322 3443 3458 3515 3548 3585 3620 3657 3693 3711 3729 3949 3982 4045 4131 4164 4451 4532 4689 4748 4805 4817 4837 4913
54 72 692 946 956 1007 1024 1133 1365 1737 1951 2091 2127 2177 2205 2321 2358 2492 2788 2946 3160 3224 3286 3440 3678 3835 3871 4400 4462 4470 4519 4839 4864 4985 4991
31 624 811 1016 1176 1256 1266 1380 1724 2051 2433 2983 3140 3215 4060 4099 4156 4184 4260 4318 4324 4325 4487 4725 4746 4773 4789 4831
110 167 204 207 211 293 541 620 667 814 834 894 1130 1222 1271 1319 1324 1369 1503 1575 1581 1588 1606 1614 1830 1837 1973 2034 2092 2169 2201 2213 2257 2264 2375 2386 2447 2456 2485 2515 2573 2639 2975 2994 3158 3186 3219 3293 3295 3381 3500 3536 3575 3616 3651 3675 3796 3943 3984 4008 4315 4406 4412 4419 4438 4448 4561 4628 4674 4678 4762 4900
216 451 595 1009 1170 1201 1933 2297 2299 2308 2767 3730
120 786 787 926 2416 2951 3424 3630 3726 3767 4145 4498 4592 4742 4777 4841 4954
47 57 75 138 219 401 447 452 471 720 901 941 1051 1122 1161 1330 1393 1414 1429 1439 1449 1508 1523 1562 1697 1711 1717 1726 1740 1742 1832 1910 1913 1922 2067 2098 2121 2249 2368 2444 2497 2498 2566 2663 2681 2722 2739 2858 2877 2898 2914 2973 3013 3027 3034 3157 3169 3173 3191 3318 3323 3450 3466 3495 3557 3627 3659 3817 3821 3847 3859 3862 3872 3934 3954 4016 4276 4307 4369 4445 4509 4562 4567 4614 4638 4681 4737 4776 4885
49 164 209 476 590 644 716 889 1218 1343 1698 1841 2073 2222 2323 2344 2390 2614 2670 2703 2906 3091 3097 3114 3117 3325 3386 3474 3547 3550 3551 3709 3820 3857 3878 3989 4285 4418 4469 4523 4669 4774 4814 4870 4996 4997
11 280 565 627 645 799 1066 1182 1312 1447 1515 1555 1677 1680 1695 1886 1902 2005 2056 2075 2284 2392 2409 2531 2806 2936 2950 3010 3022 3061 3274 3524 3698 3818 3836 3840 3912 3932 3948 4073 4304 4490 4622 4711 4925
143 504 680 1696 1751 1787 1932 3100 3321 3589 3646 3834 4106 4228 4426 4553 4715
6 141 274 443 574 596 599 1156 1442 1671 1930 2001 2046 2115 2145 2219 2256 2364 2533 2551 2885 3032 3055 3183 3228 3348 3372 3418 3535 3538 3598 3833 3849 4001 4031 4155 4203 4387 4723 4901
113 214 379 431 488 874 1054 1126 1245 1253 1410 1478 1564 1565 1593 1618 1624 1690 1703 1777 1780 1931 1980 2085 2280 2325 2468 2511 2674 2801 2814 2890 2935 3143 3153 3188 3223 3356 3414 3528 3607 3736 3925 3946 4075 4301 4340 4342 4376 4432 4545 4879 4882 4929 4974
153 355 484 1356 1682 1683 2114 2678 2765 3076 3315 3431 3537 3576 3945
873 904 1023 1243 1583 2250 2274 2306 3490 3742
15 27 123 264 270 275 360 455 492 500 532 652 723 735 750 800 808 902 912 989 1036 1100 1260 1339 1445 1479 1506 1520 1529 1551 1563 1576 1586 1594 1612 1628 1735 1760 1764 1773 1778 1805 1819 1896 1995 2010 2179 2216 2254 2326 2365 2903 3040 3120 3170 3306 3392 3449 3621 3690 3758 3763 3807 3829 3864 4093 4102 4135 4138 4141 4174 4195 4272 4395 4435 4554 4717 4766
13 174 201 357 517 607 1113 1340 1617 2062 2460 2477 2482 3468 4128 4202 4734
5 19 136 156 329 494 569 953 983 1039 1063 1080 1086 1140 1263 1273 1358 1359 1473 1509 1526 1609 1623 1689 1694 1732 1881 1890 2225 2243 2269 2448 2486 2493 2603 2645 2664 2710 2797 2884 3000 3089 3250 3459 3511 3753 3887 3894 3940 3942 3959 4017 4019 4026 4119 4360 4399 4401 4411 4442 4471 4557 4598 4729 4924 4959 4971
162 453 528 567 1512 1535 1635 1784 2002 2367 2491 2783 3464 3600 3897 3980 4522 4612
423 446 558 828 934 1407 2338 2405 2518 3287 3358 4270 4372 4441
208 434 868 1257 1406 1786 2055 2943 3305 3521 3778 4213 4238 4658 4783
738 916 1072 1497 2047 2336 2880 3262 3268 3423 3542 4009
