0 -1
1 -1
2 -1
3 7
4 -1
5 8
6 -1
7 8
8 -1
9 -1
10 6
11 -1
12 7
13 -1
14 8
15 -1
16 7
17 2
18 3
19 3
20 6
21 -1
22 -1
23 -1
24 6
25 6
26 7
27 6
28 -1
29 6
30 6
31 6
32 -1
33 6
34 -1
35 -1
36 -1
37 -1
38 6
39 -1
40 -1
41 -1
42 8
43 -1
44 -1
45 -1
46 -1
47 -1
48 -1
49 -1
50 6
51 6
52 -1
53 -1
54 6
55 6
56 6
57 -1
58 -1
59 0
60 -1
61 -1
62 8
63 -1
64 -1
65 6
66 -1
67 8
68 -1
69 -1
70 6
71 6
72 7
73 -1
74 -1
75 5
76 -1
77 -1
78 -1
79 -1
80 3
81 -1
82 6
83 4
84 6
85 -1
86 6
87 6
88 -1
89 -1
90 -1
91 2
92 -1
93 -1
94 6
95 6
96 8
97 -1
98 -1
99 -1
100 6
101 -1
102 -1
103 -1
104 -1
105 7
106 -1
107 6
108 -1
109 -1
110 6
111 -1
112 6
113 -1
114 -1
115 -1
116 7
117 1
118 -1
119 5
120 4
121 6
122 5
123 -1
124 -1
125 -1
126 -1
127 -1
128 -1
129 3
130 6
131 -1
132 6
133 6
134 0
135 6
136 -1
137 -1
138 6
139 3
140 2
141 5
142 -1
143 7
144 6
145 -1
146 -1
147 -1
148 0
149 -1
150 0
151 -1
152 -1
153 6
154 6
155 6
156 -1
157 2
158 4
159 6
160 6
161 6
162 4
163 6
164 6
165 5
166 -1
167 7
168 -1
169 -1
170 -1
171 -1
172 -1
173 6
174 6
175 -1
176 -1
177 -1
178 6
179 -1
180 6
181 6
182 6
183 6
184 -1
185 6
186 3
187 -1
188 -1
189 -1
190 6
191 6
192 6
193 6
194 6
195 6
196 -1
197 -1
198 6
199 -1
200 -1
201 -1
202 -1
203 8
204 6
205 5
206 -1
207 6
208 -1
209 -1
210 -1
211 -1
212 -1
213 6
214 -1
215 -1
216 6
217 0
218 6
219 3
220 3
221 5
222 6
223 -1
224 8
225 -1
226 5
227 -1
228 -1
229 6
230 6
231 -1
232 6
233 -1
234 6
235 -1
236 -1
237 -1
238 6
239 -1
240 7
241 -1
242 6
243 -1
244 8
245 4
246 -1
247 6
248 -1
249 3
250 -1
251 5
252 6
253 6
254 6
255 -1
256 -1
257 6
258 -1
259 6
260 -1
261 -1
262 -1
263 3
264 3
265 -1
266 -1
267 3
268 5
269 -1
270 -1
271 6
272 -1
273 -1
274 -1
275 6
276 -1
277 -1
278 -1
279 -1
280 -1
281 -1
282 6
283 -1
284 6
285 -1
286 -1
287 4
288 6
289 3
290 -1
291 6
292 6
293 2
294 6
295 -1
296 8
297 -1
298 -1
299 -1
300 -1
301 6
302 -1
303 6
304 -1
305 6
306 -1
307 6
308 6
309 -1
310 -1
311 6
312 -1
313 3
314 -1
315 -1
316 -1
317 -1
318 -1
319 -1
320 6
321 -1
322 6
323 -1
324 -1
325 6
326 5
327 8
328 -1
329 -1
330 6
331 -1
332 -1
333 -1
334 3
335 -1
336 -1
337 3
338 -1
339 5
340 -1
341 -1
342 -1
343 5
344 8
345 -1
346 -1
347 -1
348 -1
349 3
350 6
351 -1
352 -1
353 -1
354 -1
355 6
356 6
357 -1
358 -1
359 -1
360 -1
361 -1
362 -1
363 6
364 6
365 0
366 -1
367 0
368 -1
369 -1
370 5
371 -1
372 -1
373 -1
374 5
375 7
376 2
377 -1
378 6
379 -1
380 6
381 -1
382 6
383 -1
384 6
385 6
386 -1
387 -1
388 -1
389 -1
390 -1
391 6
392 -1
393 -1
394 -1
395 -1
396 6
397 6
398 -1
399 -1
400 -1
401 -1
402 -1
403 6
404 -1
405 6
406 6
407 -1
408 -1
409 6
410 -1
411 -1
412 -1
413 -1
414 -1
415 -1
416 -1
417 7
418 -1
419 -1
420 -1
421 6
422 -1
423 -1
424 -1
425 -1
426 -1
427 -1
428 6
429 -1
430 8
431 -1
432 -1
433 6
434 -1
435 8
436 3
437 6
438 -1
439 -1
440 -1
441 -1
442 -1
443 6
444 6
445 6
446 6
447 -1
448 3
449 8
450 6
451 -1
452 -1
453 7
454 -1
455 6
456 -1
457 -1
458 -1
459 -1
460 -1
461 6
462 -1
463 -1
464 -1
465 -1
466 -1
467 -1
468 6
469 6
470 -1
471 -1
472 -1
473 -1
474 -1
475 -1
476 -1
477 6
478 6
479 -1
480 8
481 -1
482 3
483 6
484 -1
485 6
486 0
487 6
488 -1
489 8
490 -1
491 -1
492 -1
493 6
494 6
495 6
496 8
497 5
498 6
499 5
500 -1
501 -1
502 6
503 1
504 -1
505 3
506 -1
507 -1
508 6
509 6
510 -1
511 -1
512 -1
513 7
514 -1
515 -1
516 6
517 -1
518 -1
519 -1
520 6
521 4
522 -1
523 6
524 -1
525 -1
526 3
527 -1
528 1
529 6
530 -1
531 5
532 -1
533 -1
534 6
535 -1
536 5
537 -1
538 6
539 6
540 6
541 5
542 8
543 -1
544 -1
545 -1
546 -1
547 2
548 -1
549 6
550 -1
551 -1
552 -1
553 6
554 5
555 -1
556 -1
557 7
558 -1
559 6
560 7
561 -1
562 2
563 6
564 -1
565 6
566 5
567 6
568 6
569 -1
570 8
571 -1
572 -1
573 -1
574 -1
575 -1
576 6
577 -1
578 6
579 -1
580 -1
581 -1
582 -1
583 -1
584 -1
585 6
586 8
587 2
588 6
589 6
590 -1
591 -1
592 -1
593 -1
594 -1
595 6
596 -1
597 -1
598 6
599 3
600 -1
601 -1
602 -1
603 6
604 6
605 -1
606 3
607 -1
608 -1
609 -1
610 6
611 -1
612 -1
613 6
614 -1
615 -1
616 -1
617 -1
618 -1
619 -1
620 -1
621 -1
622 -1
623 2
624 6
625 -1
626 -1
627 -1
628 6
629 -1
630 -1
631 -1
632 6
633 -1
634 5
635 6
636 6
637 -1
638 -1
639 6
640 6
641 6
642 6
643 6
644 6
645 -1
646 -1
647 -1
648 6
649 -1
650 -1
651 2
652 6
653 8
654 6
655 6
656 -1
657 6
658 -1
659 6
660 6
661 -1
662 -1
663 2
664 -1
665 6
666 -1
667 -1
668 6
669 8
670 3
671 -1
672 6
673 -1
674 6
675 6
676 6
677 -1
678 6
679 6
680 6
681 -1
682 6
683 7
684 6
685 3
686 6
687 -1
688 -1
689 1
690 -1
691 8
692 -1
693 -1
694 -1
695 6
696 -1
697 3
698 -1
699 -1
700 -1
701 -1
702 6
703 6
704 -1
705 -1
706 -1
707 6
708 6
709 -1
710 -1
711 6
712 6
713 -1
714 5
715 -1
716 6
717 6
718 -1
719 -1
720 6
721 -1
722 -1
723 6
724 8
725 -1
726 -1
727 6
728 -1
729 -1
730 -1
731 4
732 6
733 -1
734 6
735 -1
736 6
737 6
738 6
739 -1
740 3
741 6
742 7
743 6
744 6
745 6
746 6
747 6
748 -1
749 -1
750 6
751 -1
752 -1
753 8
754 -1
755 -1
756 -1
757 -1
758 -1
759 5
760 5
761 6
762 -1
763 6
764 -1
765 6
766 6
767 6
768 6
769 -1
770 -1
771 -1
772 -1
773 -1
774 -1
775 -1
776 -1
777 6
778 6
779 -1
780 -1
781 -1
782 7
783 7
784 6
785 -1
786 -1
787 -1
788 -1
789 6
790 4
791 -1
792 6
793 -1
794 6
795 -1
796 6
797 -1
798 -1
799 -1
800 -1
801 -1
802 6
803 6
804 -1
805 6
806 3
807 -1
808 -1
809 5
810 6
811 6
812 -1
813 -1
814 -1
815 6
816 6
817 2
818 5
819 3
820 -1
821 -1
822 -1
823 -1
824 6
825 6
826 2
827 6
828 6
829 6
830 -1
831 -1
832 -1
833 -1
834 -1
835 6
836 -1
837 6
838 -1
839 -1
840 -1
841 6
842 -1
843 -1
844 6
845 -1
846 6
847 -1
848 6
849 6
850 6
851 6
852 -1
853 6
854 5
855 3
856 -1
857 -1
858 6
859 -1
860 -1
861 8
862 -1
863 6
864 6
865 6
866 -1
867 2
868 -1
869 -1
870 -1
871 -1
872 -1
873 -1
874 2
875 6
876 8
877 -1
878 -1
879 6
880 -1
881 6
882 6
883 -1
884 -1
885 -1
886 6
887 6
888 -1
889 2
890 6
891 -1
892 -1
893 -1
894 6
895 3
896 3
897 6
898 -1
899 7
900 -1
901 -1
902 -1
903 -1
904 6
905 -1
906 -1
907 -1
908 -1
909 6
910 7
911 -1
912 -1
913 -1
914 8
915 -1
916 -1
917 8
918 -1
919 6
920 -1
921 6
922 6
923 6
924 -1
925 6
926 6
927 -1
928 8
929 6
930 6
931 -1
932 -1
933 6
934 -1
935 6
936 -1
937 2
938 5
939 6
940 -1
941 6
942 -1
943 6
944 7
945 -1
946 6
947 6
948 7
949 6
950 -1
951 7
952 -1
953 6
954 -1
955 -1
956 -1
957 6
958 5
959 -1
960 -1
961 -1
962 -1
963 6
964 -1
965 6
966 6
967 8
968 6
969 -1
970 -1
971 -1
972 6
973 6
974 -1
975 6
976 3
977 6
978 -1
979 5
980 3
981 -1
982 -1
983 6
984 6
985 -1
986 -1
987 -1
988 -1
989 -1
990 -1
991 5
992 -1
993 6
994 -1
995 6
996 -1
997 6
998 -1
999 6
1000 -1
1001 -1
1002 -1
1003 -1
1004 5
1005 -1
1006 -1
1007 5
1008 -1
1009 6
1010 -1
1011 -1
1012 8
1013 3
1014 3
1015 6
1016 -1
1017 7
1018 6
1019 -1
1020 6
1021 -1
1022 -1
1023 5
1024 -1
1025 -1
1026 -1
1027 8
1028 4
1029 7
1030 3
1031 -1
1032 5
1033 6
1034 -1
1035 6
1036 -1
1037 -1
1038 -1
1039 -1
1040 -1
1041 -1
1042 -1
1043 -1
1044 -1
