896	0
897	1
898	2
899	3
900	4
901	5
902	6
903	7
904	8
905	9
906	10
907	11
908	12
909	13
910	14
911	15
912	16
913	17
914	18
915	19
916	20
917	21
918	22
919	23
920	24
921	25
922	26
923	27
924	28
925	29
926	30
927	31
928	32
929	33
930	34
931	35
932	36
933	37
934	38
935	39
936	40
937	41
938	42
939	43
940	44
941	45
942	46
943	47
944	48
945	49
946	50
947	51
948	52
949	53
950	54
951	55
952	56
953	57
954	58
955	59
956	60
957	61
958	62
959	63
960	64
961	65
962	66
963	67
964	68
965	69
966	70
967	71
968	72
969	73
970	74
971	75
972	76
973	77
974	78
975	79
976	80
977	81
978	82
979	83
980	84
981	85
982	86
983	87
984	88
985	89
986	90
987	91
988	92
989	93
990	94
991	95
992	96
993	97
994	98
995	99
996	100
997	101
998	102
999	103
1000	104
1001	105
1002	106
1003	107
1004	108
1005	109
1006	110
1007	111
1008	112
1009	113
1010	114
1011	115
1012	116
1013	117
1014	118
1015	119
1016	120
1017	121
1018	122
1019	123
1020	124
1021	125
1022	126
1023	127
1024	128
1025	129
1026	130
1027	131
1028	132
1029	133
1030	134
1031	135
1032	136
1033	137
1034	138
58	139
1035	140
1036	141
1037	142
1038	143
1039	144
1040	145
1041	146
1042	147
1043	148
1044	149
1045	150
1046	151
1047	152
1048	153
1049	154
1050	155
1051	156
1052	157
1053	158
1054	159
1055	160
1056	161
1057	162
1058	163
1059	164
1060	165
1061	166
1062	167
1063	168
1064	169
1065	170
1066	171
1067	172
1068	173
1069	174
1070	175
1071	176
1072	177
1073	178
637	179
1074	180
1075	181
1076	182
1077	183
1078	184
1079	185
1080	186
1081	187
1082	188
1083	189
1084	190
1085	191
1086	192
1087	193
1088	194
1089	195
1090	196
1091	197
1092	198
1093	199
1094	200
1095	201
1096	202
1097	203
1098	204
1099	205
1100	206
1101	207
1102	208
1103	209
1104	210
1105	211
1106	212
1107	213
1108	214
1109	215
1110	216
1111	217
1112	218
1113	219
1114	220
1115	221
1116	222
1117	223
1118	224
1119	225
1120	226
1121	227
1122	228
1123	229
1124	230
1125	231
1126	232
1127	233
1128	234
1129	235
1130	236
1131	237
1132	238
629	239
1133	240
1134	241
1135	242
1136	243
1137	244
1138	245
1139	246
1140	247
1141	248
1142	249
353	250
1143	251
1144	252
1145	253
1146	254
1147	255
1148	256
1149	257
1150	258
1151	259
1152	260
1153	261
1154	262
1155	263
363	264
1156	265
1157	266
366	267
1158	268
1159	269
1160	270
1161	271
1162	272
1163	273
1164	274
1165	275
1166	276
1167	277
1168	278
1169	279
1170	280
1171	281
1172	282
1173	283
1174	284
1175	285
1176	286
1177	287
1178	288
1179	289
1180	290
1181	291
1182	292
1183	293
1184	294
1185	295
1186	296
1187	297
1188	298
1189	299
1190	300
1191	301
1192	302
1193	303
1194	304
1195	305
1196	306
1197	307
1198	308
1199	309
1200	310
1201	311
1202	312
606	313
1203	314
1204	315
1205	316
1206	317
1207	318
1208	319
1209	320
1210	321
1211	322
1212	323
1213	324
1214	325
1215	326
1216	327
1217	328
1218	329
1219	330
1220	331
1221	332
1222	333
1223	334
1224	335
1225	336
348	337
1226	338
1227	339
1228	340
1229	341
1230	342
1231	343
1232	344
1233	345
1234	346
1235	347
1236	348
1237	349
1238	350
483	351
1239	352
1240	353
1241	354
1242	355
1243	356
1244	357
1245	358
1246	359
1247	360
1248	361
1249	362
1250	363
1251	364
1252	365
1253	366
1254	367
1255	368
1256	369
1257	370
1258	371
1259	372
1260	373
1261	374
1262	375
1263	376
1264	377
1265	378
1266	379
1267	380
1268	381
1269	382
1270	383
1271	384
1272	385
1273	386
1274	387
1275	388
1276	389
1277	390
1278	391
1279	392
1280	393
1281	394
1282	395
526	396
1283	397
1284	398
1285	399
1286	400
1287	401
484	402
1288	403
1289	404
1290	405
1291	406
649	407
1292	408
1293	409
1294	410
1295	411
1296	412
1297	413
1298	414
1299	415
1300	416
1301	417
1302	418
1303	419
1304	420
1305	421
1306	422
1307	423
1308	424
1309	425
1310	426
1311	427
1312	428
1313	429
1314	430
1315	431
1316	432
1317	433
1318	434
1319	435
1320	436
1321	437
1322	438
1323	439
1324	440
1325	441
1326	442
1327	443
1328	444
1329	445
1330	446
1331	447
1332	448
1333	449
1334	450
1335	451
1336	452
1337	453
1338	454
1339	455
171	456
1340	457
1341	458
1342	459
1343	460
1344	461
1345	462
1346	463
1347	464
1348	465
1349	466
1350	467
1351	468
1352	469
1353	470
1354	471
1355	472
1356	473
1357	474
1358	475
1359	476
1360	477
1361	478
1362	479
1363	480
1364	481
566	482
1365	483
1366	484
1367	485
1368	486
1369	487
1370	488
1371	489
1372	490
1373	491
1374	492
1375	493
1376	494
1377	495
1378	496
1379	497
1380	498
1381	499
1382	500
1383	501
1384	502
1385	503
1386	504
1387	505
1388	506
1389	507
1390	508
1391	509
1392	510
1393	511
1394	512
1395	513
1396	514
1397	515
1398	516
1399	517
1400	518
1401	519
1402	520
1403	521
1404	522
1405	523
1406	524
1407	525
1408	526
1409	527
1410	528
1411	529
1412	530
1413	531
1414	532
1415	533
1416	534
1417	535
1418	536
1419	537
1420	538
1421	539
1422	540
1423	541
1424	542
1425	543
1426	544
1427	545
1428	546
1429	547
1430	548
1431	549
1432	550
1433	551
1434	552
1435	553
1436	554
1437	555
1438	556
1439	557
1440	558
1441	559
1442	560
1443	561
1444	562
1445	563
1446	564
1447	565
1448	566
1449	567
1450	568
1451	569
1452	570
1453	571
1454	572
1455	573
1456	574
1457	575
1458	576
1459	577
1460	578
1461	579
1462	580
1463	581
1464	582
1465	583
1466	584
1467	585
1468	586
1469	587
1470	588
1471	589
1472	590
1473	591
1474	592
1475	593
1476	594
1477	595
1478	596
1479	597
1480	598
428	599
1481	600
1482	601
1483	602
1484	603
1485	604
1486	605
1487	606
1488	607
1489	608
1490	609
1491	610
1492	611
1493	612
1494	613
1495	614
1496	615
1497	616
1498	617
1499	618
1500	619
1501	620
1502	621
1503	622
1504	623
1505	624
1506	625
1507	626
1508	627
1509	628
1510	629
1511	630
1512	631
1513	632
1514	633
1515	634
1516	635
1517	636
596	637
1518	638
1519	639
1520	640
1521	641
1522	642
1523	643
1524	644
1525	645
1526	646
1527	647
1528	648
1529	649
1530	650
1531	651
1532	652
1533	653
1534	654
1535	655
1536	656
1537	657
1538	658
1539	659
1540	660
1541	661
641	662
1542	663
1543	664
1544	665
1545	666
1546	667
1547	668
1548	669
1549	670
1550	671
1551	672
1552	673
1553	674
1554	675
1555	676
1556	677
1557	678
1558	679
1559	680
1560	681
1561	682
1562	683
1563	684
651	685
1564	686
1565	687
1566	688
389	689
1567	690
1568	691
1569	692
1570	693
1571	694
1572	695
1573	696
1574	697
1575	698
1576	699
1577	700
1578	701
1579	702
1580	703
1581	704
1582	705
1583	706
1584	707
1585	708
1586	709
1587	710
1588	711
1589	712
1590	713
1591	714
1592	715
1593	716
1594	717
1595	718
1596	719
1597	720
1598	721
1599	722
1600	723
1601	724
1602	725
538	726
1603	727
1604	728
1605	729
1606	730
1607	731
1608	732
1609	733
1610	734
1611	735
1612	736
1613	737
1614	738
1615	739
1616	740
1617	741
1618	742
1619	743
1620	744
1621	745
1622	746
1623	747
1624	748
1625	749
1626	750
1627	751
1628	752
1629	753
1630	754
1631	755
1632	756
1633	757
1634	758
1635	759
1636	760
1637	761
1638	762
1639	763
1640	764
1641	765
1642	766
1643	767
1644	768
601	769
1645	770
1646	771
1647	772
1648	773
1649	774
1650	775
1651	776
1652	777
1653	778
1654	779
1655	780
1656	781
1657	782
1658	783
1659	784
1660	785
1661	786
580	787
1662	788
1663	789
1664	790
1665	791
1666	792
1667	793
1668	794
376	795
1669	796
1670	797
1671	798
1672	799
1673	800
1674	801
1675	802
1676	803
1677	804
1678	805
1679	806
1680	807
1681	808
1682	809
1683	810
1684	811
1685	812
1686	813
1687	814
1688	815
1689	816
1690	817
1691	818
1692	819
1693	820
1694	821
1695	822
1696	823
1697	824
1698	825
1699	826
1700	827
1701	828
1702	829
1703	830
1704	831
1705	832
1706	833
1707	834
1708	835
1709	836
1710	837
1711	838
1712	839
1713	840
1714	841
1715	842
1716	843
1717	844
1718	845
1719	846
1720	847
1721	848
1722	849
1723	850
1724	851
1725	852
1726	853
1727	854
420	855
1728	856
1729	857
1730	858
1731	859
1732	860
1733	861
1734	862
1735	863
1736	864
1737	865
475	866
1738	867
1739	868
1740	869
1741	870
1742	871
1743	872
1744	873
1745	874
1746	875
1747	876
1748	877
1749	878
1750	879
1751	880
1752	881
1753	882
1754	883
1755	884
1756	885
1757	886
1758	887
1759	888
1760	889
1761	890
1762	891
1763	892
1764	893
1765	894
1766	895
1767	896
414	897
1768	898
1769	899
1770	900
1771	901
1772	902
1773	903
1774	904
1775	905
1776	906
1777	907
1778	908
1779	909
1780	910
1781	911
1782	912
1783	913
1784	914
1785	915
1786	916
1787	917
1788	918
1789	919
1790	920
1791	921
1792	922
1793	923
1794	924
1795	925
1796	926
1797	927
1798	928
1799	929
1800	930
1801	931
1802	932
1803	933
1804	934
1805	935
1806	936
1807	937
1808	938
1809	939
1810	940
1811	941
1812	942
1813	943
1814	944
1815	945
1816	946
1817	947
1818	948
1819	949
1820	950
1821	951
1822	952
1823	953
1824	954
1825	955
1826	956
1827	957
1828	958
1829	959
1830	960
1831	961
1832	962
1833	963
1834	964
1835	965
1836	966
1837	967
1838	968
1839	969
1840	970
1841	971
1842	972
1843	973
1844	974
1845	975
517	976
1846	977
1847	978
1848	979
0	980
1849	981
1850	982
1851	983
1852	984
1853	985
1854	986
1855	987
1856	988
1857	989
1858	990
1859	991
1860	992
1861	993
1862	994
1863	995
1864	996
1865	997
1866	998
1867	999
1868	1000
1869	1001
1870	1002
1871	1003
1872	1004
1873	1005
1874	1006
1875	1007
1876	1008
1877	1009
1878	1010
1879	1011
1880	1012
1881	1013
1882	1014
1883	1015
1884	1016
1885	1017
1886	1018
1887	1019
1888	1020
1889	1021
1890	1022
1891	1023
1892	1024
1893	1025
1894	1026
1895	1027
1896	1028
1897	1029
563	1030
1898	1031
1899	1032
1900	1033
1901	1034
1902	1035
1903	1036
1904	1037
1905	1038
1906	1039
1907	1040
1908	1041
1909	1042
1910	1043
1911	1044
