0 12
1 51
2 63
3 42
4 48
5 15
6 55
7 9
8 40
9 15
10 25
11 48
12 57
13 15
14 64
15 64
16 82
17 9
18 78
19 42
20 21
21 70
22 28
23 69
24 41
25 11
26 50
27 37
28 30
29 33
30 3
31 13
32 19
33 41
34 5
35 39
36 84
37 10
38 65
39 3
40 6
41 15
42 41
43 47
44 76
45 56
46 69
47 19
48 22
49 19
50 22
51 56
52 13
53 34
54 47
55 48
56 66
57 54
58 39
59 63
60 44
61 74
62 41
63 52
64 22
65 41
66 4
67 15
68 80
69 28
70 68
71 25
72 4
73 16
74 5
75 15
76 71
77 65
78 68
79 4
80 63
81 13
82 16
83 23
84 22
85 30
86 67
87 13
88 69
89 72
90 70
91 67
92 48
93 4
94 51
95 48
96 70
97 75
98 8
99 15
100 27
101 71
102 57
103 41
104 80
105 4
106 37
107 65
108 5
109 19
110 69
111 53
112 27
113 5
114 19
115 65
116 70
117 12
118 80
119 12
120 9
121 1
122 27
123 19
124 49
125 60
126 4
127 4
128 78
129 3
130 51
131 82
132 8
133 64
134 41
135 72
136 14
137 82
138 48
139 26
140 3
141 5
142 78
143 2
144 61
145 71
146 42
147 4
148 9
149 68
150 42
151 56
152 62
153 34
154 68
155 64
156 43
157 60
158 46
159 9
160 15
161 29
162 4
163 71
164 37
165 68
166 56
167 72
168 83
169 62
170 60
171 43
172 60
173 52
174 17
175 46
176 71
177 11
178 68
179 74
180 34
181 67
182 32
183 26
184 65
185 41
186 52
187 46
188 20
189 56
190 33
191 19
192 69
193 54
194 84
195 22
196 44
197 48
198 21
199 41
200 9
201 34
202 83
203 63
204 63
205 37
206 83
207 41
208 51
209 12
210 69
211 10
212 70
213 40
214 80
215 56
216 69
217 49
218 4
219 13
220 49
221 26
222 70
223 6
224 50
225 49
226 69
227 4
228 28
229 41
230 11
231 3
232 51
233 48
234 48
235 37
236 4
237 53
238 75
239 84
240 27
241 62
242 43
243 69
244 3
245 68
246 34
247 42
248 17
249 80
250 26
251 13
252 65
253 64
254 40
255 34
256 37
257 42
258 83
259 53
260 71
261 50
262 14
263 41
264 17
265 6
266 1
267 60
268 66
269 80
270 37
271 12
272 35
273 41
274 17
275 49
276 35
277 33
278 22
279 60
280 12
281 69
282 1
283 7
284 3
285 56
286 30
287 37
288 49
289 4
290 70
291 9
292 38
293 38
294 70
295 32
296 28
297 1
298 17
299 7
300 51
301 29
302 26
303 5
304 46
305 45
306 82
307 4
308 70
309 62
310 69
311 15
312 58
313 19
314 12
315 46
316 19
317 36
318 42
319 71
320 65
321 3
322 1
323 63
324 84
325 77
326 70
327 18
328 28
329 20
330 60
331 19
332 19
333 25
334 75
335 69
336 49
337 15
338 15
339 12
340 9
341 80
342 12
343 22
344 55
345 62
346 4
347 33
348 42
349 60
350 42
351 34
352 23
353 42
354 63
355 6
356 65
357 32
358 42
359 15
360 25
361 28
362 23
363 50
364 56
365 49
366 4
367 52
368 34
369 71
370 71
371 12
372 65
373 70
374 49
375 35
376 12
377 22
378 2
379 43
380 80
381 15
382 25
383 64
384 68
385 34
386 72
387 9
388 68
389 80
390 22
391 70
392 42
393 52
394 43
395 70
396 63
397 41
398 34
399 4
400 16
401 38
402 55
403 43
404 26
405 63
406 7
407 69
408 41
409 3
410 77
411 41
412 83
413 63
414 14
415 4
416 80
417 28
418 65
419 52
420 68
421 40
422 60
423 80
424 14
425 34
426 6
427 80
428 64
429 41
430 36
431 72
432 1
433 62
434 11
435 3
436 68
437 12
438 42
439 1
440 11
441 52
442 20
443 82
444 65
445 64
446 20
447 13
448 62
449 28
450 68
451 17
452 49
453 3
454 70
455 33
456 6
457 22
458 29
459 30
460 64
461 47
462 69
463 1
464 64
465 9
466 10
467 28
468 27
469 58
470 39
471 84
472 58
473 23
474 65
475 9
476 15
477 82
478 60
479 65
480 52
481 48
482 19
483 68
484 1
485 27
486 38
487 14
488 43
489 68
490 41
491 41
492 12
493 22
494 22
495 69
496 19
497 57
498 49
499 84
500 9
501 30
502 25
503 46
504 21
505 56
506 42
507 51
508 19
509 11
510 5
511 56
512 56
513 59
514 68
515 7
516 39
517 81
518 34
519 49
520 23
521 14
522 68
523 56
524 12
525 37
526 80
527 6
528 28
529 57
530 14
531 80
532 52
533 16
534 4
535 64
536 15
537 67
538 39
539 60
540 63
541 43
542 41
543 71
544 19
545 69
546 71
547 72
548 22
549 15
550 72
551 71
552 68
553 75
554 66
555 40
556 63
557 26
558 39
559 31
560 77
561 10
562 84
563 34
564 40
565 15
566 80
567 82
568 60
569 65
570 40
571 69
572 41
573 34
574 65
575 25
576 10
577 37
578 5
579 37
580 56
581 84
582 57
583 11
584 71
585 60
586 51
587 12
588 52
589 4
590 71
591 34
592 52
593 48
594 23
595 33
596 71
597 68
598 16
599 78
600 75
601 62
602 82
603 64
604 79
605 19
606 10
607 64
608 33
609 52
610 31
611 50
612 63
613 68
614 28
615 47
616 56
617 71
618 15
619 57
620 66
621 25
622 56
623 19
624 5
625 10
626 34
627 46
628 80
629 68
630 69
631 42
632 28
633 81
634 8
635 79
636 61
637 49
638 7
639 42
640 68
641 41
642 34
643 48
644 76
645 80
646 41
647 65
648 56
649 68
650 83
651 70
652 12
653 22
654 69
655 70
656 59
657 22
658 4
659 4
660 15
661 54
662 63
663 72
664 31
665 19
666 80
667 57
668 37
669 63
670 80
671 80
672 60
673 4
674 23
675 77
676 79
677 52
678 46
679 34
680 24
681 65
682 49
683 52
684 10
685 25
686 77
687 3
688 64
689 22
690 19
691 59
692 28
693 12
694 67
695 4
696 77
697 12
698 4
699 62
700 79
701 70
702 24
703 18
704 38
705 9
706 52
707 14
708 4
709 23
710 68
711 74
712 1
713 49
714 68
715 64
716 19
717 80
718 29
719 26
720 81
721 39
722 34
723 76
724 34
725 7
726 42
727 80
728 17
729 33
730 60
731 69
732 62
733 47
734 48
735 79
736 3
737 68
738 65
739 34
740 52
741 4
742 63
743 56
744 37
745 39
746 4
747 60
748 36
749 67
750 49
751 63
752 22
753 82
754 42
755 4
756 65
757 19
758 1
759 51
760 63
761 38
762 27
763 48
764 1
765 51
766 4
767 34
768 21
769 6
770 4
771 73
772 4
773 64
774 7
775 62
776 1
777 56
778 46
779 65
780 40
781 45
782 68
783 65
784 42
785 37
786 80
787 69
788 28
789 65
790 80
791 70
792 14
793 82
794 80
795 19
796 63
797 63
798 35
799 64
800 69
801 71
802 51
803 18
804 32
805 64
806 42
807 79
808 71
809 60
810 34
811 46
812 60
813 70
814 34
815 34
816 31
817 65
818 60
819 42
820 10
821 19
822 53
823 80
824 9
825 66
826 23
827 3
828 43
829 37
830 30
831 12
832 55
833 55
834 3
835 8
836 31
837 20
838 6
839 33
840 27
841 82
842 80
843 57
844 63
845 80
846 70
847 55
848 66
849 80
850 32
851 70
852 83
853 10
854 14
855 48
856 37
857 6
858 41
859 72
860 73
861 60
862 23
863 22
864 66
865 66
866 74
867 77
868 42
869 69
870 6
871 40
872 51
873 14
874 56
875 55
876 70
877 57
878 34
879 20
880 7
881 9
882 42
883 28
884 70
885 11
886 35
887 4
888 56
889 66
890 41
891 21
892 28
893 56
894 21
895 67
896 66
897 25
898 68
899 67
900 15
901 37
902 56
903 68
904 12
905 59
906 3
907 64
908 84
909 76
910 52
911 70
912 12
913 70
914 51
915 75
916 28
917 15
918 4
919 16
920 30
921 68
922 34
923 49
924 71
925 77
926 49
927 1
928 30
929 19
930 80
931 64
932 19
933 3
934 61
935 71
936 13
937 66
938 21
939 80
940 56
941 71
942 48
943 9
944 60
945 12
946 14
947 4
948 22
949 10
950 19
951 21
952 6
953 57
954 70
955 75
956 70
957 69
958 30
959 1
960 5
961 39
962 17
963 77
964 22
965 23
966 22
967 48
968 77
969 12
970 41
971 49
972 65
973 11
974 55
975 37
976 51
977 77
978 12
979 12
980 56
981 67
982 74
983 11
984 10
985 66
986 71
987 14
988 82
989 84
990 80
991 69
992 80
993 75
994 52
995 1
996 79
997 4
998 67
999 72
1000 60
1001 64
1002 41
1003 64
1004 41
1005 40
1006 34
1007 72
1008 24
1009 16
1010 30
1011 84
1012 41
1013 77
1014 53
1015 72
1016 70
1017 22
1018 66
1019 41
1020 62
1021 80
1022 19
1023 46
1024 41
1025 24
1026 28
1027 11
1028 19
1029 15
1030 4
1031 70
1032 9
1033 80
1034 75
1035 3
1036 22
1037 9
1038 57
1039 5
1040 1
1041 42
1042 22
1043 7
1044 80
1045 78
1046 62
1047 69
1048 70
1049 82
1050 11
1051 83
1052 15
1053 19
1054 22
1055 29
1056 7
1057 15
1058 69
1059 54
1060 24
1061 5
1062 5
1063 4
1064 25
1065 65
1066 41
1067 23
1068 26
1069 41
1070 80
1071 65
1072 69
1073 16
1074 27
1075 63
1076 56
1077 19
1078 75
1079 63
1080 83
1081 30
1082 57
1083 41
1084 66
1085 64
1086 3
1087 27
1088 34
1089 13
1090 68
1091 66
1092 43
1093 2
1094 36
1095 19
1096 6
1097 45
1098 15
1099 25
1100 53
1101 64
1102 80
1103 34
1104 34
1105 72
1106 8
1107 63
1108 32
1109 33
1110 78
1111 34
1112 15
1113 33
1114 49
1115 71
1116 37
1117 71
1118 1
1119 43
1120 35
1121 34
1122 30
1123 9
1124 77
1125 19
1126 80
1127 10
1128 65
1129 30
1130 26
1131 14
1132 55
1133 49
1134 19
1135 12
1136 79
1137 71
1138 41
1139 12
1140 5
1141 9
1142 69
1143 41
1144 5
1145 84
1146 65
1147 3
1148 60
1149 25
1150 4
1151 68
1152 41
1153 68
1154 71
1155 81
1156 9
1157 27
1158 36
1159 28
1160 15
1161 22
1162 19
1163 33
1164 84
1165 43
1166 4
1167 56
1168 33
1169 60
1170 52
1171 48
1172 6
1173 80
1174 70
1175 3
1176 57
1177 3
1178 13
1179 23
1180 43
1181 24
1182 44
1183 80
1184 70
1185 41
1186 33
1187 49
1188 65
1189 41
1190 3
1191 44
1192 70
1193 65
1194 12
1195 5
1196 75
1197 60
1198 58
1199 41
1200 60
1201 48
1202 65
1203 41
1204 8
1205 12
1206 33
1207 60
1208 63
1209 33
1210 40
1211 68
1212 52
1213 30
1214 49
1215 80
1216 29
1217 42
1218 60
1219 68
1220 15
1221 70
1222 35
1223 25
1224 14
1225 62
1226 49
1227 9
1228 21
1229 25
1230 45
1231 64
1232 51
1233 49
1234 22
1235 61
1236 37
1237 34
1238 70
1239 70
1240 77
1241 63
1242 25
1243 80
1244 81
1245 41
1246 49
1247 34
1248 19
1249 48
1250 4
1251 19
1252 82
1253 48
1254 35
1255 80
1256 12
1257 11
1258 12
1259 41
1260 80
1261 65
1262 3
1263 4
1264 64
1265 68
1266 56
1267 37
1268 6
1269 43
1270 2
1271 68
1272 41
1273 22
1274 30
1275 43
1276 4
1277 52
1278 63
1279 37
1280 49
1281 37
1282 77
1283 34
1284 28
1285 34
1286 14
1287 62
1288 41
1289 71
1290 40
1291 12
1292 11
1293 60
1294 80
1295 62
1296 68
1297 48
1298 69
1299 67
1300 11
1301 67
1302 19
1303 75
1304 60
1305 43
1306 56
1307 21
1308 65
1309 52
1310 81
1311 80
1312 34
1313 28
1314 1
1315 4
1316 22
1317 70
1318 34
1319 69
1320 60
1321 27
1322 9
1323 15
1324 62
1325 49
1326 22
1327 15
1328 4
1329 60
1330 4
1331 6
1332 5
1333 48
1334 71
1335 68
1336 77
1337 12
1338 48
1339 34
1340 43
1341 80
1342 42
1343 60
1344 13
1345 60
1346 38
1347 15
1348 60
1349 80
1350 80
1351 12
1352 30
1353 70
1354 56
1355 7
1356 78
1357 73
1358 53
1359 74
1360 53
1361 72
1362 71
1363 63
1364 80
1365 68
1366 63
1367 72
1368 27
1369 5
1370 40
1371 42
1372 68
1373 33
1374 66
1375 40
1376 3
1377 63
1378 64
1379 37
1380 63
1381 4
1382 12
1383 52
1384 49
1385 82
1386 28
1387 15
1388 70
1389 67
1390 28
1391 41
1392 60
1393 80
1394 6
1395 64
1396 34
1397 32
1398 45
1399 35
1400 15
1401 31
1402 77
1403 68
1404 67
1405 60
1406 41
1407 76
1408 74
1409 41
1410 77
1411 15
1412 84
1413 64
1414 2
1415 4
1416 34
1417 1
1418 62
1419 52
1420 27
1421 80
1422 61
1423 42
1424 50
1425 40
1426 28
1427 34
1428 80
1429 60
1430 64
1431 56
1432 70
1433 50
1434 43
1435 22
1436 25
1437 19
1438 11
1439 40
1440 13
1441 41
1442 81
1443 21
1444 83
1445 19
1446 34
1447 3
1448 51
1449 77
1450 75
1451 42
1452 63
1453 5
1454 64
1455 31
1456 11
1457 71
1458 41
1459 65
1460 84
1461 55
1462 34
1463 21
1464 15
1465 37
1466 83
1467 21
1468 10
1469 8
1470 40
1471 30
1472 53
1473 5
1474 71
1475 41
1476 80
1477 48
1478 77
1479 6
1480 36
1481 62
1482 19
1483 10
1484 15
1485 25
1486 70
1487 30
1488 3
1489 30
1490 80
1491 20
1492 68
1493 3
1494 58
1495 7
1496 57
1497 61
1498 7
1499 68
1500 84
1501 40
1502 11
1503 82
1504 71
1505 80
1506 43
1507 12
1508 34
1509 48
1510 6
1511 68
1512 80
1513 38
1514 1
1515 25
1516 70
1517 51
1518 40
1519 77
1520 82
1521 44
1522 62
1523 19
1524 47
1525 15
1526 72
1527 70
1528 69
1529 58
1530 73
1531 14
1532 17
1533 80
1534 84
1535 16
1536 69
1537 57
1538 56
1539 19
1540 1
1541 19
1542 57
1543 60
1544 9
1545 8
1546 49
1547 56
1548 22
1549 19
1550 5
1551 49
1552 65
1553 15
1554 34
1555 73
1556 58
1557 4
1558 64
1559 84
1560 30
1561 80
1562 48
1563 57
1564 62
1565 65
1566 71
1567 18
1568 68
1569 32
1570 63
1571 23
1572 69
1573 48
1574 68
1575 57
1576 80
1577 47
1578 30
1579 9
1580 30
1581 80
1582 29
1583 47
1584 63
1585 56
1586 64
1587 84
1588 22
1589 48
1590 12
1591 46
1592 42
1593 49
1594 72
1595 64
1596 65
1597 25
1598 4
1599 13
1600 80
1601 41
1602 48
1603 12
1604 75
1605 52
1606 56
1607 35
1608 1
1609 34
1610 65
1611 83
1612 40
1613 80
1614 14
1615 72
1616 60
1617 73
1618 37
1619 25
1620 62
1621 52
1622 18
1623 25
1624 70
1625 41
1626 14
1627 26
1628 13
1629 51
1630 15
1631 4
1632 51
1633 41
1634 23
1635 15
1636 66
1637 19
1638 65
1639 28
1640 41
1641 42
1642 63
1643 83
1644 21
1645 22
1646 15
1647 51
1648 53
1649 65
1650 23
1651 22
1652 25
1653 69
1654 70
1655 41
1656 49
1657 37
1658 14
1659 41
1660 46
1661 30
1662 82
1663 35
1664 52
1665 62
1666 39
1667 32
1668 56
1669 43
1670 27
1671 21
1672 36
1673 19
1674 41
1675 84
1676 9
1677 27
1678 45
1679 10
1680 48
1681 69
1682 49
1683 29
1684 25
1685 63
1686 69
1687 63
1688 69
1689 8
1690 80
1691 67
1692 15
1693 84
1694 57
1695 42
1696 63
1697 52
1698 6
1699 12
1700 48
1701 65
1702 64
1703 25
1704 76
1705 5
1706 52
1707 5
1708 30
1709 71
1710 43
1711 25
1712 75
1713 33
1714 56
1715 48
1716 4
1717 49
1718 6
1719 43
1720 65
1721 15
1722 83
1723 8
1724 74
1725 22
1726 30
1727 61
1728 22
1729 25
1730 56
1731 60
1732 33
1733 12
1734 19
1735 65
1736 83
1737 27
1738 50
1739 33
1740 22
1741 69
1742 34
1743 49
1744 64
1745 52
1746 25
1747 60
1748 64
1749 25
1750 22
1751 46
1752 77
1753 80
1754 22
1755 41
1756 68
1757 72
1758 60
1759 77
1760 71
1761 66
1762 78
1763 48
1764 3
1765 69
1766 63
1767 15
1768 65
1769 60
1770 32
1771 15
1772 42
1773 4
1774 56
1775 28
1776 62
1777 48
1778 48
1779 25
1780 43
1781 4
1782 52
1783 30
1784 19
1785 6
1786 48
1787 19
1788 42
1789 7
1790 15
1791 81
1792 82
1793 4
1794 59
1795 42
1796 39
1797 4
1798 14
1799 41
1800 15
1801 42
1802 7
1803 4
1804 35
1805 67
1806 70
1807 69
1808 48
1809 64
1810 19
1811 22
1812 70
1813 71
1814 71
1815 71
1816 28
1817 68
1818 73
1819 60
1820 28
1821 56
1822 3
1823 64
1824 52
1825 43
1826 63
1827 10
1828 75
1829 56
1830 56
1831 54
1832 31
1833 9
1834 29
1835 44
1836 75
1837 71
1838 71
1839 75
1840 56
1841 63
1842 52
1843 48
1844 4
1845 13
1846 35
1847 19
1848 3
1849 63
1850 60
1851 9
1852 33
1853 16
1854 28
1855 4
1856 60
1857 36
1858 4
1859 71
1860 49
1861 3
1862 36
1863 62
1864 69
1865 56
1866 6
1867 15
1868 6
1869 42
1870 70
1871 1
1872 64
1873 13
1874 69
1875 67
1876 71
1877 57
1878 82
1879 70
1880 66
1881 29
1882 22
1883 65
1884 68
1885 41
1886 5
1887 13
1888 68
1889 71
1890 22
1891 56
1892 19
1893 82
1894 34
1895 56
1896 20
1897 63
1898 75
1899 22
1900 54
1901 15
1902 52
1903 41
1904 11
1905 83
1906 42
1907 62
1908 57
1909 22
1910 49
1911 64
1912 78
1913 64
1914 7
1915 60
1916 70
1917 11
1918 64
1919 81
1920 68
1921 43
1922 58
1923 69
1924 34
1925 3
1926 52
1927 83
1928 12
1929 49
1930 8
1931 78
1932 4
1933 60
1934 11
1935 55
1936 72
1937 67
1938 56
1939 10
1940 30
1941 22
1942 80
1943 56
1944 4
1945 63
1946 69
1947 52
1948 80
1949 51
1950 27
1951 42
1952 49
1953 70
1954 10
1955 58
1956 75
1957 48
1958 34
1959 56
1960 70
1961 48
1962 77
1963 60
1964 29
1965 67
1966 34
1967 8
1968 4
1969 21
1970 60
1971 30
1972 61
1973 11
1974 52
1975 70
1976 80
1977 28
1978 56
1979 33
1980 63
1981 14
1982 82
1983 71
1984 57
1985 71
1986 76
1987 4
1988 80
1989 70
1990 1
1991 33
1992 15
1993 9
1994 41
1995 71
1996 69
1997 38
1998 84
1999 14
2000 13
2001 27
2002 79
2003 37
2004 43
2005 37
2006 4
2007 65
2008 13
2009 70
2010 6
2011 68
2012 28
2013 80
2014 39
2015 81
2016 23
2017 84
2018 24
2019 35
2020 4
2021 52
2022 4
2023 19
2024 82
2025 71
2026 33
2027 49
2028 29
2029 29
2030 49
2031 45
2032 44
2033 19
2034 63
2035 19
2036 41
2037 6
2038 57
2039 41
2040 34
2041 10
2042 56
2043 78
2044 69
2045 40
2046 16
2047 1
2048 69
2049 41
2050 3
2051 37
2052 63
2053 63
2054 72
2055 67
2056 65
2057 64
2058 84
2059 70
2060 78
2061 5
2062 64
2063 42
2064 13
2065 19
2066 49
2067 23
2068 71
2069 80
2070 37
2071 1
2072 60
2073 27
2074 11
2075 59
2076 24
2077 51
2078 84
2079 67
2080 74
2081 1
2082 48
2083 15
2084 15
2085 16
2086 28
2087 15
2088 43
2089 69
2090 34
2091 73
2092 66
2093 69
2094 7
2095 30
2096 62
2097 12
2098 41
2099 80
2100 4
2101 65
2102 37
2103 15
2104 37
2105 60
2106 22
2107 29
2108 30
2109 11
2110 83
2111 74
2112 23
2113 12
2114 22
2115 29
2116 41
2117 4
2118 69
2119 70
2120 13
2121 37
2122 56
2123 61
2124 34
2125 5
2126 30
2127 19
2128 69
2129 56
2130 4
2131 49
2132 49
2133 64
2134 24
2135 11
2136 49
2137 70
2138 83
2139 22
2140 41
2141 23
2142 64
2143 14
2144 68
2145 28
2146 30
2147 25
2148 12
2149 6
2150 25
2151 70
2152 31
2153 26
2154 33
2155 5
2156 19
2157 23
2158 20
2159 82
2160 29
2161 22
2162 28
2163 40
2164 70
2165 11
2166 60
2167 72
2168 60
2169 60
2170 70
2171 48
2172 70
2173 60
2174 84
2175 18
2176 30
2177 64
2178 30
2179 15
2180 69
2181 33
2182 64
2183 55
2184 11
2185 7
2186 6
2187 10
2188 25
2189 58
2190 70
2191 12
2192 11
2193 7
2194 84
2195 33
2196 4
2197 80
2198 66
2199 25
2200 55
2201 5
2202 62
2203 60
2204 70
2205 68
2206 9
2207 29
2208 19
2209 5
2210 1
2211 15
2212 27
2213 59
2214 68
2215 56
2216 63
2217 59
2218 67
2219 72
2220 70
2221 34
2222 1
2223 22
2224 78
2225 63
2226 77
2227 6
2228 65
2229 77
2230 68
2231 78
2232 60
2233 28
2234 81
2235 1
2236 41
2237 34
2238 43
2239 6
2240 13
2241 41
2242 81
2243 69
2244 19
2245 29
2246 68
2247 11
2248 22
2249 80
2250 37
2251 11
2252 73
2253 26
2254 8
2255 69
2256 15
2257 28
2258 5
2259 79
2260 64
2261 32
2262 43
2263 5
2264 42
2265 34
2266 64
2267 7
2268 40
2269 71
2270 15
2271 56
2272 69
2273 67
2274 80
2275 4
2276 30
2277 61
2278 67
2279 41
2280 41
2281 56
2282 51
2283 18
2284 15
2285 41
2286 19
2287 1
2288 32
2289 49
2290 64
2291 19
2292 62
2293 55
2294 17
2295 19
2296 22
2297 5
2298 12
2299 41
2300 19
2301 78
2302 80
2303 56
2304 44
2305 7
2306 18
2307 10
2308 11
2309 10
2310 12
2311 2
2312 4
2313 80
2314 9
2315 80
2316 76
2317 82
2318 26
2319 63
2320 70
2321 70
2322 5
2323 52
2324 41
2325 13
2326 60
2327 60
2328 69
2329 37
2330 70
2331 72
2332 42
2333 50
2334 60
2335 37
2336 42
2337 84
2338 49
2339 33
2340 48
2341 72
2342 9
2343 10
2344 25
2345 7
2346 42
2347 68
2348 25
2349 69
2350 25
2351 33
2352 19
2353 29
2354 30
2355 66
2356 77
2357 80
2358 56
2359 37
2360 17
2361 7
2362 49
2363 12
2364 10
2365 6
2366 60
2367 66
2368 42
2369 72
2370 55
2371 1
2372 56
2373 78
2374 28
2375 67
2376 57
2377 4
2378 32
2379 30
2380 6
2381 68
2382 69
2383 71
2384 12
2385 27
2386 30
2387 56
2388 4
2389 60
2390 34
2391 40
2392 42
2393 84
2394 29
2395 56
2396 41
2397 19
2398 49
2399 48
2400 34
2401 23
2402 65
2403 37
2404 11
2405 80
2406 11
2407 60
2408 37
2409 4
2410 19
2411 69
2412 60
2413 63
2414 28
2415 41
2416 49
2417 56
2418 1
2419 13
2420 82
2421 56
2422 4
2423 13
2424 30
2425 50
2426 49
2427 43
2428 63
2429 54
2430 11
2431 80
2432 18
2433 41
2434 70
2435 10
2436 4
2437 4
2438 43
2439 77
2440 67
2441 84
2442 12
2443 56
2444 56
2445 1
2446 37
2447 72
2448 40
2449 2
2450 52
2451 37
2452 7
2453 70
2454 41
2455 69
2456 29
2457 40
2458 63
2459 23
2460 62
2461 2
2462 30
2463 50
2464 77
2465 63
2466 4
2467 5
2468 27
2469 38
2470 4
2471 58
2472 68
2473 19
2474 28
2475 2
2476 28
2477 17
2478 37
2479 22
2480 49
2481 45
2482 70
2483 75
2484 62
2485 50
2486 74
2487 77
2488 70
2489 63
2490 28
2491 84
2492 14
2493 80
2494 72
2495 46
2496 13
2497 15
2498 14
2499 70
2500 78
2501 49
2502 68
2503 46
2504 42
2505 7
2506 28
2507 30
2508 41
2509 56
2510 71
2511 51
2512 63
2513 4
2514 69
2515 68
2516 70
2517 33
2518 15
2519 6
2520 3
2521 71
2522 60
2523 63
2524 34
2525 9
2526 12
2527 52
2528 80
2529 52
2530 74
2531 6
2532 66
2533 23
2534 68
2535 19
2536 42
2537 36
2538 33
2539 49
2540 80
2541 33
2542 22
2543 1
2544 69
2545 23
2546 30
2547 59
2548 5
2549 55
2550 77
2551 45
2552 12
2553 68
2554 28
2555 15
2556 74
2557 80
2558 4
2559 64
2560 81
2561 41
2562 22
2563 42
2564 9
2565 42
2566 5
2567 73
2568 80
2569 6
2570 69
2571 64
2572 37
2573 19
2574 35
2575 41
2576 72
2577 19
2578 6
2579 70
2580 71
2581 84
2582 69
2583 3
2584 38
2585 64
2586 8
2587 72
2588 46
2589 60
2590 34
2591 71
2592 3
2593 83
2594 14
2595 63
2596 71
2597 33
2598 55
2599 28
2600 60
2601 60
2602 34
2603 64
2604 49
2605 64
2606 28
2607 82
2608 33
2609 69
2610 6
2611 3
2612 60
2613 55
2614 47
2615 67
2616 70
2617 1
2618 43
2619 55
2620 11
2621 60
2622 15
2623 82
2624 60
2625 73
2626 71
2627 55
2628 56
2629 78
2630 33
2631 68
2632 28
2633 41
2634 69
2635 41
2636 40
2637 66
2638 22
2639 42
2640 12
2641 48
2642 15
2643 70
2644 34
2645 25
2646 37
2647 19
2648 82
2649 15
2650 49
2651 19
2652 71
2653 67
2654 58
2655 84
2656 64
2657 63
2658 21
2659 28
2660 9
2661 33
2662 22
2663 27
2664 66
2665 56
2666 70
2667 42
2668 77
2669 19
2670 34
2671 56
2672 77
2673 72
2674 47
2675 66
2676 4
2677 69
2678 4
2679 55
2680 27
2681 66
2682 41
2683 78
2684 26
2685 82
2686 26
2687 71
2688 48
2689 4
2690 22
2691 52
2692 19
2693 61
2694 15
2695 65
2696 22
2697 41
2698 12
2699 48
2700 49
2701 65
2702 71
2703 42
2704 41
2705 68
2706 70
2707 62
2708 19
2709 63
2710 76
2711 15
2712 69
2713 50
2714 47
2715 41
2716 2
2717 64
2718 27
2719 19
2720 23
2721 8
2722 7
2723 61
2724 75
2725 67
2726 17
2727 3
2728 42
2729 42
2730 63
2731 70
2732 60
2733 13
2734 60
2735 9
2736 15
2737 53
2738 68
2739 10
2740 13
2741 45
2742 70
2743 75
2744 64
2745 84
2746 41
2747 82
2748 42
2749 30
2750 77
2751 76
2752 75
2753 34
2754 9
2755 42
2756 17
2757 63
2758 69
2759 20
2760 25
2761 34
2762 54
2763 63
2764 77
2765 64
2766 48
2767 31
2768 60
2769 34
2770 3
2771 4
2772 23
2773 78
2774 41
2775 11
2776 11
2777 30
2778 1
2779 52
2780 75
2781 77
2782 77
2783 43
2784 49
2785 34
2786 34
2787 19
2788 81
2789 64
2790 75
2791 46
2792 69
2793 52
2794 64
2795 37
2796 80
2797 70
2798 48
2799 66
2800 58
2801 75
2802 80
2803 80
2804 32
2805 82
2806 52
2807 7
2808 70
2809 4
2810 57
2811 1
2812 63
2813 69
2814 62
2815 33
2816 17
2817 11
2818 49
2819 22
2820 69
2821 19
2822 10
2823 12
2824 9
2825 63
2826 59
2827 65
2828 83
2829 41
2830 34
2831 51
2832 19
2833 17
2834 41
2835 51
2836 25
2837 56
2838 12
2839 60
2840 12
2841 27
2842 64
2843 33
2844 49
2845 29
2846 12
2847 19
2848 82
2849 69
2850 33
2851 64
2852 40
2853 15
2854 9
2855 63
2856 54
2857 44
2858 58
2859 37
2860 30
2861 81
2862 1
2863 74
2864 33
2865 7
2866 37
2867 30
2868 41
2869 14
2870 48
2871 41
2872 57
2873 9
2874 21
2875 71
2876 33
2877 49
2878 4
2879 45
2880 80
2881 41
2882 19
2883 66
2884 22
2885 46
2886 30
2887 55
2888 83
2889 37
2890 75
2891 68
2892 12
2893 37
2894 15
2895 53
2896 19
2897 19
2898 66
2899 67
2900 62
2901 77
2902 60
2903 16
2904 19
2905 49
2906 70
2907 11
2908 35
2909 64
2910 36
2911 51
2912 6
2913 8
2914 19
2915 52
2916 3
2917 1
2918 34
2919 57
2920 18
2921 14
2922 9
2923 64
2924 41
2925 83
2926 36
2927 12
2928 64
2929 48
2930 30
2931 22
2932 49
2933 34
2934 14
2935 1
2936 19
2937 23
2938 54
2939 34
2940 60
2941 67
2942 62
2943 24
2944 6
2945 11
2946 57
2947 12
2948 11
2949 68
2950 11
2951 68
2952 66
2953 19
2954 70
2955 44
2956 82
2957 10
2958 4
2959 68
2960 63
2961 13
2962 7
2963 61
2964 52
2965 69
2966 6
2967 4
2968 51
2969 4
2970 38
2971 4
2972 6
2973 42
2974 37
2975 21
2976 71
2977 49
2978 33
2979 61
2980 80
2981 1
2982 77
2983 2
2984 15
2985 30
2986 12
2987 67
2988 37
2989 70
2990 52
2991 54
2992 65
2993 64
2994 42
2995 5
2996 35
2997 19
2998 5
2999 4
