258 131 263 28 162 297 53 182 60 192 70 333 80 214 221 96 228 109 244 252 
172 
98 326 139 269 143 146 115 149 154 
50 236 82 
256 257 68 249 294 267 235 279 238 83 54 343 121 58 155 124 222 
22 
136 16 19 31 288 34 40 51 309 311 191 320 325 336 208 213 342 92 110 114 
224 45 
281 
291 163 72 73 203 205 335 145 278 153 
41 13 1 215 
133 264 12 150 157 160 164 297 307 53 310 312 65 323 69 198 202 75 330 331 210 211 217 96 234 237 239 112 117 251 
277 
130 67 137 142 85 
226 174 
0 2 5 6 8 9 14 15 20 21 22 24 25 30 35 37 38 39 44 46 48 49 54 55 59 61 62 63 64 66 68 71 76 78 81 86 88 94 95 97 102 103 104 107 108 113 116 118 120 121 122 123 124 126 127 128 132 134 135 138 140 141 145 147 151 156 167 168 169 170 171 175 182 184 185 187 188 189 195 196 197 199 206 207 212 218 223 232 235 241 245 246 247 250 254 255 260 268 270 273 275 276 279 280 284 285 287 289 290 293 296 300 302 303 307 308 313 314 315 316 317 318 321 322 324 327 337 338 339 340 341 344 346 
257 4 134 8 265 138 23 280 33 35 36 298 172 47 179 308 56 57 186 193 196 329 201 79 84 91 93 100 248 250 253 126 
293 104 171 144 209 178 51 89 125 
176 
32 325 136 40 43 332 16 114 19 213 342 311 92 
292 261 173 243 281 219 
11 
266 
161 27 148 
