0 15
1 10
2 15
3 -1
4 16
5 15
6 15
7 -1
8 16
9 15
10 -1
11 21
12 11
13 10
14 15
15 15
16 19
17 -1
18 -1
19 19
20 15
21 15
22 15
23 16
24 15
25 15
26 -1
27 23
28 0
29 -1
30 15
31 6
32 19
33 16
34 6
35 16
36 16
37 15
38 15
39 15
40 19
41 10
42 -1
43 19
44 15
45 7
46 15
47 16
48 15
49 15
50 3
51 17
52 -1
53 11
54 15
55 15
56 16
57 16
58 4
59 15
60 0
61 15
62 15
63 15
64 15
65 11
66 15
67 13
68 15
69 11
70 0
71 15
72 9
73 9
74 -1
75 11
76 15
77 -1
78 15
79 16
80 0
81 15
82 3
83 4
84 16
85 13
86 15
87 -1
88 15
89 17
90 -1
91 16
92 19
93 16
94 15
95 15
96 11
97 15
98 2
99 -1
100 16
101 -1
102 15
103 15
104 17
105 -1
106 -1
107 15
108 15
109 0
110 6
111 -1
112 11
113 15
114 19
115 2
116 15
117 11
118 15
119 -1
120 15
121 15
122 15
123 15
124 15
125 17
126 16
127 15
128 15
129 -1
130 13
131 0
132 15
133 11
134 16
135 15
136 19
137 13
138 16
139 2
140 15
141 15
142 13
143 2
144 17
145 15
146 2
147 15
148 23
149 2
150 11
151 15
152 -1
153 9
154 2
155 4
156 15
157 11
158 -1
159 -1
160 11
161 23
162 0
163 9
164 11
165 -1
166 -1
167 15
168 15
169 15
170 15
171 17
172 16
173 20
174 14
175 15
176 18
177 -1
178 17
179 16
180 -1
181 -1
182 15
183 -1
184 15
185 15
186 16
187 15
188 15
189 15
190 -1
191 6
192 0
193 16
194 -1
195 15
196 16
197 15
198 11
199 15
200 -1
201 16
202 11
203 9
204 -1
205 9
206 15
207 15
208 6
209 17
210 11
211 11
212 15
213 19
214 0
215 10
216 -1
217 11
218 15
219 20
220 -1
221 0
222 4
223 15
224 7
225 -1
226 14
227 -1
228 0
229 -1
230 -1
231 -1
232 15
233 -1
234 11
235 15
236 3
237 11
238 4
239 11
240 -1
241 15
242 -1
243 20
244 0
245 15
246 15
247 15
248 16
249 4
250 16
251 11
252 0
253 16
254 15
255 15
256 4
257 16
258 0
259 -1
260 15
261 20
262 -1
263 0
264 11
265 16
266 22
267 4
268 15
269 2
270 15
271 -1
272 -1
273 15
274 -1
275 15
276 15
277 12
278 9
279 15
280 16
281 20
282 -1
283 -1
284 15
285 15
286 -1
287 15
288 6
289 15
290 15
291 9
292 20
293 17
294 4
295 -1
296 15
297 11
298 16
299 -1
300 15
301 -1
302 15
303 15
304 -1
305 -1
306 -1
307 15
308 16
309 6
310 11
311 19
312 11
313 15
314 15
315 15
316 15
317 15
318 15
319 -1
320 6
321 15
322 15
323 11
324 15
325 19
326 2
327 15
328 -1
329 16
330 11
331 11
332 19
333 0
334 -1
335 9
336 6
337 15
338 15
339 15
340 15
341 15
342 19
343 4
344 15
345 -1
346 15
