27 91 122 141 143 147 191 217 283 284 299 300 305 309 310 336 355 360 397 410 451 466 477 484 486 527 528 554 585 596 639 660 676 681 689 696 710 722 733 736 802 813 814 821 825 831 833 860 861 878 885 927 928 930 936 943 962 974 985 990 992 996
43 87 161 189 242 246 311 407 433 450 509 529 538 561 567 613 664 672 673 679 714 716 721 770 789 823 826 842 846 881 887 896 897 911
16 46 163 223 231 288 313 326 330 332 372 418 444 449 473 475 504 522 530 591 607 645 663 675 697 702 723 737 758 797 835 857 929 931 950 960 980 982
29 56 80 120 159 179 185 245 292 316 339 399 402 445 615 657 693 707 720 726 834
2 3 10 20 34 36 60 65 67 84 94 132 133 135 136 144 151 153 167 182 190 215 227 228 237 240 261 267 268 298 306 341 348 352 354 356 366 378 384 390 400 404 437 438 452 460 485 516 553 559 589 622 628 637 655 659 666 677 687 741 743 746 755 795 811 819 853 855 869 876 900 909 939 940 953 956 957 969 971 991 998
6 17 23 50 53 66 77 79 102 108 123 125 128 145 148 150 155 158 174 176 177 208 210 213 221 226 257 269 272 293 303 365 374 377 387 430 431 442 458 471 476 494 520 524 526 547 564 578 588 595 609 614 617 620 623 624 631 638 644 654 658 661 662 669 678 683 690 699 705 730 745 757 763 771 780 781 785 816 828 836 848 863 873 894 895 932 947 964 979 994
44 49 52 72 81 93 106 117 119 121 127 130 195 199 212 238 253 263 265 302 307 335 345 347 351 394 413 423 426 439 440 456 461 467 479 480 525 551 565 568 602 608 611 627 630 668 684 704 706 708 719 732 735 748 750 753 759 760 767 788 790 793 804 805 818 840 841 854 862 866 877 901 908 916 920 922 941 942 944 946 948 949 967 978 981 989 997 999
14 22 138 270 350 362 381 447 535 550 575 640 650 817 820
1 90 97 113 131 181 196 222 250 271 325 427 429 443 489 500 505 540 599 727 765 776 809 812 827 859 868
18 31 224 389 392 465 544 573 586 632 670 694 703 824 832
24 25 30 42 59 69 86 89 96 98 99 105 126 142 157 165 169 192 233 290 291 296 323 340 373 408 422 446 448 459 517 549 601 652 685 713 806 830 852 886 905 906 910 921 933 935 945 966 984
19 21 57 63 64 70 82 110 149 152 154 164 172 186 216 219 225 229 241 260 266 274 282 294 295 304 322 338 364 367 391 395 401 409 424 435 453 470 478 502 506 507 518 532 534 555 557 562 571 576 577 580 582 604 612 636 649 667 698 725 738 768 779 784 787 794 799 801 803 810 843 844 845 856 858 871 882 889 892 912 913 915 925 951 970 972 988 995
13 168 204 234 285 343 382 388 495 499 692 766 775 792 883
12 38 39 40 51 54 58 68 73 74 78 92 100 101 137 183 188 197 205 220 232 236 244 256 259 276 279 286 287 312 324 358 369 376 379 383 393 415 432 436 441 454 462 463 468 472 482 487 513 531 537 548 552 556 566 579 587 592 598 606 610 618 629 633 642 674 724 782 791 822 837 839 880 903 924 934 938 963 968 973 977 983 987 993
7 15 32 35 45 76 103 115 118 129 140 146 156 166 171 178 193 202 214 249 251 252 255 280 289 308 314 315 318 321 334 346 349 353 357 359 363 375 386 416 419 455 469 481 488 493 497 533 558 570 574 584 603 616 619 621 643 647 648 653 671 709 712 718 742 744 749 752 756 761 762 764 777 783 850 865 879 884 888 890 891 893 904 914 954 955 959 965
28 83 175 317 328 417 464 498 514 542 543 625 686 700 728 847 864 919
8 9 85 95 104 109 112 114 170 209 344 385 492 511 656 691 715 867 874 898 926
0 4 5 26 33 37 55 62 71 88 107 111 124 139 160 162 173 184 187 198 200 201 203 206 207 218 230 235 247 248 254 258 264 273 277 278 281 297 301 320 327 329 331 361 368 380 396 398 403 405 406 411 412 425 428 434 474 491 508 512 515 539 545 546 581 590 594 634 646 651 665 695 701 739 754 769 773 778 786 796 807 808 815 838 870 875 899 923 958 961 975 976 986
61 75 134 194 211 243 262 333 342 370 371 420 421 457 483 501 503 510 521 523 536 563 583 593 597 600 605 626 635 641 682 688 711 729 731 734 740 747 751 772 774 800 829 849 872 902 917 918 937 952
11 41 47 48 116 180 239 275 319 337 414 490 496 519 541 560 569 572 680 717 798 851 907
