0 18
1 9
2 5
3 5
4 18
5 18
6 6
7 15
8 17
9 17
10 5
11 20
12 14
13 13
14 8
15 15
16 3
17 6
18 10
19 12
20 5
21 12
22 8
23 6
24 11
25 11
26 18
27 1
28 16
29 4
30 11
31 10
32 15
33 18
34 5
35 15
36 5
37 18
38 14
39 14
40 14
41 20
42 11
43 2
44 7
45 15
46 3
47 20
48 20
49 7
50 6
51 14
52 7
53 6
54 14
55 18
56 4
57 12
58 14
59 11
60 5
61 19
62 18
63 12
64 12
65 5
66 6
67 5
68 14
69 11
70 12
71 18
72 7
73 14
74 14
75 19
76 15
77 6
78 14
79 6
80 4
81 7
82 12
83 16
84 5
85 17
86 11
87 2
88 18
89 11
90 9
91 1
92 14
93 7
94 5
95 17
96 11
97 9
98 11
99 11
100 14
101 14
102 6
103 15
104 17
105 11
106 7
107 18
108 6
109 17
110 12
111 18
112 17
113 9
114 17
115 15
116 20
117 7
118 15
119 7
120 4
121 7
122 1
123 6
124 18
125 6
126 11
127 7
128 6
129 15
130 7
131 9
132 5
133 5
134 19
135 5
136 5
137 14
138 8
139 18
140 15
141 1
142 11
143 1
144 5
145 6
146 15
147 1
148 6
149 12
150 6
151 5
152 12
153 5
154 12
155 6
156 15
157 11
158 6
159 4
160 18
161 2
162 18
163 3
164 12
165 11
166 15
167 5
168 13
169 11
170 17
171 15
172 12
173 18
174 6
175 16
176 6
177 6
178 15
179 4
180 20
181 9
182 5
183 14
184 18
185 4
186 12
187 18
188 14
189 2
190 5
191 1
192 11
193 15
194 19
195 7
196 9
197 14
198 18
199 7
200 18
201 18
202 15
203 18
204 13
205 14
206 18
207 18
208 6
209 17
210 6
211 19
212 7
213 6
214 15
215 5
216 12
217 1
218 18
219 12
220 14
221 6
222 9
223 3
224 10
225 12
226 6
227 5
228 5
229 12
230 18
231 3
232 14
233 11
234 13
235 18
236 14
237 5
238 7
239 20
240 5
241 12
242 2
243 19
244 14
245 4
246 2
247 18
248 18
249 15
250 9
251 15
252 15
253 7
254 18
255 15
256 14
257 6
258 18
259 14
260 12
261 5
262 19
263 7
264 18
265 7
266 12
267 5
268 5
269 6
270 8
271 9
272 6
273 18
274 12
275 20
276 14
277 18
278 18
279 14
280 15
281 18
282 12
283 1
284 1
285 13
286 14
287 14
288 3
289 15
290 11
291 11
292 4
293 6
294 12
295 12
296 11
297 18
298 5
299 1
300 1
301 18
302 7
303 6
304 12
305 1
306 5
307 7
308 15
309 1
310 1
311 2
312 14
313 3
314 15
315 15
316 4
317 16
318 15
319 20
320 18
321 15
322 12
323 11
324 14
325 9
326 3
327 18
328 16
329 18
330 3
331 18
332 3
333 19
334 15
335 7
336 1
337 20
338 12
339 4
340 11
341 5
342 19
343 13
344 17
345 7
346 15
347 7
348 5
349 15
350 8
351 7
352 5
353 15
354 5
355 1
356 5
357 15
358 14
359 15
360 1
361 18
362 8
363 15
364 12
365 6
366 5
367 12
368 18
369 14
370 19
371 19
372 3
373 11
374 6
375 15
376 14
377 6
378 5
379 14
380 18
381 8
382 13
383 14
384 5
385 17
386 15
387 6
388 13
389 10
390 5
391 12
392 10
393 14
394 7
395 12
396 18
397 1
398 18
399 4
400 5
401 12
402 4
403 18
404 5
405 18
406 18
407 2
408 11
409 12
410 1
411 18
412 18
413 7
414 20
415 14
416 15
417 16
418 3
419 15
420 19
421 19
422 11
423 7
424 12
425 18
426 7
427 9
428 18
429 9
430 6
431 6
432 14
433 2
434 18
435 12
436 14
437 5
438 5
439 7
440 7
441 14
442 6
443 9
444 3
445 4
446 11
447 8
448 11
449 3
450 2
451 1
452 5
453 12
454 14
455 15
456 7
457 19
458 6
459 11
460 5
461 7
462 14
463 14
464 16
465 10
466 1
467 7
468 14
469 15
470 12
471 6
472 14
473 3
474 18
475 3
476 6
477 1
478 12
479 7
480 7
481 15
482 14
483 19
484 1
485 5
486 1
487 14
488 15
489 9
490 20
491 18
492 17
493 15
494 6
495 13
496 20
497 15
498 16
499 13
500 9
501 19
502 12
503 19
504 3
505 9
506 12
507 12
508 18
509 2
510 19
511 17
512 18
513 14
514 16
515 18
516 5
517 11
518 12
519 20
520 6
521 19
522 3
523 19
524 6
525 7
526 6
527 1
528 1
529 2
530 3
531 14
532 12
533 15
534 12
535 8
536 19
537 14
538 2
539 18
540 9
541 20
542 16
543 16
544 10
545 18
546 18
547 6
548 14
549 11
550 8
551 7
552 14
553 5
554 1
555 12
556 14
557 12
558 15
559 5
560 20
561 2
562 12
563 19
564 6
565 7
566 14
567 2
568 7
569 20
570 15
571 12
572 20
573 10
574 15
575 8
576 12
577 12
578 6
579 14
580 12
581 18
582 12
583 19
584 15
585 1
586 10
587 14
588 6
589 5
590 18
591 3
592 14
593 19
594 18
595 6
596 1
597 19
598 14
599 9
600 19
601 11
602 7
603 15
604 12
605 19
606 14
607 3
608 7
609 6
610 14
611 7
612 12
613 2
614 6
615 4
616 15
617 6
618 14
619 15
620 6
621 15
622 5
623 6
624 6
625 16
626 19
627 7
628 5
629 14
630 7
631 6
632 10
633 14
634 18
635 19
636 12
637 5
638 6
639 1
640 8
641 19
642 14
643 15
644 6
645 3
646 18
647 15
648 15
649 12
650 8
651 18
652 11
653 15
654 6
655 5
656 17
657 4
658 6
659 5
660 1
661 6
662 6
663 3
664 2
665 18
666 5
667 12
668 7
669 6
670 10
671 15
672 2
673 2
674 14
675 3
676 1
677 5
678 6
679 2
680 20
681 1
682 19
683 6
684 7
685 11
686 16
687 5
688 19
689 1
690 6
691 17
692 13
693 4
694 10
695 18
696 1
697 3
698 12
699 6
700 16
701 18
702 3
703 10
704 7
705 6
706 7
707 4
708 7
709 15
710 1
711 19
712 15
713 11
714 2
715 17
716 2
717 20
718 15
719 7
720 4
721 2
722 1
723 3
724 14
725 12
726 4
727 9
728 16
729 19
730 6
731 19
732 7
733 1
734 19
735 7
736 1
737 3
738 12
739 18
740 19
741 5
742 15
743 5
744 15
745 6
746 5
747 19
748 7
749 15
750 7
751 19
752 15
753 7
754 18
755 5
756 15
757 6
758 3
759 7
760 7
761 15
762 15
763 6
764 15
765 9
766 13
767 7
768 12
769 18
770 2
771 6
772 19
773 18
774 19
775 13
776 9
777 15
778 18
779 12
780 6
781 6
782 14
783 15
784 12
785 6
786 18
787 12
788 7
789 2
790 7
791 14
792 13
793 7
794 12
795 5
796 18
797 3
798 20
799 12
800 19
801 12
802 1
803 12
804 7
805 7
806 11
807 18
808 18
809 9
810 12
811 5
812 9
813 1
814 1
815 18
816 6
817 8
818 7
819 5
820 8
821 1
822 14
823 2
824 10
825 1
826 2
827 9
828 6
829 19
830 11
831 1
832 10
833 1
834 4
835 3
836 6
837 14
838 18
839 14
840 7
841 7
842 2
843 12
844 12
845 12
846 2
847 16
848 6
849 19
850 15
851 20
852 11
853 5
854 7
855 5
856 12
857 3
858 12
859 9
860 1
861 1
862 7
863 6
864 16
865 15
866 7
867 17
868 9
869 5
870 18
871 12
872 19
873 6
874 17
875 18
876 5
877 7
878 1
879 15
880 14
881 2
882 12
883 13
884 15
885 1
886 11
887 2
888 15
889 12
890 15
891 15
892 12
893 15
894 6
895 6
896 2
897 2
898 17
899 18
900 5
901 7
902 19
903 14
904 15
905 11
906 11
907 20
908 7
909 5
910 11
911 2
912 12
913 12
914 15
915 12
916 7
917 19
918 19
919 16
920 7
921 11
922 7
923 18
924 14
925 12
926 17
927 1
928 1
929 3
930 1
931 3
932 6
933 11
934 14
935 11
936 1
937 19
938 14
939 5
940 5
941 7
942 7
943 1
944 7
945 11
946 7
947 6
948 7
949 7
950 3
951 12
952 19
953 5
954 15
955 15
956 5
957 5
958 18
959 15
960 3
961 18
962 1
963 14
964 6
965 15
966 11
967 7
968 14
969 5
970 12
971 5
972 12
973 14
974 1
975 18
976 18
977 14
978 7
979 6
980 3
981 7
982 3
983 14
984 11
985 1
986 18
987 14
988 12
989 7
990 1
991 5
992 1
993 14
994 6
995 12
996 1
997 7
998 5
999 7
