0 412
0 796
0 986
1 727
1 827
1 868
2 687
2 876
2 991
3 562
3 940
3 953
4 594
4 961
4 975
5 961
5 976
5 986
6 595
6 947
6 964
7 888
7 893
7 965
8 867
8 898
8 926
9 502
9 874
9 926
10 557
10 940
10 957
11 116
11 490
11 907
12 938
12 963
12 993
13 567
13 792
13 883
14 575
14 817
14 970
15 891
15 959
15 972
16 78
16 960
16 982
17 609
17 964
17 994
18 31
18 544
18 824
19 577
19 970
19 988
20 957
20 991
20 998
21 338
21 972
21 995
22 640
22 817
22 820
23 690
23 964
23 994
24 886
24 921
24 945
25 935
25 945
25 984
26 235
26 701
26 976
27 962
27 985
27 996
28 520
28 700
28 919
29 615
29 720
29 834
30 933
30 935
30 984
31 18
31 824
31 832
32 756
32 905
32 959
33 200
33 956
33 975
34 855
34 876
34 971
35 783
35 954
35 959
36 900
36 971
36 998
37 807
37 899
37 923
38 864
38 977
38 987
39 256
39 904
39 973
40 837
40 839
40 993
41 482
41 496
41 717
42 608
42 852
42 933
43 716
43 823
43 842
44 877
44 989
44 997
45 850
45 955
45 959
46 950
46 980
46 982
47 569
47 851
47 907
48 180
48 319
48 907
49 668
49 944
49 957
50 730
50 964
50 979
51 441
51 967
51 987
52 901
52 981
52 999
53 128
53 873
53 994
54 101
54 987
54 993
55 281
55 769
55 976
56 399
56 726
56 834
57 694
57 970
57 995
58 973
58 977
58 993
59 685
59 886
59 966
60 637
60 957
60 969
61 211
61 800
61 872
62 329
62 815
62 838
63 784
63 852
63 995
64 260
64 882
64 988
65 743
65 953
65 991
66 816
66 848
66 979
67 909
67 953
67 998
68 934
68 963
68 983
69 910
69 966
69 984
70 882
70 889
70 912
71 376
71 875
71 975
72 941
72 967
72 989
73 963
73 973
73 977
74 463
74 973
74 977
75 501
75 872
75 952
76 129
76 783
76 954
77 895
77 932
77 976
78 16
78 782
78 983
79 828
79 848
79 994
80 185
80 292
80 922
81 748
81 790
81 997
82 698
82 844
82 889
83 700
83 847
83 919
84 136
84 971
84 991
85 874
85 926
85 980
86 933
86 935
86 984
87 407
87 896
87 959
88 875
88 955
88 986
89 157
89 886
89 945
90 505
90 776
90 985
91 878
91 990
91 992
92 885
92 973
92 993
93 877
93 920
93 989
94 589
94 971
94 998
95 867
95 898
95 926
96 921
96 945
96 984
97 695
97 812
97 868
98 886
98 935
98 945
99 906
99 921
99 935
100 618
100 938
100 973
101 54
101 839
101 983
102 283
102 705
102 994
103 762
103 891
103 954
104 867
104 898
104 926
105 886
105 933
105 984
106 684
106 868
106 999
107 875
107 975
107 976
108 293
108 683
108 964
109 867
109 898
109 926
110 338
110 970
110 995
111 838
111 923
111 986
112 702
112 874
112 926
113 489
113 765
113 812
114 745
114 808
114 926
115 493
115 533
115 965
116 11
116 496
116 560
117 552
117 948
117 997
118 741
118 954
118 959
119 739
119 841
119 997
120 123
120 657
120 720
121 978
121 989
121 999
122 962
122 985
122 992
123 120
123 873
123 994
124 976
124 986
124 991
125 564
125 661
125 932
126 910
126 966
126 984
127 942
127 944
127 997
128 53
128 780
128 932
129 76
129 497
129 777
130 131
130 989
130 997
131 130
131 500
131 727
132 971
132 991
132 998
133 438
133 532
133 940
134 371
134 729
134 902
135 227
135 953
135 969
136 84
136 755
136 853
137 460
137 983
137 993
138 349
138 362
138 447
139 958
139 961
139 986
140 289
140 954
140 959
141 936
141 984
141 985
142 910
142 933
142 984
143 527
143 974
143 996
144 789
144 811
144 969
145 303
145 365
145 932
146 904
146 914
146 965
147 927
147 985
147 990
148 932
148 947
148 994
149 322
149 580
149 995
150 705
150 979
150 994
151 869
151 971
151 998
152 787
152 912
152 995
153 808
153 969
153 991
154 801
154 871
154 931
155 781
155 979
155 994
156 349
156 416
156 965
157 89
157 935
157 984
158 270
158 964
158 979
159 445
159 657
159 720
160 380
160 660
160 976
161 897
161 900
161 911
162 515
162 796
162 969
163 931
163 980
163 982
164 892
164 913
164 995
165 910
165 935
165 984
166 756
166 777
166 954
167 900
167 991
167 998
168 382
168 692
168 883
169 905
169 906
169 984
170 874
170 898
170 926
171 888
171 954
171 965
172 636
172 988
172 995
173 206
173 281
173 695
174 781
174 863
174 932
175 686
175 847
175 919
176 848
176 894
176 979
177 705
177 828
177 947
178 752
178 850
178 954
179 707
179 726
179 834
180 48
180 851
180 907
181 325
181 505
181 776
182 956
182 969
182 998
183 963
183 968
183 977
184 277
184 474
184 961
185 80
185 245
185 942
186 571
186 577
186 928
187 315
187 838
187 961
188 436
188 798
188 987
189 664
189 842
189 897
190 956
190 971
190 991
191 985
191 992
191 996
192 652
192 852
192 984
193 643
193 890
193 955
194 593
194 917
194 952
195 196
195 981
195 989
196 195
196 776
196 868
197 822
197 938
197 993
198 870
198 958
198 986
199 684
199 921
199 981
200 33
200 646
200 838
201 739
201 773
201 899
202 728
202 888
202 965
203 367
203 701
203 976
204 775
204 883
204 890
205 610
205 890
205 924
206 173
206 814
206 870
207 361
207 701
207 975
208 848
208 932
208 994
209 656
209 720
209 926
210 588
210 816
210 994
211 61
211 829
211 952
212 891
212 948
212 989
213 894
213 932
213 979
214 334
214 570
214 742
215 957
215 991
215 998
216 882
216 889
216 970
217 455
217 990
217 996
218 949
218 961
218 986
219 913
219 915
219 970
220 462
220 944
220 973
221 780
221 879
221 994
222 668
222 776
222 859
223 760
223 950
223 980
224 573
224 824
224 832
225 576
225 810
225 972
226 227
226 494
226 623
227 135
227 226
227 998
228 553
228 953
228 957
229 364
229 506
229 925
230 545
230 923
230 958
231 960
231 980
231 982
232 980
232 987
232 993
233 713
233 906
233 933
234 499
234 766
234 883
235 26
235 862
235 961
236 773
236 880
236 963
237 953
237 957
237 998
238 611
238 759
238 908
239 560
239 851
239 961
240 900
240 969
240 991
241 787
241 892
241 913
242 887
242 896
242 911
243 774
243 873
243 952
244 337
244 938
244 983
245 185
245 707
245 952
246 673
246 789
246 887
247 754
247 958
247 961
248 701
248 773
248 808
249 353
249 888
249 954
250 599
250 812
250 868
251 650
251 744
251 865
252 574
252 914
252 965
253 920
253 989
253 999
254 958
254 976
254 986
255 308
255 783
255 959
256 39
256 633
256 963
257 620
257 828
257 979
258 807
258 870
258 961
259 556
259 791
259 963
260 64
260 913
260 972
261 957
261 991
261 999
262 523
262 747
262 800
263 627
263 946
263 999
264 403
264 923
264 975
265 345
265 767
265 790
266 787
266 925
266 988
267 876
267 940
267 953
268 956
268 969
268 991
269 706
269 828
269 994
270 158
270 817
270 820
271 443
271 827
271 859
272 303
272 638
272 994
273 491
273 899
273 975
274 390
274 951
274 995
275 414
275 541
275 907
276 903
276 934
276 973
277 184
277 739
277 899
278 581
278 815
278 886
279 934
279 938
279 963
280 419
280 850
280 953
281 55
281 173
281 986
282 506
282 799
282 913
282 925
283 102
283 927
283 936
283 985
284 657
284 943
284 992
284 996
285 766
285 775
285 792
285 883
286 531
286 822
286 880
286 983
287 934
287 968
287 987
287 991
288 724
288 960
288 980
288 982
289 140
289 749
289 879
289 890
290 906
290 935
290 966
290 984
291 693
291 935
291 966
291 984
292 80
292 402
292 657
292 726
293 108
293 494
293 609
293 785
294 555
294 577
294 768
294 995
295 794
295 889
295 988
295 995
296 905
296 906
296 966
296 984
297 899
297 958
297 975
297 986
298 909
298 940
298 956
298 957
299 342
299 990
299 992
299 996
300 870
300 936
300 992
300 996
301 773
301 778
301 961
301 969
302 941
302 946
302 981
302 997
303 145
303 272
303 894
303 964
304 641
304 915
304 925
304 951
305 818
305 943
305 962
305 990
306 354
306 853
306 991
306 998
307 841
307 922
307 964
307 981
308 255
308 497
308 865
308 965
309 849
309 885
309 943
309 996
310 639
310 962
310 992
310 996
311 509
311 647
311 823
311 896
312 398
312 963
312 987
312 993
313 507
313 929
313 980
313 982
314 744
314 749
314 884
314 965
315 187
315 359
315 904
315 914
316 318
316 657
316 707
316 834
317 464
317 847
317 864
317 919
318 316
318 764
318 955
318 959
319 48
319 798
319 851
319 907
320 539
320 634
320 923
320 976
321 497
321 744
321 959
321 965
322 149
322 871
322 951
322 988
323 905
323 921
323 966
323 984
324 924
324 968
324 987
324 993
325 181
325 427
325 812
325 959
326 347
326 929
326 980
326 982
327 368
327 796
327 874
327 958
328 847
328 864
328 919
328 998
329 62
329 539
329 778
329 796
330 931
330 960
330 980
330 982
331 651
331 875
331 975
331 976
332 929
332 960
332 980
332 982
333 734
333 772
333 905
333 918
334 214
334 850
334 865
334 954
335 568
335 767
335 978
335 999
336 927
336 930
336 985
336 990
337 244
337 717
337 798
337 907
338 21
338 110
338 988
338 995
339 615
339 657
339 693
339 977
340 852
340 905
340 966
340 984
341 876
341 956
341 969
341 971
342 299
342 731
342 902
342 937
343 495
343 766
343 792
343 883
344 867
344 874
344 898
344 926
345 265
345 901
345 987
345 999
346 625
346 865
346 888
346 955
347 326
347 790
347 946
347 997
348 741
348 939
348 969
348 998
349 138
349 156
349 671
349 756
350 362
350 575
350 817
350 820
351 944
351 949
351 997
351 999
352 909
352 957
352 971
352 998
353 249
353 355
353 648
353 879
354 306
354 971
354 991
354 998
355 353
355 943
355 992
355 996
356 589
356 926
356 939
356 956
357 416
357 884
357 954
357 955
358 462
358 924
358 938
358 987
359 315
359 850
359 881
359 955
360 962
360 990
360 992
360 996
361 207
361 793
361 961
361 975
362 138
362 350
362 550
362 640
363 777
363 891
363 958
363 959
364 229
364 582
364 667
364 995
365 145
365 669
365 863
365 994
366 811
366 971
366 981
366 998
367 203
367 424
367 915
367 988
368 327
368 646
368 923
368 976
369 415
369 432
369 968
369 977
370 772
370 918
370 937
370 952
371 134
371 682
371 829
371 849
372 950
372 960
372 980
372 982
373 905
373 906
373 921
373 966
374 442
374 690
374 785
374 947
375 764
375 879
375 891
375 955
376 71
376 968
376 977
376 993
377 614
377 816
377 947
377 994
378 746
378 939
378 940
378 953
379 924
379 938
379 977
379 987
380 160
380 581
380 961
380 975
381 575
381 650
381 817
381 820
382 168
382 766
382 775
382 883
383 963
383 977
383 983
383 993
384 839
384 939
384 940
384 969
385 867
385 898
385 926
385 937
386 749
386 879
386 890
386 954
387 458
387 644
387 690
387 873
388 692
388 775
388 792
388 883
389 670
389 703
389 832
389 936
390 274
390 516
390 939
390 940
391 698
391 912
391 988
391 995
392 586
392 670
392 694
392 832
393 556
393 963
393 983
393 993
394 804
394 981
394 989
394 997
395 913
395 970
395 972
395 988
396 594
396 646
396 714
396 870
397 440
397 860
397 930
397 992
398 312
398 739
398 923
398 976
399 56
399 404
399 720
399 726
400 622
400 940
400 971
400 991
401 562
401 582
401 951
401 970
402 292
402 693
402 720
402 834
403 264
403 411
403 778
403 986
404 399
404 909
404 969
404 991
405 791
405 808
405 961
405 975
406 508
406 815
406 838
406 975
407 87
407 509
407 842
407 846
408 830
408 935
408 966
408 984
409 571
409 801
409 850
409 988
410 887
410 974
410 992
410 996
411 403
411 634
411 961
411 976
412 0
412 838
412 975
412 986
413 866
413 942
413 967
413 997
414 275
414 519
414 680
414 851
415 369
415 837
415 968
415 977
416 156
416 357
416 574
416 914
417 514
417 763
417 864
417 919
418 466
418 929
418 980
418 982
419 280
419 891
419 893
419 975
420 688
420 902
420 918
420 932
421 740
421 902
421 937
421 952
422 921
422 935
422 945
422 966
423 439
423 949
423 981
423 997
424 367
424 858
424 915
424 951
425 673
425 923
425 961
425 986
426 684
426 946
426 981
426 999
427 325
427 765
427 776
427 827
428 646
428 759
428 923
428 986
429 599
429 727
429 809
429 812
430 578
430 631
430 730
430 816
431 658
431 729
431 947
431 979
432 369
432 968
432 976
432 993
433 672
433 797
433 881
433 911
434 665
434 778
434 923
434 961
435 507
435 908
435 972
435 988
436 188
436 934
436 983
436 987
437 755
437 939
437 991
437 998
438 133
438 855
438 969
438 979
439 423
439 805
439 866
439 941
440 397
440 916
440 981
440 999
441 51
441 629
441 822
441 983
442 374
442 863
442 894
442 932
443 271
443 727
443 827
443 932
444 840
444 960
444 980
444 982
445 159
445 615
445 707
445 834
446 910
446 945
446 966
446 984
447 138
447 640
447 817
447 820
448 910
448 945
448 966
448 984
449 931
449 957
449 960
449 982
450 721
450 896
450 897
450 911
451 738
451 930
451 943
451 962
451 990
452 666
452 677
452 956
452 957
452 991
453 794
453 912
453 913
453 925
453 970
454 552
454 737
454 903
454 983
454 987
455 217
455 497
455 752
455 893
455 959
456 944
456 946
456 978
456 989
456 999
457 523
457 715
457 872
457 937
457 952
458 387
458 757
458 771
458 907
458 964
459 886
459 921
459 933
459 935
459 945
460 137
460 869
460 940
460 956
460 971
461 759
461 895
461 978
461 989
461 997
462 220
462 358
462 566
462 934
462 993
463 74
463 837
463 968
463 970
463 987
464 317
464 686
464 700
464 722
464 919
465 544
465 586
465 694
465 703
465 984
466 418
466 928
466 936
466 962
466 990
467 608
467 732
467 946
467 967
467 978
468 574
468 924
468 973
468 977
468 987
469 533
469 558
469 709
469 955
469 959
470 845
470 939
470 951
470 972
470 988
471 524
471 661
471 669
471 757
471 964
472 531
472 880
472 938
472 983
472 987
473 929
473 950
473 960
473 980
473 982
474 184
474 786
474 808
474 870
474 986
475 857
475 929
475 950
475 980
475 982
476 526
476 780
476 863
476 895
476 932
477 784
477 962
477 974
477 990
477 996
478 843
478 846
478 970
478 972
478 995
479 908
479 922
479 938
479 981
479 999
480 922
480 944
480 949
480 989
480 997
481 744
481 850
481 891
481 954
481 959
482 41
482 839
482 963
482 968
482 993
483 635
483 734
483 740
483 829
483 918
484 861
484 878
484 885
484 960
484 996
485 775
485 939
485 957
485 991
485 998
486 928
486 943
486 974
486 985
486 996
487 837
487 903
487 973
487 977
487 983
488 718
488 865
488 954
488 959
488 965
489 113
489 505
489 572
489 859
489 868
490 11
490 572
490 680
490 892
490 907
491 273
491 697
491 701
491 923
491 975
492 785
492 867
492 874
492 898
492 926
493 115
493 600
493 671
493 744
493 890
494 226
494 293
494 524
494 873
494 894
495 343
495 766
495 792
495 845
495 883
496 41
496 116
496 569
496 648
496 851
497 129
497 308
497 321
497 455
497 865
498 728
498 847
498 864
498 919
498 927
499 234
499 692
499 775
499 792
499 883
500 131
500 599
500 765
500 809
500 859
501 75
501 503
501 729
501 731
501 872
502 9
502 915
502 970
502 988
502 995
503 501
503 605
503 729
503 918
503 937
504 506
504 931
504 960
504 980
504 982
505 90
505 181
505 489
505 859
505 868
506 229
506 282
506 504
506 882
506 988
507 313
507 435
507 970
507 972
507 995
508 406
508 739
508 807
508 870
508 986
509 311
509 407
509 716
509 887
509 911
510 590
510 872
510 917
510 937
510 952
511 715
511 867
511 874
511 898
511 926
512 695
512 875
512 961
512 975
512 976
513 674
513 791
513 837
513 913
513 924
514 417
514 686
514 728
514 864
514 919
515 162
515 893
515 958
515 976
515 986
516 390
516 876
516 953
516 991
516 998
517 830
517 906
517 935
517 966
517 984
518 519
518 799
518 844
518 892
518 925
519 414
519 518
519 560
519 572
519 907
520 28
520 614
520 836
520 848
520 994
521 536
521 605
521 917
521 918
521 937
522 835
522 950
522 960
522 980
522 982
523 262
523 457
523 711
523 829
523 872
524 471
524 494
524 763
524 836
524 932
525 877
525 948
525 978
525 981
525 999
526 476
526 624
526 669
526 932
526 994
527 143
527 927
527 974
527 990
527 996
528 974
528 985
528 990
528 992
528 996
529 714
529 716
529 878
529 896
529 897
530 723
530 797
530 950
530 960
530 982
531 286
531 472
531 973
531 987
531 993
532 133
532 913
532 925
532 988
532 995
533 115
533 469
533 643
533 671
533 904
534 845
534 915
534 925
534 970
534 988
535 650
535 817
535 820
535 901
535 999
536 521
536 734
536 917
536 918
536 937
537 934
537 968
537 977
537 983
537 987
538 770
538 826
538 846
538 881
538 896
539 320
539 329
539 581
539 916
539 958
540 541
540 809
540 812
540 859
540 868
541 275
541 540
541 798
541 851
541 907
542 543
542 728
542 847
542 864
542 919
543 542
543 625
543 847
543 864
543 919
544 18
544 465
544 586
544 824
544 832
545 230
545 786
545 816
545 958
545 976
546 870
546 875
546 958
546 961
546 986
547 644
547 836
547 894
547 947
547 992
548 604
548 903
548 973
548 983
548 993
549 852
549 933
549 945
549 966
549 984
550 362
550 575
550 817
550 820
550 934
551 854
551 936
551 949
551 989
551 999
552 117
552 454
552 880
552 977
552 987
553 228
553 768
553 876
553 909
553 998
554 930
554 943
554 974
554 985
554 996
555 294
555 698
555 856
555 913
555 998
556 259
556 393
556 566
556 938
556 973
557 10
557 562
557 604
557 845
557 915
558 469
558 570
558 884
558 891
558 893
558 955
559 900
559 939
559 957
559 961
559 991
559 998
560 116
560 239
560 519
560 717
560 798
560 907
561 770
561 823
561 887
561 896
561 911
561 943
562 3
562 401
562 557
562 972
562 988
562 995
563 593
563 729
563 734
563 740
563 902
563 917
564 125
564 690
564 771
564 780
564 828
564 925
565 920
565 941
565 946
565 947
565 978
565 997
566 462
566 556
566 968
566 977
566 982
566 993
567 13
567 613
567 826
567 881
567 887
567 897
568 335
568 942
568 944
568 948
568 978
568 997
569 47
569 496
569 572
569 655
569 798
569 907
570 214
570 558
570 616
570 621
570 893
570 959
571 186
571 409
571 858
571 913
571 970
571 995
572 489
572 490
572 519
572 569
572 851
572 907
573 224
573 632
573 670
573 694
573 824
573 832
574 252
574 416
574 468
574 712
574 718
574 865
575 14
575 350
575 381
575 550
575 640
575 650
576 225
576 794
576 817
576 843
576 951
576 995
577 19
577 186
577 294
577 801
577 951
577 988
578 430
578 658
578 873
578 964
578 986
578 994
579 724
579 839
579 968
579 982
579 983
579 987
580 149
580 711
580 882
580 889
580 970
580 972
581 278
581 380
581 539
581 954
581 976
581 986
582 364
582 401
582 803
582 913
582 970
582 972
583 584
583 740
583 772
583 774
583 849
583 952
584 583
584 647
584 671
584 884
584 914
584 955
585 689
585 928
585 985
585 990
585 992
585 996
586 392
586 465
586 544
586 703
586 824
586 832
587 610
587 837
587 963
587 977
587 978
587 993
588 210
588 638
588 745
588 964
588 979
588 997
589 94
589 356
589 687
589 969
589 971
589 998
590 510
590 634
590 754
590 923
590 975
590 976
591 835
591 857
591 931
591 950
591 980
591 993
592 724
592 973
592 977
592 983
592 987
592 993
593 194
593 563
593 731
593 829
593 917
593 918
594 4
594 396
594 875
594 975
594 986
594 991
595 6
595 617
595 848
595 901
595 964
595 994
596 722
596 802
596 974
596 985
596 992
596 996
597 641
597 751
597 774
597 846
597 902
597 952
598 934
598 938
598 977
598 983
598 987
598 993
599 250
599 429
599 500
599 727
599 809
599 859
600 493
600 605
600 688
600 772
600 937
600 952
601 830
601 910
601 933
601 945
601 966
601 984
602 684
602 805
602 901
602 981
602 997
602 999
603 756
603 764
603 879
603 888
603 914
603 959
604 548
604 557
604 649
604 738
604 951
604 972
605 503
605 521
605 600
605 772
605 774
605 872
606 903
606 963
606 968
606 973
606 987
606 989
607 857
607 929
607 931
607 950
607 980
607 982
608 42
608 467
608 630
608 941
608 978
608 981
609 17
609 293
609 816
609 947
609 964
609 994
610 205
610 587
610 839
610 924
610 934
610 968
611 238
611 901
611 920
611 942
611 967
611 999
612 725
612 784
612 892
612 925
612 973
612 995
613 567
613 664
613 716
613 770
613 911
613 996
614 377
614 520
614 644
614 678
614 979
614 998
615 29
615 339
615 445
615 726
615 834
615 930
616 570
616 718
616 879
616 890
616 931
616 954
617 595
617 683
617 848
617 895
617 932
617 994
618 100
618 938
618 968
618 973
618 983
618 993
619 762
619 879
619 891
619 955
619 959
619 965
620 257
620 699
620 771
620 863
620 894
620 964
621 570
621 749
621 888
621 904
621 914
621 965
622 400
622 876
622 909
622 930
622 991
622 998
623 226
623 745
623 785
623 848
623 948
623 994
624 526
624 836
624 863
624 889
624 947
624 979
625 346
625 543
625 728
625 847
625 864
625 919
626 627
626 747
626 751
626 800
626 872
626 952
627 263
627 626
627 944
627 967
627 997
627 999
628 629
628 746
628 795
628 900
628 940
628 998
629 441
629 628
629 903
629 963
629 973
629 993
630 608
630 815
630 922
630 941
630 948
630 967
631 430
631 683
631 781
631 964
631 979
631 994
632 573
632 670
632 694
632 703
632 824
632 832
633 256
633 903
633 934
633 973
633 983
633 993
634 320
634 411
634 590
634 665
634 955
634 958
634 975
635 483
635 823
635 902
635 917
635 918
635 937
635 952
636 172
636 828
636 871
636 915
636 951
636 988
636 995
637 60
637 638
637 795
637 909
637 953
637 969
637 991
638 272
638 588
638 637
638 848
638 873
638 894
638 979
639 310
639 928
639 962
639 974
639 985
639 990
639 992
640 22
640 362
640 447
640 575
640 650
640 820
640 898
641 304
641 597
641 711
641 729
641 774
641 800
641 902
642 661
642 782
642 924
642 968
642 973
642 977
642 987
643 193
643 533
643 647
643 742
643 777
643 893
643 959
644 387
644 547
644 614
644 863
644 932
644 979
644 985
645 797
645 929
645 931
645 950
645 960
645 980
645 982
646 200
646 368
646 396
646 428
646 899
646 958
646 986
647 311
647 584
647 643
647 653
647 752
647 954
647 965
648 353
648 496
648 718
648 742
648 764
648 955
648 965
649 604
649 803
649 856
649 912
649 915
649 925
649 989
650 251
650 381
650 535
650 575
650 640
650 817
650 820
651 331
651 808
651 870
651 923
651 958
651 976
651 986
652 192
652 806
652 830
652 852
652 886
652 921
652 984
653 647
653 709
653 904
653 954
653 959
653 965
653 968
654 705
654 730
654 763
654 785
654 979
654 994
654 996
655 569
655 819
655 855
655 940
655 953
655 956
655 991
656 209
656 691
656 715
656 867
656 874
656 898
656 926
657 120
657 159
657 284
657 292
657 316
657 339
657 693
658 431
658 578
658 665
658 678
658 932
658 979
658 994
659 821
659 869
659 900
659 953
659 956
659 991
659 998
660 160
660 885
660 930
660 962
660 985
660 990
660 992
661 125
661 471
661 642
661 699
661 745
661 964
661 979
662 683
662 690
662 699
662 776
662 848
662 964
662 994
663 751
663 929
663 931
663 950
663 960
663 980
663 982
664 189
664 613
664 673
664 714
664 789
664 846
664 977
665 434
665 634
665 658
665 773
665 923
665 958
665 975
666 452
666 741
666 895
666 940
666 957
666 971
666 998
667 364
667 845
667 889
667 892
667 915
667 940
667 970
668 49
668 222
668 854
668 944
668 949
668 989
668 999
669 365
669 471
669 526
669 763
669 863
669 964
669 994
670 389
670 392
670 573
670 632
670 703
670 824
670 915
671 349
671 493
671 533
671 584
671 730
671 744
671 955
672 433
672 789
672 823
672 826
672 846
672 887
672 897
673 246
673 425
673 664
673 716
673 770
673 881
673 911
674 513
674 822
674 903
674 934
674 983
674 987
674 993
675 679
675 929
675 931
675 950
675 960
675 980
675 982
676 736
676 821
676 833
676 928
676 974
676 990
676 992
677 452
677 869
677 953
677 956
677 971
677 991
677 998
678 614
678 658
678 730
678 771
678 863
678 947
678 994
679 675
679 721
679 789
679 826
679 842
679 887
679 897
680 414
680 490
680 681
680 717
680 798
680 851
680 907
681 680
681 696
681 928
681 985
681 990
681 992
681 996
682 371
682 711
682 740
682 851
682 917
682 918
682 952
683 108
683 617
683 631
683 662
683 745
683 873
683 994
684 106
684 199
684 426
684 602
684 882
684 941
684 981
685 59
685 910
685 933
685 935
685 966
685 984
685 996
686 175
686 464
686 514
686 728
686 847
686 864
686 919
687 2
687 589
687 772
687 855
687 939
687 956
687 971
688 420
688 600
688 711
688 802
688 872
688 902
688 952
689 585
689 813
689 927
689 936
689 990
689 992
689 996
690 23
690 374
690 387
690 564
690 662
690 810
690 979
691 656
691 705
691 715
691 867
691 874
691 898
691 926
692 168
692 388
692 499
692 766
692 775
692 792
692 883
693 291
693 339
693 402
693 657
693 707
693 720
693 834
694 57
694 392
694 465
694 573
694 632
694 824
694 832
695 97
695 173
695 512
695 838
695 899
695 958
695 976
695 986
696 681
696 722
696 930
696 962
696 974
696 990
696 992
696 996
697 491
697 723
697 758
697 857
697 931
697 950
697 980
697 982
698 82
698 391
698 555
698 889
698 913
698 972
698 988
698 995
699 620
699 661
699 662
699 781
699 894
699 895
699 947
699 994
700 28
700 83
700 464
700 728
700 836
700 847
700 864
700 919
701 26
701 203
701 207
701 248
701 491
701 786
701 953
701 986
702 112
702 737
702 857
702 929
702 931
702 960
702 980
702 982
703 389
703 465
703 586
703 632
703 670
703 824
703 832
703 987
704 840
704 908
704 920
704 948
704 978
704 981
704 997
704 999
705 102
705 150
705 177
705 654
705 691
705 828
705 873
705 964
706 269
706 920
706 922
706 946
706 967
706 981
706 989
706 999
707 179
707 245
707 316
707 445
707 693
707 717
707 726
707 834
708 709
708 793
708 818
708 916
708 941
708 949
708 978
708 999
709 469
709 653
709 708
709 756
709 884
709 904
709 914
709 955
710 725
710 860
710 885
710 936
710 943
710 985
710 990
710 996
711 523
711 580
711 641
711 682
711 688
711 849
711 917
711 952
712 574
712 756
712 761
712 777
712 884
712 914
712 917
712 965
713 233
713 830
713 852
713 905
713 933
713 945
713 966
713 984
714 396
714 529
714 664
714 789
714 846
714 881
714 896
714 911
715 457
715 511
715 656
715 691
715 867
715 874
715 898
715 926
716 43
716 509
716 529
716 613
716 673
716 826
716 897
716 990
717 41
717 337
717 560
717 680
717 707
717 798
717 851
717 907
718 488
718 574
718 616
718 648
718 783
718 904
718 954
718 999
719 750
719 916
719 942
719 948
719 967
719 978
719 989
719 999
720 29
720 120
720 159
720 209
720 399
720 402
720 693
720 834
721 450
721 679
721 826
721 842
721 846
721 887
721 896
721 897
722 464
722 596
722 696
722 974
722 985
722 990
722 992
722 996
723 530
723 697
723 835
723 929
723 950
723 960
723 980
723 982
724 288
724 579
724 592
724 968
724 973
724 983
724 987
724 993
725 612
725 710
725 799
725 858
725 912
725 915
725 925
725 995
726 56
726 179
726 292
726 399
726 615
726 707
726 834
726 998
727 1
727 131
727 429
727 443
727 599
727 809
727 827
727 976
728 202
728 498
728 514
728 542
728 625
728 686
728 700
728 919
729 134
729 431
729 501
729 503
729 563
729 641
729 872
729 937
730 50
730 430
730 654
730 671
730 678
730 771
730 836
730 863
731 342
731 501
731 593
731 747
731 772
731 849
731 917
731 937
732 467
732 840
732 908
732 922
732 944
732 989
732 995
732 999
733 802
733 885
733 927
733 943
733 972
733 974
733 985
733 996
734 333
734 483
734 536
734 563
734 751
734 829
734 849
734 933
735 736
735 759
735 760
735 818
735 854
735 944
735 978
735 981
736 676
736 735
736 878
736 928
736 936
736 985
736 990
736 992
737 454
737 702
737 835
737 857
737 931
737 950
737 960
737 980
737 982
738 451
738 604
738 787
738 794
738 810
738 882
738 925
738 972
738 995
739 119
739 201
739 277
739 398
739 508
739 870
739 923
739 975
739 976
740 421
740 483
740 563
740 583
740 682
740 849
740 902
740 937
740 952
741 118
741 348
741 666
741 853
741 869
741 956
741 969
741 991
741 998
742 214
742 643
742 648
742 744
742 762
742 886
742 893
742 914
742 955
743 65
743 855
743 909
743 912
743 956
743 957
743 969
743 991
743 998
744 251
744 314
744 321
744 481
744 493
744 671
744 742
744 783
744 988
745 114
745 588
745 623
745 661
745 683
745 894
745 932
745 947
745 979
746 378
746 628
746 830
746 853
746 900
746 939
746 956
746 969
746 998
747 262
747 626
747 731
747 849
747 902
747 917
747 918
747 937
747 943
748 81
748 750
748 916
748 941
748 942
748 948
748 967
748 981
748 989
749 289
749 314
749 386
749 621
749 893
749 914
749 955
749 965
749 982
750 719
750 748
750 759
750 877
750 901
750 948
750 949
750 978
750 997
751 597
751 626
751 663
751 734
751 800
751 849
751 902
751 917
751 918
752 178
752 455
752 647
752 865
752 884
752 954
752 959
752 965
752 992
753 854
753 916
753 939
753 941
753 949
753 967
753 981
753 997
753 999
754 247
754 590
754 786
754 854
754 870
754 875
754 975
754 976
754 986
755 136
755 437
755 811
755 869
755 903
755 939
755 957
755 991
755 998
756 32
756 166
756 349
756 603
756 709
756 712
756 803
756 891
756 955
757 458
757 471
757 780
757 894
757 895
757 947
757 979
757 994
757 999
758 697
758 774
758 857
758 929
758 931
758 950
758 960
758 980
758 982
759 238
759 428
759 461
759 735
759 750
759 922
759 967
759 989
759 997
760 223
760 735
760 804
760 840
760 901
760 944
760 978
760 997
760 999
761 712
761 777
761 879
761 890
761 893
761 904
761 914
761 965
761 990
762 103
762 619
762 742
762 777
762 879
762 890
762 946
762 954
762 965
763 417
763 524
763 654
763 669
763 895
763 932
763 947
763 979
763 994
764 318
764 375
764 603
764 648
764 783
764 890
764 904
764 914
764 953
765 113
765 427
765 500
765 779
765 809
765 810
765 827
765 859
765 868
766 234
766 285
766 343
766 382
766 495
766 692
766 775
766 883
766 950
767 265
767 335
767 877
767 908
767 942
767 944
767 948
767 997
767 999
768 294
768 553
768 799
768 843
768 844
768 871
768 889
768 970
768 995
769 55
769 786
769 838
769 848
769 899
769 958
769 961
769 976
769 986
770 538
770 561
770 613
770 673
770 823
770 842
770 881
770 896
770 911
771 458
771 564
771 620
771 678
771 730
771 785
771 836
771 919
771 964
772 333
772 370
772 583
772 600
772 605
772 687
772 731
772 917
772 918
772 937
773 201
773 236
773 248
773 301
773 665
773 778
773 958
773 961
773 976
773 986
774 243
774 583
774 597
774 605
774 641
774 758
774 917
774 918
774 937
774 952
775 204
775 285
775 382
775 388
775 485
775 499
775 692
775 766
775 792
775 883
776 90
776 181
776 196
776 222
776 427
776 662
776 812
776 827
776 859
776 868
777 129
777 166
777 363
777 643
777 712
777 761
777 762
777 778
777 914
777 959
778 301
778 329
778 403
778 434
778 773
778 777
778 786
778 807
778 899
778 961
779 765
779 810
779 871
779 882
779 912
779 913
779 951
779 970
779 988
779 995
780 128
780 221
780 476
780 564
780 757
780 828
780 873
780 895
780 947
780 970
781 155
781 174
781 631
781 699
781 816
781 893
781 932
781 947
781 979
781 994
782 78
782 642
782 880
782 924
782 934
782 958
782 968
782 983
782 987
782 993
783 35
783 76
783 255
783 718
783 744
783 764
783 871
783 888
783 891
783 904
784 63
784 477
784 612
784 845
784 856
784 912
784 925
784 951
784 970
784 972
785 293
785 374
785 492
785 623
785 654
785 771
785 816
785 863
785 947
785 979
786 474
786 545
786 701
786 754
786 769
786 778
786 796
786 815
786 844
786 976
787 152
787 241
787 266
787 738
787 858
787 889
787 951
787 983
787 988
787 995
788 793
788 840
788 866
788 908
788 920
788 949
788 967
788 978
788 982
788 997
789 144
789 246
789 664
789 672
789 679
789 714
789 823
789 842
789 887
789 911
790 81
790 265
790 347
790 862
790 902
790 967
790 981
790 989
790 997
790 999
791 259
791 405
791 513
791 837
791 938
791 963
791 968
791 973
791 983
791 987
792 13
792 285
792 343
792 388
792 495
792 499
792 692
792 775
792 883
792 969
793 361
793 708
793 788
793 908
793 941
793 949
793 978
793 981
793 997
793 999
794 295
794 453
794 576
794 738
794 810
794 845
794 864
794 970
794 972
794 988
795 628
795 637
795 811
795 862
795 939
795 953
795 956
795 957
795 969
795 991
796 0
796 162
796 327
796 329
796 786
796 808
796 899
796 928
796 958
796 986
797 433
797 530
797 645
797 835
797 929
797 931
797 950
797 960
797 980
797 982
798 188
798 319
798 337
798 541
798 560
798 569
798 680
798 717
798 851
798 907
799 282
799 518
799 725
799 768
799 800
799 843
799 970
799 972
799 988
799 995
800 61
800 262
800 626
800 641
800 751
800 799
800 872
800 902
800 918
800 952
801 154
801 409
801 577
801 810
801 844
801 856
801 858
801 962
801 988
801 995
802 596
802 688
802 733
802 860
802 878
802 936
802 943
802 990
802 992
802 996
803 582
803 649
803 756
803 843
803 844
803 892
803 912
803 970
803 972
803 995
804 394
804 760
804 841
804 878
804 916
804 942
804 949
804 978
804 989
804 997
805 439
805 602
805 806
805 862
805 920
805 941
805 946
805 948
805 997
805 999
806 652
806 805
806 886
806 905
806 906
806 910
806 921
806 935
806 945
806 966
807 37
807 258
807 508
807 778
807 808
807 809
807 961
807 975
807 976
807 986
808 114
808 153
808 248
808 405
808 474
808 651
808 796
808 807
808 838
808 958
808 986
809 429
809 500
809 540
809 599
809 727
809 765
809 807
809 812
809 827
809 859
809 868
810 225
810 690
810 738
810 765
810 779
810 794
810 801
810 856
810 882
810 951
810 995
811 144
811 366
811 755
811 795
811 812
811 855
811 939
811 940
811 953
811 971
811 998
812 97
812 113
812 250
812 325
812 429
812 540
812 776
812 809
812 811
812 827
812 868
813 689
813 814
813 861
813 878
813 918
813 930
813 962
813 974
813 985
813 990
813 996
814 206
814 813
814 821
814 825
814 927
814 936
814 943
814 962
814 974
814 990
814 996
815 62
815 278
815 406
815 630
815 786
815 870
815 875
815 899
815 975
815 976
815 986
816 66
816 210
816 377
816 430
816 545
816 609
816 781
816 785
816 947
816 979
816 994
817 14
817 22
817 270
817 350
817 381
817 447
817 535
817 550
817 576
817 650
817 820
818 305
818 708
818 735
818 862
818 916
818 922
818 942
818 967
818 978
818 997
818 999
819 655
819 853
819 855
819 900
819 909
819 934
819 940
819 957
819 969
819 971
819 998
820 22
820 270
820 350
820 381
820 447
820 535
820 550
820 640
820 650
820 817
820 922
821 659
821 676
821 814
821 885
821 930
821 962
821 974
821 985
821 990
821 992
821 996
822 197
822 286
822 441
822 674
822 896
822 924
822 934
822 963
822 983
822 987
822 993
823 43
823 311
823 561
823 635
823 672
823 770
823 789
823 842
823 881
823 887
823 935
824 18
824 31
824 224
824 544
824 573
824 586
824 632
824 670
824 694
824 703
824 825
824 832
825 814
825 824
825 861
825 928
825 930
825 936
825 943
825 962
825 974
825 990
825 992
825 996
826 538
826 567
826 672
826 679
826 716
826 721
826 846
826 887
826 896
826 897
826 911
826 973
827 1
827 271
827 427
827 443
827 727
827 765
827 776
827 809
827 812
827 859
827 868
827 968
828 79
828 177
828 257
828 269
828 564
828 636
828 705
828 780
828 829
828 895
828 964
828 979
829 211
829 371
829 483
829 523
829 593
829 734
829 828
829 902
829 917
829 937
829 951
829 952
830 408
830 517
830 601
830 652
830 713
830 746
830 906
830 921
830 933
830 945
830 966
830 984
831 885
831 924
831 927
831 930
831 936
831 943
831 962
831 974
831 985
831 990
831 992
831 996
832 31
832 224
832 389
832 392
832 544
832 573
832 586
832 632
832 694
832 703
832 824
832 833
833 676
833 832
833 860
833 861
833 927
833 928
833 930
833 936
833 974
833 985
833 992
833 996
834 29
834 56
834 179
834 316
834 402
834 445
834 615
834 693
834 707
834 720
834 726
834 835
835 522
835 591
835 723
835 737
835 797
835 834
835 929
835 931
835 950
835 960
835 980
835 982
836 520
836 524
836 547
836 624
836 700
836 730
836 771
836 873
836 895
836 964
836 979
836 994
837 40
837 415
837 463
837 487
837 513
837 587
837 791
837 847
837 924
837 968
837 977
837 993
838 62
838 111
838 187
838 200
838 406
838 412
838 695
838 769
838 808
838 923
838 924
838 975
839 40
839 101
839 384
839 482
839 579
839 610
839 903
839 963
839 968
839 983
839 987
839 993
840 444
840 704
840 732
840 760
840 788
840 862
840 916
840 920
840 941
840 949
840 981
840 999
841 119
841 307
841 804
841 866
841 868
841 901
841 916
841 944
841 949
841 967
841 978
841 989
841 997
842 43
842 189
842 407
842 679
842 721
842 770
842 789
842 823
842 846
842 871
842 881
842 887
842 897
843 478
843 576
843 768
843 799
843 803
843 872
843 892
843 912
843 913
843 925
843 951
843 972
843 995
844 82
844 518
844 768
844 786
844 801
844 803
844 848
844 858
844 889
844 912
844 972
844 988
844 995
845 470
845 495
845 534
845 557
845 667
845 784
845 794
845 856
845 871
845 882
845 913
845 988
845 995
846 407
846 478
846 538
846 597
846 664
846 672
846 714
846 721
846 826
846 842
846 881
846 896
846 897
847 83
847 175
847 317
847 328
847 498
847 542
847 543
847 625
847 686
847 700
847 837
847 864
847 919
848 66
848 79
848 176
848 208
848 520
848 595
848 617
848 623
848 638
848 662
848 769
848 844
848 979
849 309
849 371
849 583
849 711
849 731
849 734
849 740
849 747
849 751
849 902
849 918
849 937
849 952
850 45
850 178
850 280
850 334
850 359
850 409
850 481
850 865
850 884
850 888
850 904
850 959
850 974
851 47
851 180
851 239
851 319
851 414
851 496
851 541
851 572
851 680
851 682
851 717
851 798
851 907
852 42
852 63
852 192
852 340
852 549
852 652
852 713
852 905
852 906
852 910
852 921
852 966
852 984
853 136
853 306
853 741
853 746
853 819
853 899
853 939
853 940
853 956
853 969
853 971
853 988
853 991
854 551
854 668
854 735
854 753
854 754
854 916
854 944
854 967
854 981
854 983
854 989
854 997
854 999
855 34
855 438
855 655
855 687
855 743
855 811
855 819
855 876
855 884
855 956
855 957
855 991
855 998
856 555
856 649
856 784
856 801
856 810
856 845
856 858
856 912
856 915
856 945
856 972
856 988
856 995
857 475
857 591
857 607
857 697
857 702
857 737
857 758
857 929
857 931
857 948
857 950
857 980
857 982
858 424
858 571
858 725
858 787
858 801
858 844
858 856
858 861
858 871
858 892
858 925
858 972
858 988
859 222
859 271
859 489
859 500
859 505
859 540
859 599
859 765
859 776
859 809
859 827
859 868
859 926
859 985
860 397
860 710
860 802
860 833
860 908
860 927
860 928
860 930
860 936
860 960
860 974
860 985
860 990
860 992
861 484
861 813
861 825
861 833
861 858
861 885
861 927
861 928
861 930
861 962
861 974
861 985
861 990
861 996
862 235
862 790
862 795
862 805
862 818
862 840
862 866
862 916
862 922
862 942
862 946
862 967
862 981
862 999
863 174
863 365
863 442
863 476
863 620
863 624
863 644
863 669
863 678
863 730
863 785
863 866
863 898
863 994
864 38
864 317
864 328
864 417
864 498
864 514
864 542
864 543
864 625
864 686
864 700
864 794
864 847
864 919
865 251
865 308
865 334
865 346
865 488
865 497
865 574
865 752
865 850
865 879
865 890
865 891
865 955
865 966
866 413
866 439
866 788
866 841
866 862
866 863
866 911
866 944
866 946
866 948
866 967
866 978
866 989
866 999
867 8
867 95
867 104
867 109
867 344
867 385
867 492
867 511
867 656
867 691
867 715
867 874
867 898
867 926
867 963
868 1
868 97
868 106
868 196
868 250
868 489
868 505
868 540
868 765
868 776
868 809
868 812
868 827
868 841
868 859
869 151
869 460
869 659
869 677
869 741
869 755
869 876
869 910
869 939
869 940
869 953
869 956
869 969
869 971
869 991
870 198
870 206
870 258
870 300
870 396
870 474
870 508
870 546
870 651
870 739
870 754
870 815
870 899
870 961
870 975
871 154
871 322
871 636
871 768
871 779
871 783
871 842
871 845
871 858
871 882
871 892
871 912
871 951
871 970
871 972
872 61
872 75
872 457
872 501
872 510
872 523
872 605
872 626
872 688
872 729
872 800
872 843
872 937
872 952
872 985
873 53
873 123
873 243
873 387
873 494
873 578
873 638
873 683
873 705
873 780
873 836
873 877
873 964
873 979
873 994
874 9
874 85
874 112
874 170
874 327
874 344
874 492
874 511
874 656
874 691
874 715
874 867
874 898
874 926
874 986
875 71
875 88
875 107
875 331
875 512
875 546
875 594
875 754
875 815
875 876
875 899
875 958
875 961
875 975
875 986
876 2
876 34
876 267
876 341
876 516
876 553
876 622
876 855
876 869
876 875
876 909
876 939
876 956
876 969
876 998
877 44
877 93
877 525
877 750
877 767
877 873
877 901
877 946
877 949
877 978
877 981
877 989
877 994
877 997
877 999
878 91
878 484
878 529
878 736
878 802
878 804
878 813
878 927
878 928
878 930
878 936
878 962
878 974
878 992
878 996
879 221
879 289
879 353
879 375
879 386
879 603
879 616
879 619
879 761
879 762
879 865
879 884
879 888
879 893
879 955
880 236
880 286
880 472
880 552
880 782
880 934
880 938
880 949
880 963
880 968
880 973
880 977
880 987
880 992
880 993
881 359
881 433
881 538
881 567
881 673
881 714
881 770
881 823
881 842
881 846
881 887
881 896
881 897
881 911
881 965
882 64
882 70
882 216
882 506
882 580
882 684
882 738
882 779
882 810
882 845
882 871
882 927
882 951
882 972
882 988
883 13
883 168
883 204
883 234
883 285
883 343
883 382
883 388
883 495
883 499
883 692
883 766
883 775
883 792
883 996
884 314
884 357
884 558
884 584
884 709
884 712
884 752
884 850
884 855
884 879
884 890
884 893
884 904
884 954
884 959
885 92
885 309
885 484
885 660
885 710
885 733
885 821
885 831
885 861
885 936
885 943
885 962
885 985
885 990
885 992
885 996
886 24
886 59
886 89
886 98
886 105
886 278
886 459
886 652
886 742
886 806
886 905
886 906
886 921
886 933
886 945
886 966
887 242
887 246
887 410
887 509
887 561
887 567
887 672
887 679
887 721
887 789
887 823
887 826
887 842
887 881
887 897
887 911
888 7
888 171
888 202
888 249
888 346
888 603
888 621
888 783
888 850
888 879
888 890
888 904
888 914
888 955
888 965
888 997
889 70
889 82
889 216
889 295
889 580
889 624
889 667
889 698
889 768
889 787
889 844
889 915
889 951
889 970
889 972
889 988
890 193
890 204
890 205
890 289
890 386
890 493
890 616
890 761
890 762
890 764
890 865
890 884
890 888
890 914
890 955
890 959
891 15
891 103
891 212
891 363
891 375
891 419
891 481
891 558
891 619
891 756
891 783
891 865
891 902
891 954
891 955
891 965
892 164
892 241
892 490
892 518
892 612
892 667
892 803
892 843
892 858
892 871
892 912
892 915
892 951
892 986
892 988
892 995
893 7
893 419
893 455
893 515
893 558
893 570
893 643
893 742
893 749
893 761
893 781
893 879
893 884
893 914
893 954
893 955
894 176
894 213
894 303
894 442
894 494
894 547
894 620
894 638
894 699
894 745
894 757
894 895
894 920
894 967
894 979
894 994
895 77
895 461
895 476
895 617
895 666
895 699
895 757
895 763
895 780
895 828
895 836
895 894
895 932
895 947
895 964
895 979
896 87
896 242
896 311
896 450
896 529
896 538
896 561
896 714
896 721
896 770
896 822
896 826
896 846
896 881
896 897
896 911
896 990
897 161
897 189
897 450
897 529
897 567
897 672
897 679
897 716
897 721
897 826
897 842
897 846
897 881
897 887
897 896
897 911
897 921
898 8
898 95
898 104
898 109
898 170
898 344
898 385
898 492
898 511
898 640
898 656
898 691
898 715
898 863
898 867
898 874
898 926
899 37
899 201
899 273
899 277
899 297
899 646
899 695
899 769
899 778
899 796
899 815
899 853
899 870
899 875
899 958
899 976
899 986
900 36
900 161
900 167
900 240
900 559
900 628
900 659
900 746
900 819
900 939
900 953
900 956
900 957
900 969
900 971
900 997
900 998
901 52
901 345
901 535
901 595
901 602
901 611
901 750
901 760
901 841
901 877
901 920
901 946
901 948
901 981
901 989
901 997
901 999
902 134
902 342
902 420
902 421
902 563
902 597
902 635
902 641
902 688
902 740
902 747
902 751
902 790
902 800
902 829
902 849
902 891
903 276
903 454
903 487
903 548
903 606
903 629
903 633
903 674
903 755
903 839
903 924
903 934
903 938
903 963
903 968
903 977
903 987
904 39
904 146
904 315
904 533
904 621
904 653
904 709
904 718
904 761
904 764
904 783
904 850
904 884
904 888
904 954
904 955
904 965
905 32
905 169
905 296
905 323
905 333
905 340
905 373
905 713
905 806
905 852
905 886
905 906
905 921
905 933
905 935
905 945
905 966
905 984
906 99
906 169
906 233
906 290
906 296
906 373
906 517
906 806
906 830
906 852
906 886
906 905
906 910
906 914
906 933
906 935
906 945
906 984
907 11
907 47
907 48
907 180
907 275
907 319
907 337
907 458
907 490
907 519
907 541
907 560
907 569
907 572
907 680
907 717
907 798
907 851
908 238
908 435
908 479
908 704
908 732
908 767
908 788
908 793
908 860
908 941
908 942
908 944
908 948
908 949
908 967
908 978
908 981
908 999
909 67
909 298
909 352
909 404
909 553
909 622
909 637
909 743
909 819
909 876
909 910
909 911
909 939
909 953
909 957
909 971
909 991
909 998
910 69
910 126
910 142
910 165
910 446
910 448
910 601
910 685
910 806
910 852
910 869
910 906
910 909
910 921
910 933
910 935
910 945
910 984
911 161
911 242
911 433
911 450
911 509
911 561
911 613
911 673
911 714
911 770
911 789
911 826
911 866
911 881
911 887
911 896
911 897
911 909
912 70
912 152
912 391
912 453
912 649
912 725
912 743
912 779
912 784
912 803
912 843
912 844
912 856
912 871
912 892
912 925
912 970
912 988
913 164
913 219
913 241
913 260
913 282
913 395
913 453
913 513
913 532
913 555
913 571
913 582
913 698
913 779
913 843
913 845
913 951
913 957
913 972
914 146
914 252
914 315
914 416
914 584
914 603
914 621
914 709
914 712
914 742
914 749
914 761
914 764
914 777
914 888
914 890
914 893
914 906
914 978
915 219
915 304
915 367
915 424
915 502
915 534
915 557
915 636
915 649
915 667
915 670
915 725
915 856
915 889
915 892
915 925
915 951
915 958
915 995
916 440
916 539
916 708
916 719
916 748
916 753
916 804
916 818
916 840
916 841
916 854
916 862
916 918
916 922
916 942
916 967
916 981
916 989
916 999
917 194
917 510
917 521
917 536
917 563
917 593
917 635
917 682
917 711
917 712
917 731
917 747
917 751
917 772
917 774
917 829
917 937
917 952
917 963
918 333
918 370
918 420
918 483
918 503
918 521
918 536
918 593
918 635
918 682
918 747
918 751
918 772
918 774
918 800
918 813
918 849
918 916
918 937
919 28
919 83
919 175
919 317
919 328
919 417
919 464
919 498
919 514
919 542
919 543
919 625
919 686
919 700
919 728
919 771
919 847
919 864
919 920
920 93
920 253
920 565
920 611
920 704
920 706
920 788
920 805
920 840
920 894
920 901
920 919
920 941
920 942
920 944
920 946
920 949
920 989
920 997
920 999
921 24
921 96
921 99
921 199
921 323
921 373
921 422
921 459
921 652
921 806
921 830
921 852
921 886
921 897
921 905
921 910
921 933
921 935
921 945
921 984
922 80
922 307
922 479
922 480
922 630
922 706
922 732
922 759
922 818
922 820
922 862
922 916
922 941
922 946
922 948
922 967
922 978
922 981
922 989
922 999
923 37
923 111
923 230
923 264
923 320
923 368
923 398
923 425
923 428
923 434
923 491
923 590
923 651
923 665
923 739
923 838
923 925
923 961
923 975
923 988
924 205
924 324
924 358
924 379
924 468
924 513
924 610
924 642
924 782
924 822
924 831
924 837
924 838
924 903
924 934
924 938
924 942
924 963
924 977
924 983
924 987
925 229
925 266
925 282
925 304
925 453
925 518
925 532
925 534
925 564
925 612
925 649
925 725
925 738
925 784
925 843
925 858
925 912
925 915
925 923
925 972
925 995
926 8
926 9
926 85
926 95
926 104
926 109
926 112
926 114
926 170
926 209
926 344
926 356
926 385
926 492
926 511
926 656
926 691
926 715
926 859
926 867
926 874
926 898
927 147
927 283
927 336
927 498
927 527
927 689
927 733
927 814
927 831
927 833
927 860
927 861
927 878
927 882
927 936
927 943
927 962
927 974
927 985
927 990
927 992
927 996
928 186
928 466
928 486
928 585
928 639
928 676
928 681
928 736
928 796
928 825
928 833
928 860
928 861
928 878
928 930
928 943
928 962
928 974
928 985
928 990
928 992
928 996
929 313
929 326
929 332
929 418
929 473
929 475
929 607
929 645
929 663
929 675
929 702
929 723
929 758
929 797
929 835
929 857
929 931
929 944
929 950
929 954
929 960
929 980
929 982
930 336
930 397
930 451
930 554
930 615
930 622
930 660
930 696
930 813
930 821
930 825
930 831
930 833
930 860
930 861
930 878
930 928
930 943
930 962
930 974
930 985
930 990
930 992
931 154
931 163
931 330
931 449
931 504
931 591
931 607
931 616
931 645
931 663
931 675
931 697
931 702
931 737
931 758
931 797
931 835
931 857
931 929
931 950
931 960
931 980
931 982
932 77
932 125
932 128
932 145
932 148
932 174
932 208
932 213
932 420
932 442
932 443
932 476
932 524
932 526
932 617
932 644
932 658
932 745
932 763
932 781
932 895
932 947
932 964
933 30
933 42
933 86
933 105
933 142
933 233
933 459
933 549
933 601
933 685
933 713
933 734
933 830
933 886
933 905
933 906
933 910
933 921
933 942
933 943
933 945
933 966
933 984
934 68
934 276
934 279
934 287
934 436
934 462
934 537
934 550
934 598
934 610
934 633
934 674
934 782
934 819
934 822
934 880
934 903
934 924
934 938
934 973
934 977
934 983
934 993
935 25
935 30
935 86
935 98
935 99
935 157
935 165
935 290
935 291
935 408
935 422
935 459
935 517
935 685
935 806
935 823
935 905
935 906
935 910
935 921
935 945
935 966
935 984
935 993
936 141
936 283
936 300
936 389
936 466
936 551
936 689
936 710
936 736
936 802
936 814
936 825
936 831
936 833
936 860
936 878
936 885
936 927
936 962
936 974
936 985
936 990
936 992
936 996
937 342
937 370
937 385
937 421
937 457
937 503
937 510
937 521
937 536
937 600
937 635
937 729
937 731
937 740
937 747
937 772
937 774
937 829
937 849
937 872
937 917
937 918
937 938
937 952
938 12
938 100
938 197
938 244
938 279
938 358
938 379
938 472
938 479
938 556
938 598
938 618
938 791
938 880
938 903
938 924
938 934
938 937
938 963
938 973
938 977
938 983
938 987
938 993
939 348
939 356
939 378
939 384
939 390
939 437
939 470
939 485
939 559
939 687
939 746
939 753
939 755
939 795
939 811
939 853
939 869
939 876
939 900
939 909
939 953
939 971
939 991
939 998
940 3
940 10
940 133
940 267
940 298
940 378
940 384
940 390
940 400
940 460
940 628
940 655
940 666
940 667
940 811
940 819
940 853
940 869
940 941
940 953
940 956
940 971
940 991
940 998
941 72
941 302
941 439
941 565
941 608
941 630
941 684
941 708
941 748
941 753
941 793
941 805
941 840
941 908
941 920
941 922
941 940
941 944
941 946
941 948
941 954
941 978
941 989
941 997
942 127
942 185
942 413
942 568
942 611
942 719
942 748
942 767
942 804
942 818
942 862
942 908
942 916
942 920
942 924
942 933
942 946
942 948
942 949
942 967
942 978
942 989
942 997
942 999
943 284
943 305
943 309
943 355
943 451
943 486
943 554
943 561
943 710
943 733
943 747
943 802
943 814
943 825
943 831
943 885
943 927
943 928
943 930
943 933
943 974
943 985
943 990
943 992
943 996
944 49
944 127
944 220
944 351
944 456
944 480
944 568
944 627
944 668
944 732
944 735
944 760
944 767
944 841
944 854
944 866
944 908
944 920
944 929
944 941
944 945
944 946
944 949
944 978
944 997
945 24
945 25
945 89
945 96
945 98
945 422
945 446
945 448
945 459
945 549
945 601
945 713
945 806
945 830
945 856
945 886
945 905
945 906
945 910
945 921
945 933
945 935
945 944
945 947
945 966
945 984
946 263
946 302
946 347
946 426
946 456
946 467
946 565
946 706
946 762
946 805
946 862
946 866
946 877
946 901
946 920
946 922
946 941
946 942
946 944
946 949
946 956
946 967
946 981
946 989
946 997
946 999
947 6
947 148
947 177
947 374
947 377
947 431
947 547
947 565
947 609
947 624
947 678
947 699
947 745
947 757
947 763
947 780
947 781
947 785
947 816
947 895
947 932
947 945
947 948
947 964
947 979
947 994
948 117
948 212
948 525
948 568
948 623
948 630
948 704
948 719
948 748
948 750
948 767
948 805
948 857
948 866
948 901
948 908
948 922
948 941
948 942
948 947
948 949
948 978
948 981
948 989
948 997
948 999
949 218
949 351
949 423
949 480
949 551
949 668
949 708
949 750
949 753
949 788
949 793
949 804
949 840
949 841
949 877
949 880
949 908
949 920
949 942
949 944
949 946
949 948
949 950
949 967
949 978
949 989
949 997
950 46
950 223
950 372
950 473
950 475
950 522
950 530
950 591
950 607
950 645
950 663
950 675
950 697
950 723
950 737
950 758
950 766
950 797
950 835
950 857
950 929
950 931
950 949
950 951
950 960
950 980
950 982
951 274
951 304
951 322
951 401
951 424
951 470
951 576
951 577
951 604
951 636
951 779
951 784
951 787
951 810
951 829
951 843
951 871
951 882
951 889
951 892
951 913
951 915
951 950
951 952
951 972
951 988
951 995
952 75
952 194
952 211
952 243
952 245
952 370
952 421
952 457
952 510
952 583
952 597
952 600
952 626
952 635
952 682
952 688
952 711
952 740
952 774
952 800
952 829
952 849
952 872
952 917
952 937
952 951
952 995
953 3
953 65
953 67
953 135
953 228
953 237
953 267
953 280
953 378
953 516
953 637
953 655
953 659
953 677
953 701
953 764
953 795
953 811
953 869
953 900
953 909
953 939
953 940
953 957
953 969
953 991
953 998
954 35
954 76
954 103
954 118
954 140
954 166
954 171
954 178
954 249
954 334
954 357
954 386
954 481
954 488
954 581
954 616
954 647
954 653
954 718
954 752
954 762
954 884
954 891
954 893
954 904
954 929
954 941
954 965
955 45
955 88
955 193
955 318
955 346
955 357
955 359
955 375
955 469
955 558
955 584
955 619
955 634
955 648
955 671
955 709
955 742
955 749
955 756
955 865
955 879
955 888
955 890
955 891
955 893
955 904
955 959
955 965
956 33
956 182
956 190
956 268
956 298
956 341
956 356
956 452
956 460
956 655
956 659
956 677
956 687
956 741
956 743
956 746
956 795
956 853
956 855
956 869
956 876
956 900
956 940
956 946
956 957
956 969
956 991
956 998
957 10
957 20
957 49
957 60
957 215
957 228
957 237
957 261
957 298
957 352
957 449
957 452
957 485
957 559
957 666
957 743
957 755
957 795
957 819
957 855
957 900
957 909
957 913
957 953
957 956
957 969
957 971
957 998
958 139
958 198
958 230
958 247
958 254
958 297
958 327
958 363
958 515
958 539
958 545
958 546
958 634
958 646
958 651
958 665
958 695
958 769
958 773
958 782
958 796
958 808
958 875
958 899
958 915
958 975
958 976
958 986
959 15
959 32
959 35
959 45
959 87
959 118
959 140
959 255
959 318
959 321
959 325
959 363
959 455
959 469
959 481
959 488
959 570
959 603
959 619
959 643
959 653
959 752
959 777
959 850
959 884
959 890
959 955
959 965
960 16
960 231
960 288
960 330
960 332
960 372
960 444
960 449
960 473
960 484
960 504
960 522
960 530
960 645
960 663
960 675
960 702
960 723
960 737
960 758
960 797
960 835
960 860
960 929
960 931
960 950
960 962
960 980
960 982
961 4
961 5
961 139
961 184
961 187
961 218
961 235
961 239
961 247
961 258
961 301
961 361
961 380
961 405
961 411
961 425
961 434
961 512
961 546
961 559
961 769
961 773
961 778
961 807
961 870
961 875
961 923
961 963
961 976
962 27
962 122
962 305
962 310
962 360
962 451
962 466
962 477
962 639
962 660
962 696
962 801
962 813
962 814
962 821
962 825
962 831
962 861
962 878
962 885
962 927
962 928
962 930
962 936
962 960
962 966
962 974
962 985
962 992
963 12
963 68
963 73
963 183
963 236
963 256
963 259
963 279
963 312
963 383
963 393
963 482
963 587
963 606
963 629
963 791
963 822
963 839
963 867
963 880
963 903
963 917
963 924
963 938
963 961
963 968
963 973
963 977
963 983
963 993
964 6
964 17
964 23
964 50
964 108
964 158
964 303
964 307
964 458
964 471
964 578
964 588
964 595
964 609
964 620
964 631
964 661
964 662
964 669
964 705
964 771
964 828
964 836
964 873
964 895
964 932
964 947
964 965
964 975
964 994
965 7
965 115
965 146
965 156
965 171
965 202
965 252
965 308
965 314
965 321
965 488
965 619
965 621
965 647
965 648
965 653
965 712
965 749
965 752
965 761
965 762
965 881
965 888
965 891
965 904
965 954
965 955
965 959
965 964
965 967
966 59
966 69
966 126
966 290
966 291
966 296
966 323
966 340
966 373
966 408
966 422
966 446
966 448
966 517
966 549
966 601
966 685
966 713
966 806
966 830
966 852
966 865
966 886
966 905
966 933
966 935
966 945
966 962
966 977
966 984
967 51
967 72
967 413
967 467
967 611
967 627
967 630
967 706
967 719
967 748
967 753
967 759
967 788
967 790
967 818
967 841
967 854
967 862
967 866
967 894
967 908
967 916
967 922
967 942
967 946
967 949
967 965
967 981
967 989
967 997
968 183
968 287
968 324
968 369
968 376
968 415
968 432
968 463
968 482
968 537
968 566
968 579
968 606
968 610
968 618
968 642
968 653
968 724
968 782
968 791
968 827
968 837
968 839
968 880
968 903
968 963
968 972
968 973
968 977
968 983
968 993
969 60
969 135
969 144
969 153
969 162
969 182
969 240
969 268
969 301
969 341
969 348
969 384
969 404
969 438
969 589
969 637
969 741
969 743
969 746
969 792
969 795
969 819
969 853
969 869
969 876
969 900
969 953
969 956
969 957
969 979
969 998
970 14
970 19
970 57
970 110
970 216
970 219
970 395
970 401
970 453
970 463
970 478
970 502
970 507
970 534
970 571
970 580
970 582
970 667
970 768
970 779
970 780
970 784
970 794
970 799
970 803
970 871
970 889
970 912
970 972
970 988
970 995
971 34
971 36
971 84
971 94
971 132
971 151
971 190
971 341
971 352
971 354
971 366
971 400
971 460
971 589
971 666
971 677
971 687
971 811
971 819
971 853
971 869
971 900
971 909
971 939
971 940
971 957
971 975
971 986
971 991
971 993
971 998
971 999
972 15
972 21
972 225
972 260
972 395
972 435
972 470
972 478
972 507
972 562
972 580
972 582
972 604
972 698
972 733
972 738
972 784
972 794
972 799
972 803
972 843
972 844
972 856
972 858
972 871
972 882
972 889
972 913
972 925
972 951
972 968
972 970
973 39
973 58
973 73
973 74
973 92
973 100
973 220
973 276
973 468
973 487
973 531
973 548
973 556
973 592
973 606
973 612
973 618
973 629
973 633
973 642
973 724
973 791
973 826
973 880
973 934
973 938
973 963
973 968
973 977
973 983
973 987
973 988
973 993
974 143
974 410
974 477
974 486
974 527
974 528
974 554
974 596
974 639
974 676
974 696
974 722
974 733
974 813
974 814
974 821
974 825
974 831
974 833
974 850
974 860
974 861
974 878
974 927
974 928
974 930
974 936
974 943
974 962
974 983
974 985
974 990
974 995
974 996
975 4
975 33
975 71
975 107
975 207
975 264
975 273
975 297
975 331
975 361
975 380
975 405
975 406
975 412
975 419
975 491
975 512
975 590
975 594
975 634
975 665
975 739
975 754
975 807
975 815
975 838
975 870
975 875
975 923
975 958
975 964
975 971
975 976
975 986
975 997
976 5
976 26
976 55
976 77
976 107
976 124
976 160
976 203
976 254
976 320
976 331
976 368
976 398
976 411
976 432
976 512
976 515
976 545
976 581
976 590
976 651
976 695
976 727
976 739
976 754
976 769
976 773
976 786
976 807
976 815
976 899
976 958
976 961
976 975
976 981
977 38
977 58
977 73
977 74
977 183
977 339
977 369
977 376
977 379
977 383
977 415
977 468
977 487
977 537
977 552
977 566
977 587
977 592
977 598
977 642
977 664
977 837
977 880
977 903
977 924
977 934
977 938
977 963
977 966
977 968
977 973
977 981
977 983
977 987
977 993
978 121
978 335
978 456
978 461
978 467
978 525
978 565
978 568
978 587
978 608
978 704
978 708
978 719
978 735
978 750
978 760
978 788
978 793
978 804
978 818
978 841
978 866
978 877
978 908
978 914
978 922
978 941
978 942
978 944
978 948
978 949
978 981
978 989
978 995
978 997
978 999
979 50
979 66
979 150
979 155
979 158
979 176
979 213
979 257
979 431
979 438
979 588
979 614
979 624
979 631
979 638
979 644
979 654
979 658
979 661
979 690
979 745
979 757
979 763
979 781
979 785
979 816
979 828
979 836
979 848
979 873
979 894
979 895
979 947
979 969
979 980
979 994
979 998
980 46
980 85
980 163
980 223
980 231
980 232
980 288
980 313
980 326
980 330
980 332
980 372
980 418
980 444
980 473
980 475
980 504
980 522
980 591
980 607
980 645
980 663
980 675
980 697
980 702
980 723
980 737
980 758
980 797
980 835
980 857
980 929
980 931
980 950
980 960
980 979
980 981
980 982
981 52
981 195
981 199
981 302
981 307
981 366
981 394
981 423
981 426
981 440
981 479
981 525
981 602
981 608
981 684
981 704
981 706
981 735
981 748
981 753
981 790
981 793
981 840
981 854
981 862
981 877
981 901
981 908
981 916
981 922
981 946
981 948
981 967
981 976
981 977
981 978
981 980
981 989
982 16
982 46
982 163
982 231
982 288
982 313
982 326
982 330
982 332
982 372
982 418
982 444
982 449
982 473
982 475
982 504
982 522
982 530
982 566
982 579
982 607
982 645
982 663
982 675
982 697
982 702
982 723
982 737
982 749
982 758
982 788
982 797
982 835
982 857
982 929
982 931
982 950
982 960
982 980
983 68
983 78
983 101
983 137
983 244
983 286
983 383
983 393
983 436
983 441
983 454
983 472
983 487
983 537
983 548
983 579
983 592
983 598
983 618
983 633
983 674
983 724
983 782
983 787
983 791
983 822
983 839
983 854
983 924
983 934
983 938
983 963
983 968
983 973
983 974
983 977
983 984
983 987
983 993
984 25
984 30
984 69
984 86
984 96
984 105
984 126
984 141
984 142
984 157
984 165
984 169
984 192
984 290
984 291
984 296
984 323
984 340
984 408
984 446
984 448
984 465
984 517
984 549
984 601
984 652
984 685
984 713
984 830
984 852
984 905
984 906
984 910
984 921
984 933
984 935
984 945
984 966
984 983
984 989
985 27
985 90
985 122
985 141
985 147
985 191
985 283
985 336
985 486
985 528
985 554
985 585
985 596
985 639
985 644
985 660
985 681
985 710
985 722
985 733
985 736
985 813
985 821
985 831
985 833
985 859
985 860
985 861
985 872
985 885
985 927
985 928
985 930
985 936
985 943
985 962
985 974
985 990
985 992
985 996
986 0
986 5
986 88
986 111
986 124
986 139
986 198
986 218
986 254
986 281
986 297
986 403
986 412
986 425
986 428
986 474
986 508
986 515
986 546
986 578
986 581
986 594
986 646
986 651
986 695
986 701
986 754
986 769
986 773
986 796
986 807
986 808
986 815
986 874
986 875
986 892
986 899
986 958
986 971
986 975
987 38
987 51
987 54
987 188
987 232
987 287
987 312
987 324
987 345
987 358
987 379
987 436
987 454
987 463
987 468
987 472
987 531
987 537
987 552
987 579
987 592
987 598
987 606
987 642
987 674
987 703
987 724
987 782
987 791
987 822
987 839
987 880
987 903
987 924
987 938
987 973
987 977
987 983
987 989
987 992
987 993
988 19
988 64
988 172
988 266
988 295
988 322
988 338
988 367
988 391
988 395
988 409
988 435
988 470
988 502
988 506
988 532
988 534
988 562
988 577
988 636
988 698
988 744
988 779
988 787
988 794
988 799
988 801
988 844
988 845
988 853
988 856
988 858
988 882
988 889
988 892
988 912
988 923
988 951
988 970
988 973
988 994
988 995
989 44
989 72
989 93
989 121
989 130
989 195
989 212
989 253
989 394
989 456
989 461
989 480
989 551
989 606
989 649
989 668
989 706
989 719
989 732
989 748
989 759
989 790
989 804
989 841
989 854
989 866
989 877
989 901
989 916
989 920
989 922
989 941
989 942
989 946
989 948
989 949
989 967
989 978
989 981
989 984
989 987
989 997
989 999
990 91
990 147
990 217
990 299
990 305
990 336
990 360
990 451
990 466
990 477
990 527
990 528
990 585
990 639
990 660
990 676
990 681
990 689
990 696
990 710
990 716
990 722
990 736
990 761
990 802
990 813
990 814
990 821
990 825
990 831
990 860
990 861
990 885
990 896
990 927
990 928
990 930
990 936
990 943
990 974
990 985
990 991
990 992
991 2
991 20
991 65
991 84
991 124
991 132
991 153
991 167
991 190
991 215
991 240
991 261
991 268
991 287
991 306
991 354
991 400
991 404
991 437
991 452
991 485
991 516
991 559
991 594
991 622
991 637
991 655
991 659
991 677
991 741
991 743
991 755
991 795
991 853
991 855
991 869
991 909
991 939
991 940
991 953
991 956
991 971
991 990
992 91
992 122
992 191
992 284
992 299
992 300
992 310
992 355
992 360
992 397
992 410
992 528
992 547
992 585
992 596
992 639
992 660
992 676
992 681
992 689
992 696
992 722
992 736
992 752
992 802
992 821
992 825
992 831
992 833
992 860
992 878
992 880
992 885
992 927
992 928
992 930
992 936
992 943
992 962
992 985
992 987
992 990
992 996
993 12
993 40
993 54
993 58
993 92
993 137
993 197
993 232
993 312
993 324
993 376
993 383
993 393
993 432
993 462
993 482
993 531
993 548
993 566
993 587
993 591
993 592
993 598
993 618
993 629
993 633
993 674
993 724
993 782
993 822
993 837
993 839
993 880
993 934
993 935
993 938
993 963
993 968
993 971
993 973
993 977
993 983
993 987
993 994
994 17
994 23
994 53
994 79
994 102
994 123
994 148
994 150
994 155
994 208
994 210
994 221
994 269
994 272
994 365
994 377
994 520
994 526
994 578
994 595
994 609
994 617
994 623
994 631
994 654
994 658
994 662
994 669
994 678
994 683
994 699
994 757
994 763
994 781
994 816
994 836
994 863
994 873
994 877
994 894
994 947
994 964
994 979
994 988
994 993
994 996
995 21
995 57
995 63
995 110
995 149
995 152
995 164
995 172
995 274
995 294
995 295
995 338
995 364
995 391
995 478
995 502
995 507
995 532
995 562
995 571
995 576
995 612
995 636
995 698
995 725
995 732
995 738
995 768
995 779
995 787
995 799
995 801
995 803
995 810
995 843
995 844
995 845
995 856
995 892
995 915
995 925
995 951
995 952
995 970
995 974
995 978
995 988
996 27
996 143
996 191
996 217
996 284
996 299
996 300
996 309
996 310
996 355
996 360
996 410
996 477
996 484
996 486
996 527
996 528
996 554
996 585
996 596
996 613
996 654
996 681
996 685
996 689
996 696
996 710
996 722
996 733
996 802
996 813
996 814
996 821
996 825
996 831
996 833
996 861
996 878
996 883
996 885
996 927
996 928
996 936
996 943
996 974
996 985
996 992
996 994
997 44
997 81
997 117
997 119
997 127
997 130
997 302
997 347
997 351
997 394
997 413
997 423
997 461
997 480
997 565
997 568
997 588
997 602
997 627
997 704
997 750
997 753
997 759
997 760
997 767
997 788
997 790
997 793
997 804
997 805
997 818
997 841
997 854
997 877
997 888
997 900
997 901
997 920
997 941
997 942
997 944
997 946
997 948
997 949
997 967
997 975
997 978
997 989
998 20
998 36
998 67
998 94
998 132
998 151
998 167
998 182
998 215
998 227
998 237
998 306
998 328
998 348
998 352
998 354
998 366
998 437
998 485
998 516
998 553
998 555
998 559
998 589
998 614
998 622
998 628
998 659
998 666
998 677
998 726
998 741
998 743
998 746
998 755
998 811
998 819
998 855
998 876
998 900
998 909
998 939
998 940
998 953
998 956
998 957
998 969
998 971
998 979
999 52
999 106
999 121
999 253
999 261
999 263
999 335
999 345
999 351
999 426
999 440
999 456
999 479
999 525
999 535
999 551
999 602
999 611
999 627
999 668
999 704
999 706
999 708
999 718
999 719
999 732
999 753
999 757
999 760
999 767
999 790
999 793
999 805
999 818
999 840
999 854
999 862
999 866
999 877
999 901
999 908
999 916
999 920
999 922
999 942
999 946
999 948
999 971
999 978
999 989
