
0 829 936
1 879 891 921
2 548 656
3 939 996
4 799 821
5 899 954
6 649 855
7 805 902
8 960 994
9 776 979
10 675 965
11 805 824
12 801 858
13 181 819
14 967 970
15 250 769
16 836 915
17 944 995
18 881 941
19 793 902
20 766 838
21 888 997
22 922 978
23 292 913
24 534 776
25 880 889
26 490 968
27 717 959
28 652 979
29 571 716
30 812 865
31 747 795
32 464 719
33 971 974 995
34 819 998
35 958 967
36 733 948
37 474 932
38 825 944
39 525 628
40 430 916
41 931 977
42 886 896
43 651 910
44 306 995
45 265 743
46 466 868
47 935 964
48 582 848
49 934 965
50 473 815
51 787 950
52 833 926
53 954 988
54 419 740
55 853 958 977
56 821 852 972
57 761 971 972
58 937 943 963
59 845 861 975
60 943 957 972
61 298 935 982
62 406 859 986
63 872 900 972
64 857 970 991
65 843 848 905
66 450 860 971
67 90 627 995
68 639 960 990
69 834 881 917
70 672 910 968
71 712 736 851
72 583 791 981
73 200 909 970
74 623 742 959
75 500 913 939
76 352 909 998
77 468 923 940
78 213 554 925
79 573 938 972
80 570 741 930
81 504 748 973
82 902 968 976
83 821 941 964
84 743 990 993
85 886 896 992
86 468 970 979
87 938 952 967
88 879 894 921
89 615 868 956
90 67 301 769
91 839 893 929
92 524 954 965
93 418 819 860
94 902 961 979
95 909 936 965
96 360 695 947
97 199 815 881
98 688 953 955
99 461 912 943
100 460 771 796 987
101 566 764 915 992
102 702 841 945 950
103 892 893 948 986
104 916 940 944 961
105 704 901 972 986
106 742 754 840 921
107 421 429 767 916
108 837 859 953 976
109 815 821 832 971
110 766 797 842 921
111 638 693 873 941
112 625 649 801 886
113 581 688 746 946
114 773 788 807 998
115 770 864 946 947
116 555 599 934 975
117 614 649 668 966
118 838 891 940 971
119 618 814 945 958
120 662 860 865 910
121 825 864 945 971
122 204 823 845 947
123 334 832 914 996
124 410 945 946 959
125 841 919 929 931
126 303 436 864 866
127 180 382 496 646
128 346 619 735 863
129 175 645 942 993
130 693 726 835 967
131 709 797 832 952
132 548 771 941 965
133 343 392 955 963
134 255 898 919 947
135 409 470 853 976
136 471 772 962 998
137 819 821 902 948
138 821 839 979 992
139 631 817 961 986
140 769 831 970 981
141 378 613 796 854 922
142 232 549 892 939 967
143 163 862 919 958 978
144 479 593 753 930 997
145 645 841 850 904 991
146 315 557 658 918 985
147 656 762 875 914 979
148 646 756 893 899 909
149 509 613 791 814 891
150 689 718 779 923 978
151 532 628 854 939 982
152 248 564 648 741 753
153 462 556 874 892 936
154 459 800 852 943 968
155 604 801 869 901 988
156 236 741 809 857 985
157 302 495 600 608 931
158 750 874 877 893 977
159 389 416 598 816 987
160 657 736 780 869 947
161 476 551 663 783 860
162 664 712 858 906 921
163 143 230 893 972 995
164 435 530 609 846 903
165 880 895 947 970 990
166 850 937 967 986 994
167 533 707 782 901 990
168 432 610 790 870 916
169 790 862 888 907 952
170 272 510 591 651 947
171 638 844 845 874 945
172 514 660 713 910 973
173 797 832 895 924 995
174 604 736 789 933 999
175 129 658 888 893 971
176 417 645 728 838 923
177 735 815 846 849 893
178 630 641 885 899 965
179 474 707 844 885 911
180 127 885 955 974 999
181 13 282 548 587 646 780
182 613 923 931 978 990 995
183 519 568 922 923 980 988
184 230 864 876 890 891 982
185 786 813 900 911 924 940
186 417 499 580 767 921 985
187 485 505 709 735 921 978
188 684 870 945 953 955 977
189 499 519 646 733 875 942
190 323 593 725 891 961 975
191 524 680 741 759 825 938
192 243 361 691 892 952 984
193 419 688 696 802 860 947
194 841 853 918 920 928 989
195 501 908 971 985 987 997
196 221 697 917 922 961 996
197 458 598 840 844 938 976
198 627 764 882 889 957 994
199 97 493 889 916 948 950
200 73 852 862 906 920 926
201 300 504 679 847 963 999
202 361 503 705 715 857 993
203 572 588 672 727 775 865
204 122 814 850 925 984 989
205 705 749 755 772 858 991
206 271 627 736 897 927 992
207 379 816 909 915 950 963
208 275 394 915 965 984 985
209 772 784 835 843 886 958
210 585 749 754 868 934 984
211 423 788 839 867 909 973
212 481 548 708 713 906 947
213 78 341 347 770 835 933
214 445 506 541 660 738 952
215 676 711 870 935 956 962
216 750 840 882 884 953 973
217 443 795 811 929 937 978
218 449 880 900 922 941 942
219 253 571 635 941 955 962 988
220 688 720 822 836 957 979 981
221 196 473 577 769 871 936 974
222 476 555 658 709 847 960 993
223 609 648 769 891 914 920 948
224 384 665 782 854 870 930 943
225 622 767 895 932 939 991 993
226 236 478 717 733 793 846 923
227 349 354 481 644 803 908 940
228 316 413 459 677 811 862 905
229 669 711 727 816 824 914 998
230 163 184 776 916 919 922 956
231 460 590 661 762 913 915 978
232 142 671 681 750 774 860 990
233 835 877 892 893 906 956 971
234 315 622 641 733 756 839 943
235 288 442 646 939 980 983 984
236 156 226 311 429 856 952 962
237 283 287 339 823 882 922 965
238 380 460 762 831 881 940 992
239 528 750 807 812 890 927 986
240 486 513 598 637 641 668 679
241 506 694 779 820 892 928 981
242 627 737 740 813 848 925 958
243 192 688 795 834 957 970 996
244 360 551 771 812 886 922 973
245 711 778 783 816 885 928 980
246 648 651 715 760 812 988 999
247 698 786 859 864 922 925 977
248 152 535 568 659 707 723 870 985
249 368 394 695 702 899 962 990 992
250 15 646 759 794 797 835 898 960
251 558 738 774 797 828 870 895 916
252 613 669 751 892 918 943 966 973
253 219 463 572 615 821 907 951 968
254 636 700 724 775 776 848 926 932
255 134 325 592 661 892 915 942 951
256 371 609 638 685 914 938 953 964
257 271 376 815 873 894 896 897 994
258 345 615 738 870 872 936 949 973
259 324 406 674 848 941 953 964 971
260 590 655 779 808 813 942 961 982
261 394 695 730 907 946 954 968 993
262 387 541 593 884 904 961 982 996
263 410 636 670 735 880 890 928 931
264 338 389 488 790 929 959 966 998
265 45 395 653 719 739 745 932 966
266 355 590 598 681 843 853 923 958
267 564 754 795 797 853 886 929 953
268 538 716 771 893 897 916 997 999
269 512 515 668 733 818 820 943 958
270 450 623 660 754 797 828 933 981
271 206 257 342 604 667 668 846 905
272 170 684 797 873 888 929 942 986
273 305 348 935 939 941 957 978 986
274 426 484 593 627 786 849 890 932 989
275 208 439 624 750 762 770 878 955 975
276 589 648 687 835 852 855 932 935 941
277 279 300 318 559 781 866 897 918 920
278 297 344 420 473 759 804 927 961 982
279 277 415 750 773 778 793 961 983 987
280 708 746 784 816 921 925 948 953 977
281 721 723 767 804 813 869 908 915 952
282 181 404 510 561 714 762 780 803 928
283 237 478 541 686 759 812 845 910 914
284 535 662 687 839 861 894 899 927 988
285 678 684 708 753 841 896 901 918 993
286 459 689 765 783 845 910 934 944 964
287 237 448 533 628 725 919 937 941 968
288 235 352 363 663 672 708 812 840 985
289 596 687 690 835 892 896 921 960 972
290 720 739 774 777 870 871 899 908 956
291 487 574 636 827 847 893 898 941 950
292 23 444 446 710 714 718 786 829 851
293 297 502 567 635 664 689 714 740 952
294 539 567 591 616 823 894 936 964 970
295 570 652 745 914 928 941 964 973 974
296 704 754 787 862 868 942 946 954 971
297 278 293 473 485 539 686 765 802 824
298 61 487 527 701 736 835 889 908 916 924
299 518 524 792 821 828 850 861 868 926 994
300 201 277 512 698 732 734 774 861 957 982
301 90 491 752 760 764 793 815 900 910 972
302 157 519 582 632 886 895 927 935 937 964
303 126 322 370 548 796 808 928 936 941 964
304 655 692 758 832 909 911 946 948 954 998
305 273 445 564 622 809 856 930 936 993 998
306 44 378 603 619 641 774 813 868 932 956
307 524 602 704 782 824 863 876 920 925 931
308 379 560 610 695 742 828 871 903 938 944
309 513 550 843 853 891 925 955 960 976 983
310 471 603 689 724 739 746 754 907 965 994
311 236 454 688 788 806 871 888 891 906 937
312 710 774 821 856 880 906 941 948 991 998
313 714 746 830 861 871 908 912 956 968 994
314 585 678 693 780 786 855 883 895 915 937
315 146 234 496 640 702 902 903 954 983 984
316 228 335 361 443 554 587 599 645 904 944
317 412 779 806 836 866 869 876 878 929 935
318 277 796 815 830 866 874 893 905 910 971
319 552 577 700 769 838 874 904 911 968 996
320 499 503 709 816 865 903 964 970 988 992
321 393 610 723 859 918 924 944 961 980 990
322 303 524 535 668 756 892 926 948 977 990 994
323 190 416 459 481 608 729 814 825 855 933 971
324 259 426 508 582 598 693 702 805 886 917 975
325 255 588 612 618 649 694 765 779 893 905 956
326 414 663 691 715 838 875 876 929 981 984 989
327 399 504 628 703 707 752 822 842 861 924 930
328 550 631 738 761 829 837 852 875 878 900 909
329 338 374 472 651 683 760 837 853 854 878 975
330 423 438 497 782 827 856 862 877 885 904 934
331 366 413 612 616 673 728 839 874 961 962 976
332 382 435 776 859 879 890 911 942 943 954 963
333 758 785 790 820 947 948 950 964 974 986 997
334 123 351 365 449 476 602 780 934 953 977 990
335 316 359 726 789 830 841 845 893 965 969 971
336 434 607 719 734 741 850 902 966 971 985 989
337 536 629 638 669 722 739 918 921 938 965 980
338 264 329 451 667 706 733 771 881 957 976 982
339 237 628 743 785 831 873 899 913 941 964 986
340 635 778 844 859 862 886 898 925 957 962 991
341 213 766 866 867 886 914 941 945 964 967 986
342 271 373 450 584 757 838 928 938 958 976 987
343 133 577 601 605 608 625 697 764 781 936 941
344 278 406 580 686 719 738 786 813 818 970 994
345 258 357 586 767 833 886 893 929 941 943 977
346 128 435 753 770 798 809 858 921 969 979 985
347 213 649 811 824 854 855 879 890 892 929 943
348 273 378 423 552 555 586 863 906 911 938 977
349 227 534 665 722 787 859 898 907 935 973 994
350 575 730 733 788 791 870 880 895 929 967 992
351 334 457 609 704 765 832 873 894 929 953 977
352 76 288 568 638 662 745 911 938 958 969 976
353 370 479 512 567 609 678 731 773 844 915 936
354 227 468 596 659 698 713 884 901 944 945 975
355 266 465 556 685 699 754 763 869 944 971 999
356 371 507 514 553 569 737 756 843 882 937 979
357 345 428 641 655 695 815 823 857 911 923 987
358 532 562 693 788 823 866 923 933 935 959 972
359 335 456 585 656 673 692 789 840 919 930 988
360 96 244 493 547 553 586 670 780 786 952 987 988
361 192 202 316 463 588 589 676 703 711 841 926 998
362 372 420 634 709 779 887 897 915 927 980 982 983
363 288 453 642 681 871 886 888 901 904 986 988 990
364 372 408 712 730 738 741 822 877 880 929 935 994
365 334 549 608 706 771 903 909 911 926 972 976 988
366 331 667 701 769 782 790 840 898 915 942 953 954
367 588 604 651 675 707 754 811 849 879 890 943 987
368 249 407 465 574 597 683 712 748 834 963 983 996
369 454 539 596 605 675 685 739 797 911 919 944 953
370 303 353 723 724 752 753 757 799 860 886 957 993
371 256 356 542 625 641 683 741 832 875 891 982 988
372 362 364 390 685 691 756 770 805 830 831 856 918
373 342 561 663 723 759 817 836 865 922 935 955 975
374 329 406 521 600 632 726 794 858 859 887 947 970
375 461 499 789 807 835 908 926 939 951 967 992 999
376 257 408 492 515 615 639 657 664 673 803 814 984
377 586 607 620 621 701 729 827 829 851 901 977 987
378 141 306 348 525 649 664 765 794 876 887 896 975
379 207 308 417 431 519 533 690 700 723 856 863 905
380 238 435 659 698 702 780 792 800 870 872 915 931
381 488 649 662 709 783 851 880 884 931 975 981 992
382 127 332 402 587 614 830 867 878 885 908 982 999
383 600 664 672 717 734 778 801 837 873 908 942 985
384 224 452 674 697 712 742 749 785 827 869 940 949 996
385 538 570 575 638 713 755 770 833 839 847 898 931 932
386 490 591 610 629 706 804 813 842 857 885 924 926 976
387 262 409 464 472 607 655 676 747 814 875 910 985 998
388 508 549 599 705 708 753 758 877 886 888 912 917 920
389 159 264 635 670 679 725 726 758 767 768 892 904 974
390 372 497 550 648 678 828 843 844 867 868 887 904 982
391 428 438 653 767 800 846 875 895 920 953 961 977 990
392 133 680 692 704 755 798 836 873 882 889 902 945 998
393 321 565 576 612 676 685 702 725 808 851 870 932 999
394 208 249 261 473 628 659 678 764 770 832 945 965 966
395 265 560 596 751 756 762 861 869 954 958 976 991 992
396 412 415 463 479 790 881 882 891 898 917 960 969 996
397 402 441 730 794 796 862 874 894 899 929 936 981 994
398 407 414 464 537 614 650 720 788 820 861 891 942 979
399 327 546 572 593 600 767 789 804 814 837 925 946 953
400 489 501 512 635 657 761 826 893 902 905 944 968 989
401 608 617 697 731 761 823 861 886 909 923 936 961 987
402 382 397 588 614 708 726 819 851 858 881 885 968 992
403 420 422 432 464 491 510 746 779 822 937 967 983 989
404 282 509 614 634 695 729 756 808 823 850 924 951 989
405 439 485 544 696 701 738 752 883 900 913 950 954 975
406 62 259 344 374 409 533 612 647 665 814 850 852 939
407 368 398 414 496 591 619 629 652 698 780 805 872 957 988
408 364 376 422 426 635 643 682 693 727 753 808 819 848 960
409 135 387 406 698 788 821 836 845 858 895 931 945 979 988
410 124 263 509 569 574 602 604 711 850 891 939 994 995 997
411 500 507 524 548 554 569 687 759 760 807 816 866 923 977
412 317 396 576 613 799 875 889 893 931 950 956 976 979 980
413 228 331 534 594 620 658 797 798 841 902 934 946 960 987
414 326 398 407 422 592 702 748 765 803 903 936 937 964 994
415 279 396 612 615 643 666 711 732 861 870 874 899 937 966
416 159 323 648 655 693 727 739 745 773 796 870 879 960 985
417 176 186 379 580 608 628 632 670 684 823 832 857 951 998
418 93 448 521 677 691 744 794 871 893 897 905 909 948 958
419 54 193 473 653 682 711 735 832 882 896 956 961 965 988
420 278 362 403 562 665 667 696 698 845 872 876 937 949 992
421 107 554 648 670 725 731 808 815 857 859 892 917 926 932
422 403 408 414 579 700 750 787 817 829 879 890 943 963 981
423 211 330 348 471 483 647 778 781 793 860 893 981 983 990
424 615 667 674 705 848 906 914 922 924 953 954 965 983 997
425 577 601 659 668 744 771 787 807 836 855 901 907 936 990
426 274 324 408 433 489 605 618 697 819 838 882 916 931 969
427 493 538 568 609 629 657 662 681 790 818 900 928 968 976
428 357 391 445 508 555 599 649 682 814 827 916 957 966 978
429 107 236 454 539 595 604 827 853 865 866 871 900 936 967 977
430 40 435 500 662 683 739 742 789 802 824 830 893 923 949 971
431 379 458 559 621 700 793 834 848 851 872 917 938 953 973 974
432 168 403 540 551 717 734 825 831 912 929 955 968 979 980 994
433 426 444 455 601 616 713 716 816 825 855 905 925 936 978 997
434 336 522 523 743 802 817 840 850 879 882 890 943 944 954 970
435 164 332 346 380 430 672 688 691 756 759 770 845 848 891 944
436 126 563 622 636 799 827 883 889 896 916 947 950 952 953 968
437 447 514 593 633 670 683 723 730 742 764 826 905 922 977 997
438 330 391 461 488 502 680 703 813 822 915 924 932 978 985 995
439 275 405 470 527 585 647 682 730 743 765 864 877 884 906 983
440 441 536 540 546 585 594 656 755 859 864 865 903 934 988 994
441 397 440 456 487 556 583 728 771 792 809 892 898 905 907 934
442 235 496 523 554 604 637 649 685 729 748 756 782 835 941 957
443 217 316 480 624 658 699 742 813 852 859 932 937 941 952 964
444 292 433 464 582 652 682 761 831 848 854 864 899 904 916 931
445 214 305 428 527 624 760 779 841 869 900 922 925 942 970 997
446 292 506 536 565 623 631 721 774 785 810 881 905 908 961 977
447 437 521 542 583 592 660 698 745 767 853 861 915 929 971 978
448 287 418 676 691 714 722 724 744 809 838 878 886 924 959 981
449 218 334 632 638 643 770 787 839 849 851 857 873 887 908 921 949
450 66 270 342 529 574 678 701 710 764 783 848 877 900 950 967 987
451 338 481 531 542 560 668 704 762 771 810 843 866 896 930 965 969
452 384 565 647 665 674 688 708 767 788 798 810 867 933 959 977 988
453 363 467 527 581 649 650 652 713 782 799 808 810 914 937 945 948
454 311 369 429 588 616 748 800 801 860 868 884 891 928 932 973 989
455 433 466 552 621 703 717 748 805 895 925 926 937 939 950 995 998
456 359 441 467 532 549 587 621 722 833 834 878 904 921 984 990 994
457 351 648 667 699 720 751 772 794 849 856 858 864 887 915 941 956
458 197 431 506 550 642 772 809 818 839 841 853 870 890 918 931 977
459 154 228 286 323 625 630 652 681 702 780 834 872 889 897 936 974
460 100 231 238 465 704 721 725 751 763 806 840 849 897 910 951 999
461 99 375 438 499 579 624 637 643 648 650 668 722 739 897 949 963
462 153 557 631 666 735 753 767 785 794 820 847 861 883 901 953 966
463 253 361 396 558 626 630 676 686 763 826 862 909 912 921 943 949
464 32 387 398 403 444 603 680 728 759 822 856 881 955 975 979 980
465 355 368 460 510 530 571 638 675 767 911 912 920 944 949 972 994
466 46 455 470 598 614 673 711 723 736 737 739 750 759 773 799 829
467 453 456 469 474 514 629 705 749 797 848 919 921 950 962 982 988
468 77 86 354 526 582 602 603 643 663 682 720 732 771 943 967 997
469 467 574 711 777 780 844 845 914 937 941 942 948 950 956 962 964
470 135 439 466 509 585 596 760 834 847 868 895 918 960 965 974 994
471 136 310 423 581 609 690 723 724 736 750 763 826 962 969 978 997
472 329 387 643 663 670 675 686 738 769 835 861 870 890 925 968 973 991
473 50 221 278 297 394 419 557 566 672 718 726 747 751 844 887 933 936
474 37 179 467 485 505 577 656 702 751 783 803 842 876 887 926 936 991
475 578 617 733 759 813 817 853 865 879 887 890 899 919 920 943 952 978
476 161 222 334 501 510 521 606 688 696 725 810 823 834 864 914 953 968
477 627 682 715 734 785 809 858 859 902 910 914 921 940 966 974 983 999
478 226 283 546 563 571 613 616 619 722 751 753 815 863 882 896 958 969
479 144 353 396 481 515 611 683 711 716 752 755 800 843 873 877 916 991
480 443 523 559 607 632 694 727 748 769 786 790 847 863 910 940 942 948
481 212 227 323 451 479 513 547 567 644 645 740 771 788 824 903 947 963
482 531 561 574 595 652 654 707 783 809 845 876 902 910 921 938 964 966
483 423 499 623 645 705 762 805 829 839 878 903 916 928 931 953 969 973
484 274 646 678 699 717 805 812 816 854 857 872 878 884 928 931 938 984
485 187 297 405 474 534 661 672 732 787 827 829 843 895 921 967 973 987
486 240 584 585 612 671 703 708 762 804 825 871 894 902 932 952 985 992
487 291 298 441 591 603 631 666 706 747 783 826 833 901 949 983 995 997
488 264 381 438 498 580 626 710 746 799 847 867 898 944 963 984 986 994
489 400 426 529 550 681 699 713 753 762 779 832 862 920 922 924 965 984
490 26 386 499 661 668 744 756 780 796 801 802 841 861 928 931 935 955
491 301 403 543 562 569 602 692 737 813 896 926 946 952 966 968 982 991
492 376 577 682 717 725 776 784 814 847 881 889 898 900 912 966 969 993
493 199 360 427 511 602 605 692 737 763 773 779 825 871 920 940 963 997
494 518 671 672 705 710 734 739 740 809 827 850 872 886 918 978 984 994
495 157 543 569 631 656 658 685 718 793 825 840 866 871 882 919 920 929
496 127 315 407 442 611 625 672 694 717 737 784 794 912 927 963 971 978
497 330 390 528 540 603 642 660 737 829 835 846 850 872 876 881 934 961
498 488 544 559 625 690 704 727 757 769 774 775 778 807 838 844 896 964
499 186 189 320 375 461 483 490 548 585 660 680 728 749 761 846 966 978 992
500 75 411 430 532 701 724 742 748 756 766 808 830 846 874 914 937 964 986
501 195 400 476 613 653 675 697 719 745 760 773 795 796 852 907 908 937 956
502 293 438 552 612 625 630 663 796 809 847 865 869 903 905 929 955 957 985
503 202 320 558 634 714 776 781 786 788 841 905 949 951 956 973 974 982 992
504 81 201 327 591 651 709 721 737 763 777 810 831 850 912 932 958 981 985
505 187 474 517 566 588 603 634 670 731 769 798 855 917 930 974 978 984 992
506 214 241 446 458 518 610 613 666 768 773 794 838 864 865 880 962 967 986
507 356 411 561 587 591 678 741 746 774 793 821 823 866 900 915 962 970 983
508 324 388 428 510 525 557 559 665 675 806 862 896 900 903 913 970 994 999
509 149 404 410 470 510 567 584 587 636 669 781 813 837 863 898 901 960 991
510 170 282 403 465 476 508 509 548 688 762 774 794 844 865 920 960 975 993
511 493 606 627 669 681 696 738 775 834 852 867 874 912 958 973 984 989 993
512 269 300 353 400 513 516 617 651 713 718 726 754 779 797 944 950 951 985
513 240 309 481 512 565 591 679 700 712 731 762 780 901 944 957 967 974 992
514 172 356 437 467 527 547 576 647 711 713 726 732 787 852 906 954 972 981
515 269 376 479 572 670 713 731 806 846 859 899 902 918 941 942 961 972 988
516 512 563 564 572 582 589 682 693 768 785 812 824 886 917 929 957 988 996
517 505 522 534 540 549 814 828 830 838 851 853 859 898 901 945 960 992 999
518 299 494 506 606 624 651 771 803 819 820 849 887 895 933 942 950 954 997
519 183 189 302 379 558 570 583 631 665 668 677 726 798 822 823 838 938 942 959
520 535 544 575 619 789 822 836 877 880 894 897 900 903 905 906 913 945 952 957
521 374 418 447 476 584 625 642 688 726 754 782 802 803 887 912 927 956 980 995
522 434 517 540 633 676 679 737 760 800 805 817 865 879 890 916 943 948 964
523 434 442 480 553 556 637 642 654 666 719 745 758 773 829 905 936 954 984 994
524 92 191 299 307 322 411 543 597 704 756 771 776 785 814 834 888 918 996 999
525 39 378 508 604 644 669 705 733 752 769 789 799 801 831 842 850 879 939 975
526 468 551 572 658 687 721 726 770 830 831 852 893 895 897 928 933 949 969 983
527 298 439 445 453 514 552 594 641 659 710 782 797 799 862 878 899 939 985 986
528 239 497 545 571 578 585 637 669 672 756 812 843 847 862 889 908 918 938 992
529 450 489 617 684 687 715 721 733 739 747 766 776 819 831 889 900 949 979 985
530 164 465 533 627 640 645 663 679 692 698 701 716 814 869 890 932 978 982 989
531 451 482 608 628 643 662 705 739 747 763 784 810 826 849 856 875 882 884 984
532 151 358 456 500 547 671 688 698 750 759 762 852 901 931 933 962 974 983 995
533 167 287 379 406 530 590 633 684 721 727 862 863 866 932 953 959 966 976 989
534 24 349 413 485 517 665 693 754 763 814 836 850 864 899 948 962 965 975 978
535 248 284 322 520 580 628 638 712 718 720 795 803 840 844 863 870 934 942 958
536 337 440 446 541 547 550 594 601 623 624 662 666 869 913 922 946 956 960 968 976
537 398 545 580 590 606 639 708 743 753 764 779 785 788 832 892 927 942 947 951 984
538 268 385 427 588 642 644 650 708 718 754 768 795 805 868 876 877 896 904 922 985
539 294 297 369 429 546 557 601 612 644 647 655 711 753 792 824 909 915 959 969 974
540 432 440 497 517 522 582 594 635 837 880 905 910 912 913 916 934 936 956 968 996
541 214 262 283 536 543 546 558 608 630 722 728 744 774 863 897 907 924 969 976 985
542 371 447 451 556 577 602 635 672 702 722 751 872 876 903 906 935 936 939 949 951
543 491 495 524 541 678 687 691 716 727 775 786 811 817 864 874 912 914 919 921 956
544 405 498 520 640 645 727 760 766 770 821 831 853 860 877 886 906 917 951 952 984
545 528 537 604 655 686 701 731 785 793 831 890 899 901 908 921 943 951 957 974 996
546 399 440 478 539 541 554 644 755 757 768 781 787 797 804 866 909 917 957 959 990
547 360 481 514 532 536 570 658 710 718 719 732 769 825 830 886 902 928 936 980 988
548 2 132 181 212 303 411 499 510 587 682 713 716 752 790 858 882 893 915 959 975
549 142 365 388 456 517 620 625 632 649 682 683 709 742 829 882 887 969 983 984 995
550 309 328 390 458 489 536 694 757 770 782 786 789 814 868 885 907 927 931 967 994
551 161 244 432 526 553 572 578 606 647 728 781 785 789 798 829 834 873 903 911 915
552 319 348 455 502 527 632 741 754 772 796 797 822 833 837 851 894 929 973 989 997
553 356 360 523 551 561 578 643 658 670 673 745 750 808 825 829 833 884 937 957 963
554 78 316 411 421 442 546 561 564 619 727 733 764 795 816 827 907 939 951 966 969 995
555 116 222 348 428 567 604 609 663 678 719 728 778 816 826 830 873 925 959 963 970 982
556 153 355 441 523 542 562 577 581 583 584 614 652 721 737 780 815 817 876 921 936 937
557 146 462 473 508 539 566 586 661 670 677 697 811 830 894 901 924 935 950 959 969 981
558 251 463 503 519 541 564 644 665 698 707 720 785 790 848 877 887 907 922 936 969 985
559 277 431 480 498 508 572 594 620 690 697 717 722 734 769 828 851 863 944 979 985 989
560 308 395 451 564 623 627 646 794 809 813 817 825 856 866 872 875 877 933 948 983 984
561 282 373 482 507 553 554 565 584 592 633 675 694 742 781 783 811 845 910 977 981 990
562 358 420 491 556 619 620 652 737 757 779 780 803 839 841 846 872 876 913 930 959 990
563 436 478 516 582 596 670 709 715 760 777 778 792 801 811 853 871 888 894 935 943 951
564 152 267 305 516 554 558 560 565 599 698 705 789 800 825 829 832 870 875 894 943 951
565 393 446 452 513 561 564 647 721 744 780 800 808 866 868 897 927 944 945 955 958 978
566 101 473 505 557 572 575 603 655 676 724 766 783 828 863 899 901 928 929 935 980 981
567 293 294 353 481 509 555 580 643 734 775 815 846 848 865 872 910 924 926 963 975 998
568 183 248 352 427 665 672 684 730 791 799 847 874 906 907 916 929 930 937 939 979 983 985
569 356 410 411 491 495 585 621 626 638 714 757 765 884 895 900 907 945 953 966 969 989 999
570 80 295 385 519 547 609 680 681 726 787 815 816 885 886 895 899 905 906 929 936 973 987
571 29 219 465 478 528 615 641 650 651 675 765 788 820 823 857 908 911 912 932 942 951 963
572 203 253 399 515 516 526 551 559 566 671 711 725 746 762 788 800 806 835 893 909 968 994
573 79 574 595 633 673 696 725 775 811 865 874 884 888 889 908 912 919 939 945 960 961 963
574 291 368 410 450 469 482 573 642 716 751 813 829 838 853 892 909 950 959 962 967 986 994
575 350 385 520 566 611 636 643 647 654 706 775 791 818 821 877 880 913 925 926 930 970 992
576 393 412 514 583 707 737 772 826 831 846 850 883 920 922 924 933 945 949 975 976 989 998
577 221 319 343 425 474 492 542 556 658 667 694 699 707 709 711 803 813 815 872 876 934 943
578 475 528 551 553 597 601 606 757 768 771 785 811 819 824 850 876 881 887 925 932 952 977
579 422 461 633 653 654 660 675 680 783 789 797 845 866 875 910 922 925 965 974 986 988 998
580 186 344 417 488 535 537 567 589 608 612 688 799 818 824 836 856 862 940 947 974 979 990
581 113 453 471 556 601 611 639 641 656 657 724 730 752 863 880 903 914 937 941 948 975 976
582 48 302 324 444 468 516 540 563 602 604 614 660 708 758 761 801 804 822 961 970 973 993
583 72 441 447 519 556 576 600 609 633 750 766 873 884 898 908 915 929 939 968 976 982 999
584 342 486 509 521 556 561 686 745 759 792 795 803 808 824 829 833 852 906 951 968 970 998
585 210 314 359 439 440 470 486 499 528 569 613 669 673 727 738 775 832 855 867 868 919 997
586 345 348 360 377 557 631 633 676 678 698 757 759 802 816 835 836 839 872 916 928 940 947
587 181 316 382 456 507 509 548 600 611 630 635 643 660 737 751 759 763 798 828 847 947 955
588 203 325 361 367 402 454 505 538 595 642 662 671 676 762 767 787 804 857 907 925 933 943 955
589 276 361 516 580 607 613 621 626 640 697 716 731 750 754 772 815 818 826 862 863 897 902 914
590 231 260 266 533 537 598 616 659 685 696 701 749 760 820 823 839 849 858 880 950 956 972 975
591 170 294 386 407 487 504 507 513 597 598 606 619 661 721 731 791 800 802 813 862 920 929 996
592 255 414 447 561 607 619 644 659 683 687 718 722 786 840 857 870 874 906 916 949 972 995 999
593 144 190 262 274 399 437 597 645 679 714 719 759 770 781 795 799 802 850 865 887 935 962 994
594 413 440 527 536 540 559 602 622 630 689 701 721 764 798 827 828 850 912 925 934 942 969 987
595 429 482 573 588 618 619 626 633 642 690 760 772 805 848 862 878 885 907 914 917 924 973 981
596 289 354 369 395 470 563 619 639 651 768 810 813 818 861 869 878 880 889 941 942 958 960 978
597 368 524 578 591 593 600 608 610 682 710 723 726 732 754 808 910 923 927 952 961 964 972 996
598 159 197 240 266 324 466 590 591 690 700 743 755 768 778 817 840 845 866 892 938 959 980 981
599 116 316 388 428 564 600 615 627 639 661 674 688 742 787 816 823 840 870 885 934 951 955 963 972
600 157 374 383 399 583 587 597 599 614 615 703 732 748 772 779 834 844 870 899 906 934 942 944 948
601 343 425 433 536 539 578 581 603 647 708 714 716 758 772 775 791 810 854 881 892 940 957 974 980
602 307 334 410 468 491 493 542 582 594 618 626 630 643 687 706 715 763 786 798 807 837 946 948 959
603 306 310 464 468 487 497 505 566 601 619 673 689 699 717 813 827 843 853 875 876 966 973 987 992
604 155 174 271 367 410 429 442 525 545 555 582 633 688 696 760 807 844 846 879 904 938 967 980 982
605 343 369 426 493 611 639 672 701 756 821 825 833 857 861 873 890 926 927 944 961 970 971 985 994
606 476 511 518 537 551 578 591 619 629 633 634 648 665 675 725 730 755 759 825 878 894 928 949 997
607 336 377 387 480 589 592 668 679 681 694 712 740 741 770 802 822 859 862 915 922 932 966 978 990
608 157 323 343 365 401 417 531 541 580 597 623 667 695 705 706 772 780 793 805 814 855 856 882 955
609 164 223 256 351 353 427 471 555 570 583 645 661 672 691 703 706 744 755 776 860 930 937 965 991
610 168 308 321 386 506 597 613 622 650 663 698 712 719 743 761 776 787 814 816 839 894 963 971 973
611 479 496 575 581 587 605 618 636 655 677 709 711 721 749 771 785 798 807 817 831 833 863 929 932
612 325 331 393 406 415 486 502 539 580 665 684 726 736 830 843 870 884 897 901 915 935 939 976 991
613 141 149 182 252 412 478 501 506 585 589 610 622 629 634 651 683 701 744 749 774 794 806 837 988
614 117 382 398 402 404 466 556 582 600 673 714 749 784 812 840 847 868 878 907 916 946 953 954 995
615 89 253 258 376 415 424 571 599 600 626 638 671 737 748 749 846 850 878 918 950 951 965 975 978
616 294 331 433 454 478 590 639 648 652 692 714 723 744 758 784 804 860 869 882 926 940 964 967 982
617 401 475 512 529 661 723 740 789 798 802 811 826 829 830 854 891 893 937 946 971 984 985
618 119 325 426 595 602 611 656 665 666 746 749 755 766 780 808 851 870 883 914 934 936 937 961 964
619 128 306 407 478 520 554 562 591 592 595 596 603 606 623 729 737 739 782 807 820 837 855 895 958
620 377 413 549 559 562 626 642 688 708 727 753 758 785 792 794 802 809 854 883 889 917 918 941 972
621 377 431 455 456 569 589 682 687 722 746 766 781 812 851 859 871 895 898 917 923 928 932 957 977
622 225 234 305 436 594 610 613 626 653 713 717 718 720 729 747 753 787 798 858 860 862 960 964 965 976
623 74 270 446 483 536 560 608 619 660 668 693 725 757 760 786 849 850 855 888 903 945 950 954 963 981
624 275 443 445 461 518 536 629 652 663 703 707 721 770 777 791 800 822 861 862 871 903 908 926 949 998
625 112 343 371 459 496 498 502 521 549 629 652 666 693 738 748 786 823 826 836 838 862 939 945 974 997
626 463 488 569 589 595 602 615 620 622 636 662 781 795 834 840 885 893 897 904 905 919 931 947 998 999
627 67 198 206 242 274 477 511 530 560 599 651 699 706 735 750 778 831 846 873 875 900 955 958 984 996
628 39 151 287 327 339 394 417 531 535 646 648 665 686 723 733 743 846 849 857 884 887 902 923 948 991
629 337 386 407 427 467 606 613 624 625 674 687 690 724 727 736 738 780 812 898 904 909 925 949 972 990
630 178 459 463 502 541 587 594 602 646 664 676 691 697 700 743 769 778 802 881 922 923 928 935 980 981
631 139 328 446 462 487 495 519 586 640 657 694 707 721 760 762 767 771 802 815 849 901 907 924 939 976
632 302 374 417 449 480 549 552 643 664 681 682 711 723 728 732 791 803 843 852 907 949 967 969 977 979
633 437 522 533 561 573 579 583 586 595 604 606 654 660 673 675 745 783 845 876 897 900 904 910 971 972
634 362 404 503 505 606 613 646 660 709 755 781 817 827 834 851 854 860 874 879 894 902 924 933 957 997
635 219 293 340 389 400 408 540 542 587 653 674 698 700 781 790 795 837 853 865 890 904 926 961 969 986
636 254 263 291 436 509 575 611 626 641 649 668 691 708 715 761 790 828 891 903 907 913 918 939 943 947
637 240 442 461 523 528 660 671 686 717 767 777 791 794 810 823 830 893 902 903 904 918 929 963 973 978
638 111 171 256 337 352 385 449 465 535 569 615 658 676 681 705 709 819 834 838 871 877 882 891 909 932 988
639 68 376 537 581 596 599 605 616 648 658 661 669 712 718 721 771 774 806 812 830 876 917 927 954 955 987
640 315 530 544 589 631 687 703 704 718 729 738 774 791 814 821 835 850 877 893 901 904 906 913 944 990 991
641 178 234 240 306 357 371 527 571 581 636 656 720 774 776 788 790 826 830 837 854 870 914 940 944 960 989
642 363 458 497 521 523 538 574 588 595 620 653 659 687 692 745 753 758 772 778 792 810 883 888 910 982 987
643 408 415 449 461 468 472 531 553 567 575 587 602 632 658 664 665 688 699 707 796 810 815 856 869 998 999
644 227 481 525 538 539 546 558 592 665 692 754 779 828 843 852 877 883 915 916 955 959 960 975 983 988 996
645 129 145 176 316 481 483 530 544 593 609 691 737 754 778 805 809 827 831 839 856 859 860 863 940 983 987
646 127 148 181 189 235 250 484 560 628 630 634 650 712 715 762 769 775 779 805 811 831 858 867 896 984 993
647 406 423 439 452 514 539 551 565 575 601 651 723 733 773 781 794 810 870 875 883 885 962 963 965 988 995
648 152 223 246 276 390 416 421 457 461 606 616 628 639 693 767 773 783 799 800 848 871 885 939 960 972 988
649 6 112 117 325 347 378 381 428 442 453 549 636 716 736 767 782 786 795 813 823 885 921 924 936 955 981
650 398 453 461 538 571 610 646 667 677 706 736 740 743 751 765 768 820 828 836 857 898 907 948 964 981 994
651 43 170 246 329 367 504 512 518 571 596 613 627 647 655 738 753 764 820 832 857 865 893 923 941 954 992
652 28 295 407 444 453 459 482 556 562 616 624 625 653 678 793 799 803 811 814 839 872 876 877 936 958 975
653 265 391 419 501 579 622 635 642 652 687 712 717 739 749 802 836 844 860 906 934 938 942 968 976 982 991
654 482 523 575 579 633 658 660 675 704 733 777 783 795 798 812 845 863 872 903 907 910 915 935 938 973 974
655 260 304 357 387 416 539 545 566 611 651 661 670 699 733 764 775 797 837 872 885 889 890 903 911 918 963
656 2 147 359 440 474 495 581 618 641 672 674 687 731 746 761 778 828 836 847 848 870 872 874 916 937 986 999
657 160 376 400 427 581 631 667 670 718 719 726 752 754 767 774 785 806 818 868 876 891 905 915 965 974 977 988
658 146 175 222 413 443 495 526 547 553 577 638 639 643 654 715 718 763 806 838 867 894 956 961 963 971 972 985
659 248 354 380 394 425 527 590 592 642 666 667 677 678 708 735 757 775 791 792 794 860 883 888 889 907 918 949
660 172 214 270 447 497 499 579 582 587 623 633 634 637 654 668 675 749 783 831 845 862 885 910 931 949 954 996
661 231 255 485 490 557 591 599 609 617 639 655 668 677 691 692 778 801 809 859 874 875 891 913 920 930 983 997
662 120 284 352 381 427 430 531 536 588 626 664 689 735 788 789 808 842 853 879 885 899 922 931 946 973 974 995
663 161 288 326 373 468 472 502 530 555 610 624 683 695 789 824 862 879 899 910 917 922 925 926 955 987 994 998
664 162 293 376 378 383 630 632 643 662 704 721 739 755 758 759 828 835 838 902 913 924 960 962 974 983 991 998
665 224 349 406 420 452 508 519 534 558 568 606 612 618 628 643 644 679 689 708 742 747 779 797 856 885 915 945
666 415 462 487 506 523 536 618 625 659 692 708 717 719 767 785 792 794 814 857 864 883 885 894 924 928 972 990
667 271 338 366 420 424 457 577 608 650 657 659 691 706 742 778 799 809 812 824 875 882 883 888 905 919 983 997
668 117 240 269 271 322 425 451 461 490 519 607 623 636 660 661 784 793 827 851 856 875 881 882 885 896 912 965
669 229 252 337 509 511 525 528 585 639 686 728 756 761 811 817 822 851 860 867 873 874 886 912 919 933 962 993
670 263 360 389 417 421 437 472 505 515 553 557 563 655 657 765 766 784 796 797 821 833 883 927 969 972 995 997
671 232 486 494 532 572 588 615 637 673 674 732 736 740 782 803 814 836 875 881 913 920 936 942 947 952 962 965
672 70 203 288 383 435 473 485 494 496 528 542 568 605 609 656 778 816 827 856 865 875 878 957 975 982 983 991
673 331 359 376 466 553 573 585 603 614 633 671 686 696 705 721 729 752 783 822 860 867 873 912 919 921 931 974
674 259 384 424 452 599 629 635 656 671 725 742 746 786 793 796 924 928 937 941 948 957 964 969 970 976 977 986 991
675 10 367 369 465 472 501 508 561 571 579 606 633 654 660 693 705 747 779 783 806 845 894 908 910 920 962 966 979
676 215 361 387 393 448 463 522 566 586 588 630 638 766 792 793 828 845 851 923 935 938 959 961 968 981 982 991 998
677 228 418 519 557 611 650 659 661 690 697 727 744 814 818 828 833 835 838 876 894 938 951 959 969 980 993 995 998
678 285 314 353 390 394 450 484 507 543 555 586 652 659 690 715 737 775 777 839 849 850 879 890 892 913 915 970 989
679 201 240 389 513 522 530 593 607 665 684 689 740 747 753 777 786 795 799 809 851 859 886 896 899 966 967 974 986
680 191 392 438 464 499 570 579 691 693 697 701 718 720 725 743 787 795 822 845 849 869 872 900 940 952 956 993 995
681 232 266 363 427 459 489 511 570 607 632 638 720 724 730 731 737 741 797 806 837 841 891 913 915 949 951 981 993
682 408 419 428 439 444 468 477 492 516 548 549 597 621 632 736 832 868 871 874 877 880 891 909 928 939 949 962 969
683 329 368 371 430 437 479 549 592 613 663 704 732 749 752 755 770 773 779 782 816 850 891 914 924 930 957 977 998
684 188 272 285 417 529 533 568 612 679 687 694 701 703 724 726 737 753 755 757 758 785 825 843 862 883 886 888 897
685 256 355 369 372 393 442 495 590 688 696 703 710 743 773 790 791 847 887 899 912 915 917 919 945 947 949 968 969
686 283 297 344 463 472 545 584 628 637 669 673 689 696 775 786 811 867 874 883 902 903 912 919 921 950 956 988 994
687 276 284 289 411 526 529 543 592 602 621 629 640 642 653 656 684 702 705 734 739 745 783 798 813 825 869 903 987
688 98 113 193 220 243 311 435 452 476 510 521 532 580 599 604 620 643 685 724 760 791 797 806 832 930 951 991 999
689 150 286 293 310 594 603 662 665 679 686 721 744 780 781 801 807 828 843 861 863 881 883 894 904 926 934 950 983
690 289 379 471 498 559 595 598 629 677 678 697 728 729 793 828 846 849 915 921 925 930 944 947 955 959 973 979 984
691 192 326 372 418 435 448 543 609 630 636 645 661 667 680 696 707 718 757 788 791 816 833 912 930 942 984 991 997
692 304 359 392 491 493 530 616 642 644 661 666 708 709 757 758 760 781 785 792 794 831 850 868 888 906 968 989 999
693 111 130 314 324 358 408 416 516 534 623 625 648 675 680 716 728 752 758 769 816 824 849 890 936 961 962 971 984
694 241 325 480 496 550 561 577 607 631 684 716 784 787 813 820 829 843 847 873 882 884 899 913 918 925 927 951 995
695 96 249 261 308 357 404 608 663 699 711 714 716 720 740 768 772 801 804 807 816 818 823 870 873 876 902 926 952 989
696 193 405 420 476 511 573 590 604 673 685 686 691 699 770 777 801 811 829 857 867 874 894 912 919 967 973 974 986 989
697 196 343 384 401 426 501 557 559 589 630 677 680 690 704 713 746 819 838 859 884 894 898 899 905 933 938 940 981 995
698 247 300 354 380 407 409 420 447 530 532 558 564 586 610 635 702 735 772 780 803 864 872 876 884 914 936 951 978 990
699 355 443 457 484 489 577 603 627 643 655 695 696 717 743 751 759 765 810 811 836 849 861 911 923 926 972 980 983 987
700 254 319 379 422 431 513 598 630 635 736 743 749 750 769 777 782 783 800 810 811 818 838 901 935 959 973 975 980 995
701 298 366 377 405 450 500 530 545 590 594 605 613 680 684 761 787 788 799 816 825 846 891 904 906 909 940 953 968 993
702 102 249 315 324 380 393 414 459 474 542 687 698 732 744 746 757 802 803 824 852 871 876 881 933 936 938 986 987 996
703 327 361 438 455 486 600 609 624 640 684 685 725 734 737 754 762 764 767 822 827 838 848 864 894 908 912 934 936 991
704 105 296 307 351 392 451 460 498 524 640 654 664 683 697 722 770 783 852 886 914 935 938 959 964 980 981 982 983 993
705 202 205 388 424 467 483 494 525 531 564 608 638 673 675 687 706 795 826 827 831 856 860 878 882 903 927 930 943 986
706 338 365 386 487 575 602 608 609 627 650 667 705 771 773 787 837 843 860 879 882 885 887 897 930 932 962 965 983 997
707 167 179 248 327 367 482 558 576 577 624 631 643 691 730 751 758 771 777 789 833 854 863 867 870 885 894 939 951 975
708 212 280 285 288 388 402 452 486 537 538 582 601 620 636 659 665 666 692 730 741 753 757 804 824 888 919 920 924 948
709 131 187 222 320 362 381 504 549 563 577 611 634 638 692 757 758 760 766 777 846 863 864 879 891 911 926 927 937 988
710 292 312 450 488 494 527 547 597 685 711 720 733 743 766 775 784 804 807 811 812 840 864 868 877 938 946 953 954 955
711 215 229 245 361 410 415 419 466 469 479 514 539 572 577 611 632 695 710 733 750 772 801 844 864 871 878 888 918 952 958
712 71 162 364 368 384 513 535 607 610 639 646 653 747 751 798 804 814 821 839 841 895 940 944 955 973 977 980 984 993 996
713 172 212 354 385 433 453 489 512 514 515 548 622 697 731 776 781 803 808 811 837 859 871 874 876 939 945 950 958 984 997
714 282 292 293 313 448 503 569 593 601 614 616 695 730 741 743 755 761 772 779 781 790 823 835 842 851 897 907 930 931 974
715 202 246 326 477 529 563 602 636 646 658 678 726 727 728 755 762 764 785 799 814 858 889 890 898 927 929 941 950 970 992
716 29 268 433 479 530 543 548 574 589 601 649 693 694 695 725 730 731 740 752 793 851 857 907 917 943 957 972 983 992 996
717 27 226 383 432 455 484 492 496 559 603 622 637 653 666 699 740 763 844 853 864 879 903 911 914 937 944 950 983 984 991
718 150 292 473 495 512 535 538 547 592 622 639 640 657 658 680 691 732 771 774 776 784 796 870 881 884 894 944 967 983 991
719 32 265 336 344 501 523 547 555 593 610 657 666 735 741 748 774 806 820 822 839 853 900 909 911 913 917 942 964 974 979
720 220 290 398 457 468 535 558 622 641 680 681 695 710 722 743 747 760 767 770 779 871 881 888 889 904 917 929 932 934 966
721 281 446 460 504 526 529 533 556 565 591 594 611 624 631 639 664 673 689 734 754 777 827 881 884 892 916 949 956 986 993
722 337 349 448 456 461 478 541 542 559 592 621 704 720 724 730 775 793 796 828 836 848 857 869 874 888 901 938 959 980 981
723 248 281 321 370 373 379 437 466 471 597 616 617 628 632 647 745 763 769 782 844 849 867 877 891 945 951 964 981 983 999
724 254 310 370 448 471 500 566 581 629 681 684 688 722 768 770 785 787 861 863 865 887 909 919 939 944 954 967 969 970 988
725 190 287 389 393 421 460 476 492 572 573 606 623 674 680 703 716 736 774 792 822 843 847 865 895 898 903 925 933 957 996
726 130 335 374 389 402 473 512 514 519 521 526 570 597 612 657 684 715 729 739 745 747 792 806 810 877 896 922 979 981 991
727 203 229 408 416 480 498 533 543 544 554 585 620 629 677 715 728 763 775 811 867 874 890 908 912 919 941 947 954 960 967
728 176 331 441 464 499 541 551 555 632 669 690 693 715 727 754 762 787 792 814 818 825 886 892 895 913 923 963 977 982 998
729 323 377 404 442 619 622 640 673 690 726 740 800 824 851 865 871 883 886 901 908 918 927 940 948 949 957 974 980 990 992
730 261 350 364 397 437 439 568 581 606 681 707 708 714 716 722 737 738 780 791 805 821 858 860 866 868 880 902 906 908 913 973
731 353 401 421 505 513 515 545 589 591 656 681 713 716 739 772 801 810 824 871 878 882 901 904 909 915 917 945 980 985 998 999
732 300 415 468 485 514 547 597 600 632 671 683 702 718 738 749 750 768 778 779 790 791 826 840 844 850 909 927 941 948 972 990
733 36 189 226 234 269 338 350 475 525 529 554 628 647 654 655 710 711 743 818 857 867 868 886 887 889 890 919 942 948 967 981
734 300 336 383 432 477 494 559 567 687 703 721 751 804 811 827 851 852 858 869 872 884 908 917 924 925 946 951 955 960 980 996
735 128 177 187 263 419 462 627 659 662 698 719 749 754 756 765 782 786 809 813 829 856 857 874 875 882 883 930 936 983 984 994
736 71 160 174 206 298 466 471 612 629 649 650 671 682 700 725 745 746 785 797 801 824 868 931 934 944 945 949 952 959 978 995
737 242 356 466 491 493 496 497 504 522 556 562 576 587 615 619 645 678 681 684 703 730 741 745 767 775 818 837 843 852 934 956
738 214 251 258 328 344 364 405 472 511 585 625 629 640 651 730 732 756 766 791 821 843 875 877 906 913 927 933 943 971 972 990
739 265 290 310 337 369 416 430 461 466 494 529 531 619 653 664 687 726 731 744 792 818 852 872 891 893 912 925 928 962 995 999
740 54 242 293 481 494 607 617 650 671 679 695 716 717 729 788 795 796 806 819 836 856 869 873 894 917 939 966 979 982 983 997
741 80 152 156 191 336 364 371 507 552 607 681 708 714 719 737 774 791 813 818 827 829 848 857 864 875 894 898 908 912 918 963
742 74 106 308 384 430 437 443 500 549 561 599 665 667 674 744 747 748 779 793 801 808 866 891 914 937 942 948 975 982 986 998
743 45 84 339 434 439 537 598 610 628 630 650 680 685 699 700 710 714 720 733 748 758 763 765 826 847 849 867 869 916 921 942 975
744 418 425 448 490 541 565 609 613 616 677 689 702 739 742 782 783 791 796 804 874 881 888 893 899 912 919 928 932 937 979 982 986
745 265 295 352 416 447 501 523 553 584 633 642 687 723 726 736 737 750 792 837 845 852 860 897 905 911 943 953 955 956 961 987 991
746 113 280 310 313 403 488 507 572 618 621 656 674 697 702 736 778 786 808 821 823 852 857 900 914 922 948 950 964 981 983 986 999
747 31 387 473 487 529 531 622 665 675 679 712 720 726 742 757 759 766 822 826 838 850 864 869 880 884 905 931 934 945 966 993 998
748 81 368 414 442 454 455 480 500 600 615 625 719 742 743 766 779 790 823 838 843 850 851 865 907 912 931 939 944 950 969 975 987
749 205 210 384 467 499 590 611 613 614 615 618 653 660 683 700 732 735 751 768 798 825 832 850 900 914 925 931 936 941 951 974 988
750 158 216 232 239 275 279 422 466 471 532 553 583 589 627 700 711 732 745 751 752 765 777 798 802 804 821 825 873 881 920 927 965
751 252 395 457 460 473 474 478 542 574 587 650 699 707 712 734 749 750 764 765 771 816 825 844 871 876 884 887 903 911 917 969 986
752 301 327 370 405 479 525 548 581 657 673 683 693 716 750 766 816 839 842 847 854 858 870 885 892 898 909 953 964 968 970 975 977
753 144 152 285 346 370 388 408 462 478 489 537 539 620 622 642 651 679 684 708 770 785 792 810 822 842 856 888 900 906 929 964 977
754 106 210 267 270 296 310 355 367 512 521 534 538 552 589 597 644 645 657 703 721 728 735 776 788 793 828 842 868 891 949 951 961
755 205 385 392 440 479 546 598 606 609 618 634 664 683 684 714 715 766 781 801 818 824 825 841 849 855 904 912 940 946 947 963 966
756 148 234 322 356 372 395 404 435 442 490 500 524 528 605 669 735 738 773 786 791 798 834 860 869 875 882 891 897 906 935 965 979
757 342 370 498 546 550 562 569 578 586 623 659 684 691 692 702 708 709 747 758 762 765 792 794 839 841 869 880 883 888 903 911 997
758 304 333 388 389 523 582 601 616 620 642 664 684 692 693 707 709 743 757 785 792 794 799 828 839 853 881 883 889 918 969 982 992
759 191 250 278 283 373 411 435 464 466 475 532 584 586 587 593 606 664 699 747 810 815 824 832 837 849 914 927 954 955 956 971 974 984
760 246 301 329 411 445 470 501 522 544 563 590 595 604 623 631 688 692 709 720 762 771 773 815 833 842 887 900 907 912 934 963 986 996
761 57 328 400 401 444 499 582 610 636 656 669 701 714 763 789 813 828 830 848 861 866 878 880 901 911 924 933 960 961 967 970 989 993
762 147 231 238 275 282 395 451 483 486 489 510 513 532 572 588 631 646 703 715 728 757 760 784 880 915 916 920 926 933 960 963 973 976
763 355 460 463 471 493 504 531 534 587 602 658 717 723 727 743 761 764 783 815 820 832 837 841 849 875 887 899 905 911 923 982 987 995
764 101 198 301 343 394 437 450 537 554 594 651 655 703 715 751 763 769 784 812 816 820 838 857 861 874 880 889 911 912 957 974 978 993
765 286 297 325 351 378 414 439 569 571 650 670 699 735 743 750 751 757 775 780 791 794 826 836 856 872 898 911 923 928 942 957 969 987
766 20 110 341 500 529 544 566 583 618 621 670 676 709 710 738 747 748 752 755 784 828 843 847 851 870 882 901 921 933 957 987 992 996
767 107 186 225 281 345 389 391 399 447 452 462 465 588 631 637 648 649 657 666 703 720 737 772 806 857 884 904 920 922 937 952 971 989
768 389 506 516 538 546 578 596 598 650 695 724 732 749 788 806 814 823 824 828 841 842 865 914 940 942 948 958 959 962 974 990 992 993
769 15 90 140 221 223 319 366 472 480 498 505 525 547 559 630 646 693 700 723 764 773 789 804 838 888 911 935 954 959 961 978 980 995
770 115 213 275 346 372 385 394 435 449 526 544 550 593 607 624 683 696 704 720 724 753 777 794 796 810 813 815 833 865 876 879 979 995
771 100 132 244 268 338 365 425 441 451 468 481 518 524 578 611 631 639 706 707 718 751 760 848 849 858 871 875 907 917 927 952 956 962
772 136 205 209 457 458 552 576 589 595 600 601 608 642 695 698 711 714 731 767 794 817 818 830 835 841 846 849 861 888 911 921 933 948
773 114 279 353 416 466 493 501 506 523 647 648 683 685 706 756 760 769 799 806 815 817 819 909 910 914 915 944 958 960 973 993 994 995
774 232 251 290 300 306 312 446 498 507 510 541 613 639 640 641 657 718 719 725 741 781 789 834 847 860 885 903 924 937 943 963 970 981
775 203 254 498 511 543 567 573 575 585 601 646 655 659 678 686 710 722 727 737 765 794 801 811 821 854 867 874 908 912 962 977 986 997
776 9 24 230 254 332 492 503 524 529 609 610 641 713 718 754 777 784 790 796 810 811 822 832 834 846 850 864 873 896 966 978 979 994
777 290 469 504 563 624 637 654 678 679 696 700 707 709 721 750 770 776 792 796 803 806 834 835 855 869 873 920 923 938 941 957 975 982 998
778 245 279 340 383 423 498 555 563 598 627 630 642 645 656 661 667 672 732 746 792 793 809 819 848 870 884 896 920 921 947 951 965 977 993
779 150 241 260 317 325 362 403 445 489 493 512 537 562 600 644 646 665 675 683 714 720 732 742 748 800 806 819 838 878 888 896 904 919 982
780 160 181 282 314 334 360 380 407 459 469 490 513 556 562 565 608 618 629 689 698 730 765 784 807 853 876 885 905 923 932 936 971 981 994
781 277 343 423 503 509 546 551 561 593 621 626 634 635 647 689 692 713 714 755 774 800 820 856 858 876 901 904 908 916 957 964 970 976 996
782 167 224 307 330 366 442 453 521 527 550 619 649 671 683 700 723 735 744 790 795 805 854 869 873 874 881 893 894 897 901 924 985 987 991
783 161 245 286 381 450 474 482 487 561 566 579 633 648 654 660 673 675 687 700 704 744 763 801 839 845 851 858 908 910 942 951 955 960 971
784 209 280 492 496 531 614 616 668 670 694 710 718 762 764 766 776 780 798 804 807 812 816 821 840 868 878 892 894 915 946 953 954 981 986
785 333 339 384 446 462 477 516 524 537 545 551 558 578 611 620 657 666 684 692 715 724 736 753 758 794 806 844 877 883 888 906 925 977 985
786 185 247 274 292 314 344 360 480 503 543 550 592 602 623 625 649 674 679 686 735 746 756 790 808 810 813 855 937 956 957 973 978 997 999
787 51 296 349 422 425 449 485 514 546 570 588 599 610 622 680 694 701 706 724 728 793 794 820 836 837 844 846 855 858 891 934 939 972 987
788 114 211 311 350 358 398 409 452 481 503 537 571 572 641 662 691 701 740 754 768 805 863 869 873 883 890 920 927 934 940 951 969 982 990
789 174 335 359 375 399 430 520 525 550 551 564 579 617 662 663 707 761 769 774 802 820 830 837 856 893 918 933 947 971 978
790 168 169 264 333 366 396 427 480 548 558 635 636 641 685 714 732 748 776 782 786 809 810 813 819 834 838 847 865 868 927 933 950 956 976
791 72 149 350 568 575 591 601 624 632 637 640 659 685 688 691 730 732 738 741 744 756 765 842 863 871 877 880 906 913 923 924 968 972 990
792 299 380 441 539 563 584 620 642 659 666 676 692 725 726 728 739 745 753 757 758 777 778 794 858 860 883 904 907 918 934 943 950 959 999
793 19 226 279 301 423 431 495 507 545 608 652 668 674 676 690 716 722 742 754 778 787 802 845 863 867 875 906 930 955 958 965 983 984 987
794 250 374 378 397 418 457 462 496 506 510 560 613 620 637 647 659 666 692 757 758 765 770 772 775 785 787 792 837 845 855 883 888 921 953
795 31 217 243 267 501 535 538 554 584 593 626 635 649 654 679 680 705 740 782 798 806 809 816 846 865 867 869 883 962 976 977 980 987 988
796 100 141 303 318 397 416 490 501 502 552 643 670 674 718 722 740 744 770 776 777 800 810 829 837 861 897 925 928 937 961 965 968 972 979
797 110 131 173 250 251 267 270 272 369 413 467 512 527 546 552 579 655 665 670 681 688 736 804 808 819 839 863 864 895 906 930 941 988 994 995
798 346 392 413 452 505 519 551 587 594 602 611 617 622 654 687 712 749 750 756 784 795 800 822 835 837 840 877 892 922 927 955 968 983 996 998
799 4 370 412 436 453 466 488 525 527 568 580 593 648 652 667 679 701 715 758 773 807 860 884 899 910 925 929 952 958 975 976 989 992 995 999
800 154 380 391 454 479 522 564 565 572 591 624 648 700 729 779 781 796 798 826 832 837 863 883 897 903 927 928 933 940 956 964 971 975 981 991
801 12 112 155 383 454 490 525 563 582 661 689 695 696 711 731 736 742 755 775 783 805 810 812 851 859 869 873 881 882 885 910 928 940 945 981
802 193 297 430 434 490 521 586 591 593 607 617 620 630 631 653 702 750 789 793 807 825 830 835 893 894 899 938 952 971 984 985
803 227 282 376 414 474 518 521 535 562 577 584 632 652 671 698 702 713 777 827 844 851 854 872 880 881 885 897 925 927 928 932 935 936 940 989
804 278 281 386 399 486 546 582 588 616 695 708 710 712 734 744 750 769 784 797 807 812 840 850 868 932 933 935 941 946 953 954 956 963 986
805 7 11 324 372 407 455 483 484 522 538 595 608 645 646 730 782 788 801 861 872 885 890 907 921 926 934 946 949 971 972 974 976 984 985 988
806 311 317 460 508 515 572 613 639 657 658 675 681 688 719 726 740 767 768 773 777 779 785 795 851 854 860 885 897 921 951 952 962 969 972 988
807 114 239 375 411 425 498 602 604 611 619 689 695 710 780 784 799 802 804 808 812 813 817 828 840 868 881 891 946 953 954 956 961 972 977
808 260 303 393 404 408 421 453 500 553 565 584 597 618 662 713 742 746 786 797 807 818 831 840 852 875 890 909 917 920 937 938 941 964 985 986
809 156 305 346 441 448 458 477 482 494 502 560 620 645 661 667 679 735 778 790 795 840 855 867 869 879 921 930 940 965 974 980 982 983 986 996
810 446 451 452 453 476 504 531 596 601 637 642 643 647 699 700 726 731 753 759 770 776 786 790 796 801 827 843 873 878 883 950 953 963 966 972
811 217 228 347 367 543 557 561 563 573 578 617 646 652 669 686 696 699 700 710 713 727 734 775 776 814 847 867 872 874 876 908 912 916 919 930 977
812 30 239 244 246 283 288 484 516 528 614 621 629 639 654 667 710 764 784 801 804 807 814 821 840 849 868 881 897 898 918 942 946 953 954 961 992
813 185 242 260 281 306 344 386 438 443 475 491 509 560 574 577 591 596 603 649 687 694 735 741 761 770 786 790 807 815 872 918 927 928 948 950 970
814 119 149 204 323 376 387 399 406 428 492 517 524 530 534 550 608 610 640 652 666 671 677 712 715 728 768 811 812 826 829 837 862 865 884 908 980
815 50 97 109 177 257 301 318 357 421 478 556 567 570 577 589 631 643 759 760 763 770 773 813 819 826 831 842 843 854 860 883 900 918 931 969 972
816 159 207 229 245 280 320 411 433 484 554 555 570 586 599 610 672 683 691 693 695 701 751 752 764 784 795 817 832 879 897 917 930 931 947 949 962
817 139 373 422 434 475 522 543 556 560 598 611 634 669 772 773 807 816 831 849 857 879 881 884 885 887 890 943 945 946 953 996 997
818 269 344 427 458 575 580 589 596 657 677 695 700 728 733 737 739 741 755 772 808 819 823 829 833 841 851 880 921 933 937 939 944 954 955 983 990
819 13 34 93 137 402 408 426 518 529 578 638 697 740 773 778 779 790 797 815 818 820 849 851 852 854 857 873 896 907 910 941 942 965 974 975 985
820 241 269 333 398 462 518 571 590 619 650 651 694 719 763 764 781 787 789 819 821 849 863 873 883 891 908 923 930 936 941 961 964 985 986 993 998
821 4 56 83 109 137 138 253 299 312 409 507 544 575 605 640 670 712 730 738 746 750 775 784 812 820 836 856 859 877 880 906 913 943 981 992 993
822 220 327 364 403 438 464 519 520 552 582 607 624 669 673 680 703 719 725 747 753 776 798 823 826 832 834 853 864 865 900 903 914 918 924 926 940 977
823 122 237 294 357 358 401 404 417 476 507 519 571 590 599 625 637 649 695 714 746 748 768 818 822 824 831 869 872 881 890 895 905 917 921 938 954 992
824 11 229 297 307 347 430 481 516 539 578 580 584 663 667 693 702 708 729 731 736 755 759 768 823 829 835 864 868 869 880 900 902 917 921 957 976 990
825 38 121 191 323 432 433 486 493 495 547 553 560 564 605 606 684 687 701 728 749 750 751 755 802 831 838 863 866 871 873 880 922 947 950 975 985 995
826 400 437 463 471 487 531 555 576 589 617 625 641 705 732 743 747 765 800 814 815 822 836 854 866 871 872 873 884 889 896 911 916 919 922 929 968 997
827 291 330 377 384 428 429 436 485 494 554 594 603 634 645 668 672 703 705 721 734 741 803 810 833 856 860 866 888 913 930 934 958 965 984 985 989 997
828 251 270 299 308 390 517 559 566 587 594 636 644 650 656 664 676 677 689 690 722 754 758 761 766 768 807 834 844 865 892 895 939 945 959 976 980 981
829 0 292 328 377 422 466 483 485 497 523 549 551 553 564 574 584 617 694 696 735 741 796 814 818 824 842 843 852 853 865 873 879 903 912 917 963 993
830 313 318 335 372 382 430 500 517 526 547 555 557 612 617 637 639 641 761 772 789 802 836 848 855 856 870 875 893 904 908 971 977 995 999
831 140 238 339 372 432 444 504 525 526 529 544 545 576 611 627 645 646 660 692 705 808 815 817 823 825 835 842 869 899 907 916 933 946 978 985 986 987
832 109 123 131 173 304 351 371 394 417 419 489 537 564 585 651 682 688 749 759 763 776 800 816 822 835 842 843 888 892 911 913 914 923 942 950 977 996
833 52 345 385 456 487 552 553 584 605 611 670 677 691 707 760 770 818 827 834 836 855 866 881 884 889 894 896 930 932 936 945 948 959 977 988 989 997
834 69 243 368 431 456 459 470 476 511 524 551 600 626 634 638 756 774 776 777 790 822 828 833 841 849 852 858 885 896 898 919 938 950 962 980 990 991 994
835 130 209 213 233 250 276 289 298 375 442 472 497 572 586 640 664 677 714 772 777 798 802 824 831 832 836 847 874 880 892 914 922 924 926 934 948 964 968
836 16 220 317 373 392 409 425 520 534 580 586 625 650 653 656 671 699 722 740 765 787 821 826 830 833 835 849 862 879 902 905 907 934 945 952 979 993 997
837 108 328 329 383 399 509 540 552 602 613 619 635 641 655 681 706 713 737 745 759 763 787 789 794 796 798 800 814 839 847 908 913 922 940 955 971 974 979
838 20 118 176 319 326 342 426 448 498 506 517 519 574 625 638 658 664 677 697 700 703 747 748 764 769 779 790 825 876 878 890 906 935 959 970 971 980 981
839 91 138 211 234 284 331 385 449 458 483 562 586 590 610 645 652 678 712 719 752 757 758 783 797 837 845 847 876 888 896 909 917 918 924 940 946 951 987
840 106 197 216 288 359 366 434 460 495 535 592 598 599 614 626 710 732 784 798 804 807 808 809 812 844 861 862 867 868 878 887 899 946 952 953 954 966 992
841 102 125 145 194 285 335 361 413 445 458 490 503 562 681 712 755 757 763 768 772 818 834 848 852 853 859 866 901 917 920 921 922 938 960 967 984 996 998
842 110 327 386 474 525 662 714 752 753 754 760 768 791 815 829 831 832 845 853 854 861 866 880 886 920 924 927 940 954 957 963 975 976 977 979 989 991 993
843 65 209 266 309 356 390 451 479 485 528 603 612 632 644 684 689 694 706 725 737 738 748 766 810 815 829 832 848 850 863 879 883 909 920 940 949 979 998
844 171 179 197 340 353 390 469 473 498 510 535 600 604 653 711 717 723 732 751 785 787 803 828 840 846 859 866 896 910 921 923 940 942 949 962 967 971 987
845 59 122 171 283 286 335 409 420 435 469 482 561 579 598 633 654 660 675 676 680 745 783 793 794 839 842 847 872 894 898 901 910 932 951 960 978 984 992 999
846 164 177 226 271 391 497 499 500 515 562 567 576 604 615 627 628 690 701 709 772 776 787 795 844 848 858 866 872 893 910 918 926 927 946 956 979 990 993 996
847 201 222 291 385 462 470 480 488 492 502 528 568 587 614 656 685 694 725 743 752 766 774 790 811 835 837 839 845 864 877 884 902 910 941 945 961 972 979 994
848 48 65 242 254 259 408 424 431 435 444 450 467 558 567 595 648 656 703 722 741 761 771 778 830 841 843 846 852 856 858 901 916 926 934 935 938 968 980 991
849 177 274 367 449 457 460 518 531 590 623 628 631 678 680 690 693 699 723 743 755 759 763 771 772 812 817 819 820 834 836 856 858 862 877 883 887 907 953 990
850 145 166 204 299 336 404 406 410 434 494 497 504 525 534 576 578 593 594 615 623 640 678 683 692 732 747 748 749 776 804 843 851 871 906 948 950 974 979 986
851 71 292 377 381 393 402 431 449 517 552 559 618 621 634 668 669 676 679 714 716 729 734 748 766 783 801 803 806 818 819 850 855 892 904 917 929 947 989 996
852 56 154 200 276 328 406 443 501 511 514 526 532 584 632 644 702 704 734 737 739 745 746 808 819 829 834 841 848 860 884 890 917 922 923 925 928 929 969 999
853 55 135 194 266 267 309 329 429 447 458 475 517 544 563 574 603 635 662 717 719 758 780 822 829 841 842 859 870 878 894 907 918 920 926 929 959 971 984 994
854 141 151 224 329 347 444 484 601 617 620 634 641 707 752 775 782 803 806 815 819 826 842 858 874 876 879 887 905 909 919 926 946 958 967 976 980 985 991 997
855 6 276 314 323 347 425 433 505 585 608 619 623 755 777 786 787 794 809 830 833 851 887 900 906 911 915 918 921 924 926 933 942 974 982 990 992 995 996 998
856 236 305 312 330 372 379 457 464 531 560 580 608 643 645 665 668 672 705 735 740 753 765 781 789 821 827 830 848 849 859 867 879 882 939 947 965 969 979 994
857 64 156 202 357 386 417 421 449 484 571 588 592 605 628 650 651 666 696 716 722 733 735 741 746 764 767 817 819 859 865 885 887 895 909 911 923 935 975 976
858 12 162 205 346 374 402 409 457 477 548 590 622 646 715 730 734 752 771 781 783 787 792 834 846 848 849 854 866 886 892 895 899 947 960 961 967 973 986 993
859 62 108 247 321 332 340 349 374 421 440 443 477 515 517 607 621 645 661 679 697 713 801 821 841 844 853 856 857 874 881 886 889 905 924 932 939 985 997 999
860 66 93 120 161 193 232 370 423 454 544 609 616 622 634 645 653 659 669 673 705 706 730 745 756 774 792 799 806 815 827 852 861 881 893 905 930 932 938 946 983
861 59 284 299 300 313 327 395 398 401 415 447 462 472 490 596 605 624 689 699 724 761 764 772 796 805 840 842 860 863 871 889 894 905 919 928 970 980 982 990 994
862 143 169 200 228 296 330 340 397 463 489 508 527 528 533 580 589 591 595 607 622 624 625 660 663 684 814 836 840 849 889 908 916 922 933 949 953 957 983 996 998
863 128 307 348 379 478 480 509 533 535 541 559 566 581 589 611 645 654 689 707 709 724 788 791 793 797 800 820 825 843 861 879 937 942 952 959 965 967 978 982 984
864 115 121 126 184 247 439 440 444 457 476 506 534 543 666 698 703 709 710 711 717 741 747 776 797 822 824 847 872 882 900 905 907 917 926 945 946 950 951 963 993
865 30 120 203 320 373 429 440 475 502 506 510 522 567 573 593 635 651 672 724 725 729 748 768 770 790 795 814 822 828 829 857 884 888 906 909 930 934 963 979 990
866 126 277 317 318 341 358 411 429 451 495 507 533 546 560 565 579 598 730 742 761 825 826 827 833 841 842 844 846 858 879 917 925 933 947 965 967 969 970 973 993
867 211 341 382 390 452 488 511 585 646 658 669 673 686 696 707 723 727 733 743 775 793 795 809 811 840 856 871 874 877 898 906 912 919 929 935 941 951 958 967 979
868 46 89 210 296 299 306 390 454 470 538 550 565 585 614 657 682 692 710 730 733 736 754 784 790 804 807 812 824 840 878 911 934 937 946 948 953 954 958 963 980
869 155 160 281 317 355 384 395 445 502 530 536 596 616 643 680 687 722 734 740 743 747 756 757 777 782 788 795 801 809 823 824 831 873 875 877 920 932 936 976 982
870 168 188 215 224 248 251 258 290 350 380 393 415 416 458 472 535 564 592 599 600 612 618 641 647 656 695 707 718 752 766 778 830 853 891 897 900 904 915 944 987
871 221 290 308 311 313 363 418 429 486 493 495 563 621 624 638 648 682 702 711 713 720 729 731 751 771 791 825 826 850 861 867 900 925 949 952 960 982 983 995 998
872 63 258 380 407 420 431 459 484 494 497 542 560 562 567 577 586 652 654 655 656 680 698 734 739 765 803 805 811 813 823 826 845 846 864 876 889 924 967 997 999
873 111 257 272 339 351 383 392 449 479 551 555 583 605 627 669 673 694 695 740 750 776 777 782 788 801 810 819 820 825 826 829 869 900 901 910 929 953 958 987 995
874 153 158 171 318 319 331 397 415 500 511 543 568 573 592 634 656 661 669 682 686 696 713 722 727 735 744 764 775 782 811 835 854 859 867 907 912 919 934 976 994
875 147 189 326 328 371 387 391 412 531 560 564 579 603 627 647 661 667 668 671 672 735 738 741 756 763 771 793 808 830 869 882 898 907 960 962 963 965 968 975 980 991
876 184 307 317 326 378 420 474 482 497 538 542 556 562 577 578 603 633 639 652 657 677 695 698 702 713 751 770 780 781 811 838 839 854 872 920 930 936 939 970 987 996
877 158 233 330 364 388 439 450 479 520 538 544 558 560 575 638 640 644 652 682 710 723 726 738 785 791 798 821 847 849 867 869 880 892 898 906 913 931 960 968 971 991
878 275 317 328 329 382 448 456 483 484 527 595 596 606 614 615 672 705 711 731 761 779 784 810 838 840 853 868 885 892 895 900 929 931 944 945 948 956 981 982 983 992
879 1 88 332 347 367 416 422 434 475 522 525 604 634 662 663 678 706 709 717 770 809 816 817 829 836 843 854 856 863 866 883 890 920 921 932 943 979 990 995
880 25 165 218 263 312 350 364 381 506 520 540 575 581 590 596 682 730 747 757 761 762 764 791 803 818 821 824 825 835 842 877 903 906 910 913 919 920 930 943 980 991
881 18 69 97 238 338 396 402 446 464 492 497 578 601 630 668 671 689 702 718 720 721 744 750 758 782 801 803 807 812 817 823 833 859 860 887 888 891 915 942 946 974
882 198 216 237 356 392 396 419 426 434 478 495 531 548 549 608 616 638 667 668 694 705 706 731 735 756 766 801 856 864 875 884 896 909 917 933 935 944 967 968 984 985
883 314 405 436 462 576 618 620 642 644 647 659 666 667 670 684 686 689 729 735 757 758 785 788 792 794 795 800 810 815 820 843 849 879 884 887 888 913 919 927 970 986
884 216 262 354 381 439 454 484 531 553 569 573 583 612 628 694 697 698 718 721 734 747 751 767 778 799 814 817 826 833 847 852 865 882 883 922 939 943 947 955 966 978
885 178 179 180 245 330 382 386 402 550 570 595 599 626 647 648 649 655 660 662 665 666 668 706 707 752 774 780 801 803 805 806 817 834 857 878 895 896 905 918 949 958
886 42 85 112 209 244 267 302 324 340 341 345 363 370 388 401 448 494 516 544 547 570 669 679 684 704 728 729 733 842 858 859 891 892 900 927 933 949 953 962 972 993
887 362 374 378 390 449 457 473 474 475 518 521 549 558 578 593 628 685 706 724 733 751 760 763 817 840 849 854 855 857 881 883 903 911 923 925 932 944 959 965 968 998
888 21 169 175 272 311 363 388 524 563 573 623 642 659 667 684 692 708 711 720 722 744 753 757 769 772 779 785 794 827 832 839 865 881 883 889 894 896 930 985 989 993
889 25 198 199 298 392 412 436 459 492 528 529 573 596 620 655 659 715 720 733 758 764 826 833 859 861 862 872 888 910 914 916 921 943 964 966 975 978 991 995 997 999
890 184 239 263 274 332 347 367 422 434 458 472 475 522 530 545 605 635 655 678 693 715 727 733 788 805 808 817 823 838 852 879 908 921 924 935 943 949 960 967
891 1 118 149 184 190 223 309 311 371 396 398 410 435 454 617 636 638 657 661 681 682 683 701 709 723 739 742 754 756 787 807 820 870 881 886 895 899 928 949 953 959
892 103 142 153 192 233 241 252 255 289 322 347 389 421 441 537 574 598 601 678 721 728 752 784 798 828 832 835 851 858 877 878 886 896 940 943 951 962 979 987 995 999
893 91 103 148 158 163 175 177 233 268 291 318 325 335 345 400 412 418 423 430 526 548 572 617 626 637 640 651 739 744 782 789 802 830 846 860 950 960 971 973 990
894 88 257 284 294 351 397 486 520 552 557 563 564 606 610 634 658 666 675 677 689 696 697 703 707 718 740 741 782 784 802 833 845 853 861 888 912 917 949 952 957 975 982
895 165 173 225 251 302 314 350 391 409 455 470 485 518 526 569 570 619 621 712 725 728 797 823 828 857 858 878 885 891 909 925 926 935 940 951 953 957 970 973 988 990 993
896 42 85 257 285 289 378 419 436 451 478 491 498 508 538 646 668 679 726 776 778 779 819 826 833 834 839 844 882 885 888 892 907 912 922 931 932 945 973 975 983 985 987
897 206 257 268 277 362 418 459 460 461 520 526 541 565 589 612 626 633 684 706 714 745 756 782 796 800 803 806 812 816 870 898 900 901 918 920 928 948 952 958 960 973 990
898 134 250 291 340 349 366 385 396 441 488 492 509 517 583 621 629 650 697 715 725 741 752 765 812 834 845 867 875 877 897 899 906 929 932 940 946 947 954 960 963 987 999
899 5 148 178 249 284 290 339 397 415 444 475 515 527 534 545 566 570 600 662 663 679 685 694 697 744 763 799 802 831 840 858 891 898 905 939 942 947 958 965 966 968 989
900 63 185 218 301 328 405 427 429 445 450 492 507 508 520 529 569 627 633 680 719 746 749 753 760 815 822 824 855 864 870 871 873 878 886 897 913 924 931 950 981 989 992
901 105 155 167 285 354 363 377 425 462 487 509 513 517 532 545 557 566 612 631 640 700 722 729 731 761 766 781 782 841 845 848 873 897 905 909 929 931 946 956 974 977 992
902 7 19 82 94 137 315 336 392 400 413 477 482 486 515 547 589 628 634 637 664 686 695 730 824 836 847 904 906 907 918 920 928 929 930 932 944 945 978 979 989 998 999
903 164 308 315 320 365 414 440 481 483 502 508 520 542 551 581 623 624 636 637 654 655 686 687 705 717 725 751 757 774 800 822 829 880 887 911 949 950 963 966 979 981 986
904 145 262 316 319 330 363 389 390 444 456 538 604 626 629 633 635 637 640 689 701 720 731 755 767 779 781 792 830 851 870 902 917 927 932 957 960 961 971 974 986 992 995 996
905 65 228 271 318 325 379 400 418 433 437 441 446 502 503 520 523 540 570 626 657 667 697 745 747 763 780 823 836 854 859 860 861 864 885 899 901 916 929 939 964 979 987 989
906 162 200 212 233 311 312 348 424 439 514 520 542 544 568 570 584 592 600 640 653 692 701 730 738 753 756 785 791 793 797 821 838 850 855 865 867 877 880 898 902 913 966 997
907 169 253 261 310 349 425 441 501 541 550 554 558 568 569 588 595 614 631 632 636 650 654 659 714 716 748 760 771 792 805 819 831 836 849 853 864 874 875 896 902 928 930 931
908 195 227 281 290 298 313 375 382 383 446 449 501 528 545 571 573 583 624 675 703 727 729 730 734 741 775 781 783 811 814 820 830 837 862 890 922 931 934 945 957 974 977 991
909 73 76 95 148 207 211 304 328 365 401 418 463 539 546 572 574 629 638 682 701 719 724 731 732 752 773 808 839 843 854 857 865 882 895 901 914 926 952 960 969 972 996 998
910 43 70 120 172 283 286 301 318 387 460 477 480 482 540 561 567 579 597 633 642 654 660 663 675 773 783 799 801 819 844 845 846 847 873 880 889 939 955 967 975 978 991 995
911 179 185 304 319 332 348 352 357 365 369 465 551 571 655 699 709 717 719 745 751 757 761 763 764 765 769 772 826 832 855 857 868 887 903 913 917 935 937 942 966 970 975 988
912 99 313 388 432 463 465 492 496 504 511 521 540 543 571 573 594 668 669 673 685 686 691 696 703 727 739 741 744 748 755 760 764 775 811 829 867 874 894 896 919 942 949 973
913 23 75 231 339 405 508 520 536 540 562 575 636 640 661 664 671 678 681 694 719 728 730 738 791 821 827 832 837 877 880 883 900 906 911 919 926 930 948 955 956 967 968 974
914 123 147 223 229 256 283 295 341 424 453 469 476 477 500 543 581 589 595 618 641 683 698 704 717 742 746 749 759 768 773 822 832 835 889 909 922 938 944 947 948 949 975 986
915 16 101 207 208 231 255 281 314 353 362 366 380 438 447 457 507 539 548 551 583 607 612 644 654 657 665 678 681 685 690 731 762 773 784 855 870 881 926 934 939 988 989 995
916 40 104 107 168 199 230 251 268 298 426 428 436 444 479 483 522 540 568 586 592 614 644 656 721 743 762 781 811 826 831 848 862 889 905 920 928 947 953 975 976 980 989 998
917 69 196 324 388 396 421 431 505 516 544 546 595 620 621 639 663 685 716 719 720 731 734 740 751 771 808 816 823 824 829 839 841 851 852 864 866 882 894 904 911 959 964 992
918 146 194 252 277 285 321 337 372 458 470 494 515 524 528 615 620 636 637 655 659 694 711 729 741 758 789 792 812 813 815 822 839 846 853 855 885 897 902 933 938 940 956 963
919 125 134 143 230 287 359 369 467 475 495 543 573 585 626 667 669 673 685 686 696 708 724 727 733 744 779 811 826 834 854 861 867 874 880 883 912 913 937 939 962 969 970 973 989
920 194 200 223 277 307 388 391 465 475 489 493 495 510 576 591 661 671 675 708 750 762 767 777 778 788 808 841 842 843 853 869 876 879 880 897 902 916 926 927 944 954 958 966 989
921 1 88 106 110 162 186 187 280 289 337 346 449 456 463 467 477 482 485 543 545 556 649 673 686 690 743 766 772 778 794 805 806 809 818 823 824 841 844 855 879 889 890 933 996
922 22 141 183 196 218 230 237 244 247 373 424 437 445 489 536 538 558 576 579 607 630 662 663 726 746 767 798 825 826 835 837 841 852 862 884 896 908 914 925 946 956 966 988 991
923 77 150 176 182 183 226 266 357 358 401 411 430 597 621 628 630 651 676 699 728 763 765 777 780 791 820 832 844 852 857 887 931 938 942 946 951 954 955 968 969 972 980 986 996
924 173 185 298 321 327 386 404 424 438 448 489 541 557 567 576 595 631 634 649 664 666 674 683 708 734 761 774 782 791 822 835 839 842 855 859 872 890 900 941 964 985 988 989 996
925 78 204 242 247 280 307 309 340 399 433 445 455 472 555 575 578 579 588 594 629 663 690 694 725 734 739 749 785 796 799 803 852 866 871 887 895 922 927 938 939 946 955 971 995 998
926 52 200 254 299 322 361 365 375 386 421 455 474 491 567 575 605 616 624 635 663 689 695 699 709 762 805 822 835 846 848 853 854 855 864 895 909 913 915 920 938 955 963 988 991 992
927 206 239 278 284 302 362 496 521 537 550 565 597 605 639 670 694 705 709 715 729 732 738 750 759 771 788 790 798 800 803 813 842 846 883 886 904 920 925 928 930 950 952 993 996 999
928 194 241 245 263 282 295 303 342 427 454 483 484 490 526 547 566 586 606 621 630 666 674 682 739 744 765 796 800 801 803 813 852 861 891 897 902 907 916 927 930 934 936 966 994 996
929 91 125 217 264 267 272 317 326 345 347 350 351 364 397 432 447 495 502 516 552 566 568 570 583 591 611 637 715 720 753 799 826 851 852 853 867 873 878 898 901 902 905 947 955 972
930 80 144 224 305 327 359 451 505 562 568 575 609 661 683 688 690 691 705 706 714 735 793 797 809 811 816 820 827 833 860 865 876 880 888 902 907 913 927 928 932 938 964 978 984 990
931 41 125 157 182 263 307 380 381 385 409 412 426 444 458 483 484 490 532 550 626 660 662 673 714 736 747 748 749 815 816 877 878 896 900 901 907 908 923 933 943 945 968 976 982 997
932 37 225 254 265 274 276 306 385 393 421 438 443 454 486 504 530 533 571 578 607 611 621 638 706 720 744 780 803 804 833 845 859 860 869 879 887 896 898 902 904 930 951 958 978 999
933 174 213 270 323 358 452 473 518 526 532 560 576 588 634 669 697 702 725 738 761 762 766 772 789 790 800 804 818 831 855 862 866 882 886 918 921 931 964 975 976 983 987 990 993 996
934 49 116 210 286 330 334 413 440 441 497 535 540 577 594 599 600 618 653 689 703 720 736 737 747 760 787 788 792 805 827 835 836 848 865 868 874 908 915 928 956 960 965 966 968 980 991
935 47 61 215 273 276 302 317 349 358 364 373 490 542 557 563 566 593 612 630 654 676 700 704 756 769 803 804 838 848 857 867 882 890 895 911 938 959 962 965 966 980 981 989 994 997 998
936 0 95 153 221 258 294 303 305 343 353 397 401 414 425 429 433 459 473 474 523 540 542 547 556 558 570 618 649 652 671 693 698 702 703 735 749 780 803 820 833 869 876 928 938 955 957
937 58 166 217 287 302 311 314 356 403 414 415 420 443 453 455 469 500 501 553 556 568 581 609 617 618 656 674 709 717 742 744 767 774 786 796 808 818 863 868 911 919 941 948 952 970 986
938 79 87 191 197 256 308 337 342 348 352 431 482 484 519 528 598 604 653 654 676 677 697 702 704 710 722 777 802 808 823 834 841 848 860 914 918 923 925 926 930 935 936 941 958 959 962
939 3 75 142 151 225 235 273 375 406 410 455 525 527 542 554 568 573 583 612 625 631 636 648 682 707 713 724 740 748 787 818 828 856 859 876 884 899 905 910 915 919 925 944 947 977 994
940 77 104 118 185 227 238 384 477 480 493 580 586 601 616 641 645 680 697 701 712 729 755 768 788 800 801 803 809 822 837 839 842 843 844 892 895 898 918 943 958 961 962 966 967 970 989
941 18 83 111 132 218 219 259 273 276 287 291 295 303 312 339 341 343 345 442 443 457 469 515 581 596 620 651 674 715 727 732 749 777 797 804 808 819 820 847 867 924 937 938 948 951 980
942 129 189 218 255 260 272 296 332 366 383 398 445 469 480 515 518 519 535 537 571 594 596 600 653 671 691 719 733 742 743 765 768 783 812 819 832 844 855 863 881 899 911 912 923 947 973
943 58 60 99 154 224 234 252 269 332 345 347 367 422 434 463 468 475 522 545 563 564 577 588 636 705 716 738 745 774 792 817 821 879 880 884 889 890 892 931 940 945 950 954 988 992 997
944 17 38 104 286 308 316 321 354 355 369 400 434 435 465 488 512 513 559 565 600 605 640 641 690 712 717 718 724 736 748 773 818 870 878 882 887 902 914 920 939 949 952 972 982 995 998
945 102 119 121 124 171 188 341 354 392 394 409 453 517 520 565 569 573 576 623 625 665 685 713 723 731 736 747 801 817 828 833 836 847 864 878 896 902 908 931 943 951 954 967 991 993 999
946 113 115 124 261 296 304 399 413 491 536 602 614 617 662 710 734 755 784 804 805 807 812 817 831 839 840 846 854 860 864 868 881 898 901 922 923 925 952 953 954 959 961 964 972 977 978
947 96 115 122 134 160 165 170 193 212 333 374 436 481 537 580 586 587 626 636 671 685 690 727 755 778 789 816 825 851 856 858 866 884 898 899 914 916 929 939 942 966 968 978 990 994 997
948 36 103 137 199 223 280 304 312 322 333 418 453 469 480 522 534 560 581 600 602 628 650 674 708 729 732 733 742 746 768 772 813 833 835 850 868 878 897 913 914 937 941 950 960 986 992 997
949 258 384 420 430 449 461 463 465 487 503 526 529 542 576 592 606 624 629 632 659 660 681 682 685 721 729 736 754 805 816 843 844 862 871 885 886 890 891 894 903 912 914 944 950 958 969 984
950 51 102 199 207 291 333 405 412 436 450 455 467 469 512 518 557 574 590 615 623 686 689 713 715 717 746 748 790 792 810 813 825 832 834 850 864 893 900 903 927 943 948 949 962 971 984 994
951 253 255 375 404 417 460 503 512 537 542 544 545 554 563 564 571 584 599 615 677 681 688 694 698 707 723 734 749 754 778 783 788 806 839 845 864 867 892 895 923 932 941 945 965 990 991 995
952 87 131 169 192 214 236 281 293 360 436 443 475 486 491 520 544 578 597 671 680 695 711 736 767 771 799 802 806 836 840 863 871 894 897 909 927 937 944 946 958 959 961 967 969 980 982 990
953 98 108 188 216 256 259 267 280 334 351 366 369 391 399 424 431 436 462 476 483 533 569 614 701 710 745 752 784 794 804 807 810 812 817 840 849 862 868 873 886 891 895 916 946 954 993 996
954 5 53 92 261 296 304 315 332 366 395 405 424 434 514 518 523 614 623 639 651 660 710 724 727 759 769 784 804 807 812 818 823 840 842 868 898 920 923 943 945 946 953 982 984 985 995 997
955 98 133 180 188 219 275 309 373 432 464 490 502 565 587 588 599 608 627 639 644 649 663 690 710 712 734 745 759 783 793 798 818 837 884 910 913 923 925 926 929 936 965 968 973 977 978 994
956 89 215 230 233 290 306 313 325 412 419 457 469 501 503 521 536 540 543 590 658 680 686 721 737 745 759 771 786 790 800 804 807 846 878 901 913 918 922 934 960 968 969 970 983 984 991 998
957 60 198 220 243 273 300 338 340 370 407 428 442 502 513 516 520 545 546 553 601 621 634 672 674 683 716 725 729 764 765 766 777 781 786 824 842 862 894 895 904 908 936 962 971 978 996 999
958 35 55 119 143 209 242 266 269 342 352 395 418 478 504 511 535 565 596 619 627 652 711 713 768 773 793 799 827 854 867 868 873 885 897 899 920 932 938 940 949 952 963 974 980 989 991 992
959 27 74 124 264 358 448 452 519 533 539 546 548 555 557 562 574 598 602 644 676 677 690 700 704 722 736 768 769 792 828 833 838 853 863 887 891 917 935 938 946 952 968 969 970 980 993 995
960 8 68 222 250 289 309 396 408 413 416 470 509 510 517 536 573 596 622 641 644 648 664 727 734 761 762 773 783 841 845 858 871 875 877 890 893 897 898 904 909 934 948 956 983 988 991 998
961 94 104 139 190 196 260 262 278 279 321 331 391 401 419 446 497 515 573 582 597 605 618 635 658 676 693 745 754 761 769 796 807 812 820 847 858 904 940 946 952 966 967 969 973 977 978 996
962 136 215 219 236 249 331 340 467 469 471 506 507 532 534 574 593 647 664 669 671 675 682 693 706 739 768 771 775 795 806 816 834 844 875 886 892 919 935 938 940 950 957 970 974 976 993 996
963 58 133 201 207 332 368 422 461 481 488 493 496 553 555 567 571 573 599 610 623 637 647 655 658 728 741 755 760 762 774 804 810 829 842 864 865 868 875 898 903 918 926 958 970 972 981 998
964 47 83 256 259 286 294 295 302 303 320 333 339 341 414 443 469 482 498 500 522 597 616 618 622 650 674 704 719 723 746 752 753 781 800 808 820 835 889 905 917 924 930 933 946 972 986 997
965 10 49 92 95 132 178 208 237 310 335 337 394 419 424 451 470 489 534 579 609 615 622 647 657 668 671 706 750 756 778 793 796 809 819 827 856 863 866 875 887 899 934 935 951 955 981 987 991
966 117 252 264 265 336 394 415 428 462 477 482 491 492 499 533 554 569 603 607 675 679 720 740 747 755 776 810 840 884 889 899 903 906 911 920 922 928 934 935 940 947 961 972 975 976 986 988 989
967 14 35 87 130 142 166 341 350 375 403 429 450 468 485 506 513 550 574 604 616 632 679 696 718 724 727 733 761 841 844 854 858 863 866 867 872 882 890 910 913 940 945 952 961 973 976 987 992
968 26 70 82 154 253 261 287 313 319 400 402 427 432 436 472 476 491 536 540 572 583 584 653 676 685 692 701 752 791 796 798 826 835 848 875 877 882 887 899 913 923 931 934 947 955 956 959 989
969 335 346 352 396 426 451 471 478 483 492 526 539 541 549 554 557 558 569 594 632 635 670 674 677 682 685 724 748 751 758 765 788 806 815 852 856 866 909 919 923 949 952 956 959 961 973 988 999
970 14 64 73 86 140 165 243 294 320 344 374 434 445 507 508 555 575 582 584 605 674 678 715 724 752 761 774 781 813 838 861 866 876 883 895 911 919 937 940 956 959 962 963 971 975 981 984 993
971 33 57 66 109 118 121 175 195 233 259 296 318 323 335 336 355 430 447 496 605 610 617 633 658 693 738 759 767 780 783 789 800 802 805 830 837 838 844 853 877 893 904 925 950 957 970 978 999
972 56 57 60 63 79 105 163 289 301 358 365 465 514 515 590 592 597 599 620 629 633 648 658 666 670 699 716 732 738 787 791 796 805 806 807 810 815 847 886 909 923 929 944 946 963 964 966 994
973 81 172 211 216 244 252 258 295 349 431 454 472 483 485 503 511 552 570 582 595 603 610 637 654 662 690 696 700 712 730 762 773 786 858 866 893 895 896 897 912 919 942 955 961 967 969 987 988
974 33 180 221 295 333 389 431 459 470 477 503 505 513 532 539 545 579 580 601 625 654 657 662 664 673 679 696 714 719 729 749 759 764 768 805 809 819 837 850 855 881 901 904 908 913 958 962 976
975 59 116 190 275 324 329 354 373 378 381 405 464 510 525 534 548 567 576 581 590 615 644 652 672 700 707 742 743 748 752 777 799 800 819 825 842 857 875 889 894 896 910 911 914 916 933 966 970 985
976 82 108 135 197 309 331 338 342 352 365 386 395 412 427 533 536 541 576 581 583 612 622 631 653 674 762 781 790 795 799 805 824 828 842 854 857 869 874 916 931 933 962 966 967 974 980 988 989 997
977 41 55 158 188 247 280 322 334 345 348 351 377 391 411 429 437 446 452 458 561 578 621 632 657 674 683 712 728 752 753 775 778 785 795 807 811 822 830 832 833 842 901 908 939 946 955 961 981 987
978 22 143 150 182 187 217 231 273 428 433 438 447 471 475 494 496 499 505 530 534 565 596 607 615 637 698 736 764 769 776 786 789 831 845 863 884 889 902 910 930 932 946 947 955 957 961 971 989 999
979 9 28 86 94 138 147 220 346 356 398 409 412 432 464 529 559 568 580 632 675 690 719 726 740 744 756 770 776 796 836 837 842 843 846 847 850 856 865 867 879 892 902 903 905 982 988 989 993 999
980 183 235 245 321 337 362 412 432 464 521 547 566 598 601 604 630 677 699 700 704 712 722 729 731 734 769 795 809 814 828 834 838 848 854 861 868 875 880 916 923 934 935 941 952 958 959 976 981 993
981 72 140 220 241 270 326 381 397 422 423 448 504 514 557 561 566 595 598 623 630 649 650 676 681 697 704 722 723 726 733 746 774 780 784 800 801 821 828 838 878 900 903 935 963 965 970 977 980 983
982 61 151 184 260 262 278 300 338 362 371 382 390 467 491 503 530 555 583 604 616 642 653 672 676 704 728 740 742 744 758 763 777 779 788 809 855 861 863 869 871 878 894 931 944 952 954 979 985 992
983 235 279 309 315 362 368 403 423 424 439 477 487 507 526 532 549 560 568 644 645 661 664 667 672 689 699 704 706 716 717 718 723 735 740 746 793 798 809 818 860 862 871 878 896 933 956 960 981 984
984 192 204 208 210 235 315 326 376 456 484 488 489 494 505 511 523 531 537 544 549 560 617 627 646 690 691 693 712 713 717 735 759 793 802 805 827 841 845 853 863 882 930 949 950 954 956 970 983 999
985 146 156 186 195 208 248 288 336 346 383 387 416 438 486 502 504 512 527 529 538 541 558 559 568 605 617 658 731 782 785 802 805 808 819 820 825 827 831 854 859 882 888 896 924 954 975 982 987 995
986 62 103 105 139 166 239 272 273 333 339 341 363 488 500 506 527 574 579 635 656 674 679 696 702 705 721 742 744 746 751 760 775 784 804 808 809 820 831 850 858 883 903 904 914 923 937 948 964 966
987 100 159 195 279 342 357 360 367 377 401 413 450 485 570 594 603 639 642 645 663 687 699 702 745 748 763 765 766 782 787 793 795 831 839 844 870 873 876 892 896 898 905 933 965 967 973 977 985 993
988 53 155 183 219 246 284 320 359 360 363 365 371 407 409 419 440 452 467 515 516 547 579 613 638 644 647 648 657 686 709 724 749 795 797 805 806 833 895 911 915 922 924 926 943 960 966 969 973 976 979
989 194 204 274 326 336 400 403 404 454 511 530 533 552 559 569 576 641 678 692 695 696 761 767 799 803 827 833 842 851 888 899 900 902 905 915 916 919 920 924 935 940 958 966 968 976 978 979 992 997 998
990 68 84 165 167 182 232 249 321 322 334 363 391 423 425 456 546 561 562 580 607 629 640 666 698 729 732 738 768 788 791 818 824 834 846 849 855 861 865 879 893 895 897 930 933 947 951 952 991 992 996
991 64 145 205 225 312 340 395 472 474 479 491 509 609 612 628 640 653 664 672 674 676 688 691 703 717 718 726 745 782 800 834 842 848 854 875 877 880 889 908 910 922 926 934 945 951 956 958 960 965 990
992 85 101 138 206 238 249 320 350 375 381 395 402 420 486 499 503 505 513 517 528 575 603 651 715 716 729 758 766 768 799 812 821 823 840 845 855 878 900 901 904 917 926 943 948 958 967 982 989 990 996
993 84 129 202 222 225 261 285 305 370 492 510 511 582 646 669 677 680 681 701 704 712 721 747 761 764 768 773 778 820 821 829 836 842 846 858 864 866 886 888 895 927 933 945 953 959 962 970 979 980 987
994 8 166 198 257 299 310 313 322 344 349 364 397 410 414 432 440 456 465 470 488 494 508 523 550 572 574 593 605 650 663 686 735 773 776 780 797 834 847 853 856 861 874 928 935 939 947 950 955 972 999
995 17 33 44 67 163 173 182 410 438 455 487 521 532 549 554 592 614 647 662 670 677 680 694 697 700 736 739 763 769 770 773 797 799 825 830 855 871 873 879 889 892 904 910 915 925 944 951 954 959 985
996 3 123 196 243 262 319 368 384 396 516 524 540 545 591 597 627 644 660 702 712 716 725 734 760 766 781 798 809 817 832 841 846 851 855 862 876 904 909 921 923 924 927 928 933 953 957 961 962 990 992
997 21 144 195 268 333 410 424 433 437 445 468 471 487 493 518 552 585 606 625 634 661 667 670 691 706 713 740 757 775 786 817 826 827 833 836 854 859 872 889 906 931 935 943 947 948 954 964 976 989 999
998 34 76 114 136 229 264 304 305 312 361 387 392 417 455 567 576 579 584 624 626 643 663 664 676 677 683 728 731 742 747 777 798 820 841 843 855 862 871 887 902 909 916 925 935 944 956 960 963 989 999
999 174 180 201 246 268 355 375 382 393 460 477 508 517 524 569 583 592 626 643 656 688 692 723 731 739 746 786 792 799 830 845 852 859 872 889 892 898 902 927 932 945 957 969 971 978 979 984 994 997 998