131 347 448 450 520 781 902 1610 1646 1934 2092 2358 2481 2671 3289 3329 3383 3396 3712 3772 3785
1 52 96 225 236 350 366 406 462 475 535 554 558 561 605 667 735 816 822 838 1019 1091 1515 1524 1665 1865 1905 1948 1989 2001 2041 2072 2080 2135 2162 2225 2290 2450 2607 2612 2624 2729 2746 2771 2774 2808 2873 2933 3004 3022 3135 3146 3203 3205 3224 3227 3308 3404 3539 3560 3738 3792 3868 3902 3953
19 361 638 752 1013 1788 2098 2133 2167 2268 2347 2396 2480 2525 2578 2749 2987 2997 3254 3294 3303 3391 3455 3706 3713 3838
444 466 867 1379 1385 1882 2034 2093 2206 2327 2386 2589 2664 2964 3088 3434 3461 3812
82 107 148 259 278 301 381 398 468 589 658 774 795 797 817 901 1028 1032 1173 1240 1258 1281 1305 1307 1310 1312 1433 1459 1570 1656 1860 1877 1963 1966 2032 2048 2069 2081 2100 2107 2119 2130 2174 2305 2315 2356 2377 2438 2446 2537 2544 2553 2616 2622 2629 2813 2837 2860 2882 2945 2953 3065 3070 3108 3122 3315 3316 3378 3431 3473 3522 3544 3552 3585 3601 3605 3652 3689 3750 3901 3957
3 169 207 241 260 265 557 802 931 943 1093 1133 1318 1571 1835 2085 2094 2110 2191 2202 2523 3124 3150 3992
114 306 441 590 641 698 738 741 1060 1101 1197 1517 1647 1653 1660 1870 2042 2113 2781 2993 3285 3332 3387 3465 3616 3621 3899
23 333 403 493 831 996 1096 1114 1122 1231 1375 1495 1590 1655 1736 1741 1855 2141 2552 2735 2776 2976 2984 3164 3368 3688 3748 3804 3947 3988
48 284 436 439 459 485 499 515 859 894 948 1006 1027 1064 1213 1253 1518 1541 1546 1551 1552 1564 1572 1578 1645 1745 1773 1927 2103 2104 2505 2522 2602 2744 2745 2763 2783 2785 2797 2992 3023 3051 3068 3121 3142 3207 3284 3312 3484 3586 3597 3604 3737 3760 3767 3780 3815 3827 3844 3973 3976 3995
55 153 159 202 239 275 612 707 720 722 736 833 866 875 969 1015 1108 1137 1163 1187 1206 1311 1428 1430 1722 1723 1869 1938 2003 2237 2256 2263 2424 2657 2790 2794 2865 2938 2939 2983 3067 3275 3304 3355 3373 3407 3425 3478 3551 3773 3787 3833
94 222 340 684 1011 1026 1134 1144 1230 1330 1337 1470 1490 1503 1746 1830 2090 2281 2355 2502 2509 2643 2721 2723 2753 2971 3166 3488 3504 3523 3631 3806 3987
51 57 223 235 553 650 666 671 721 940 1119 1485 1496 1531 2036 2083 2105 2274 2414 2682 2877 2931 3375 3534 3700 3768 3858 3898 3950
35 144 172 174 219 432 440 454 473 778 880 947 951 1059 1132 1370 1374 1619 1800 1995 2009 2065 2125 2147 2151 2159 2212 2369 2413 2428 2430 2635 2636 2720 2759 2780 2795 2836 2974 3113 3115 3131 3177 3302 3326 3466 3479 3533 3562 3916 3925 3989 3994
99 156 182 321 566 577 711 973 1260 1465 1630 1707 1749 1872 1972 2026 2053 2059 2066 2122 2145 2410 2486 2550 2619 2623 2748 2886 2927 3133 3221 3250 3426 3698 3739 3781 3783 3791 3933 3964
56 184 286 318 360 414 628 874 913 954 1215 1250 1320 1323 1388 1422 1592 1601 1694 1876 1888 2106 2129 2318 2557 2626 2908 3043 3096 3170 3244 3299 3318 3441 3442 3471 3472 3480 3571 3634 3649 3724 3934
132 256 551 798 1009 1150 1991 2354 2562 2806
2 5 47 91 134 178 238 252 290 354 461 550 564 626 657 675 696 718 861 870 876 914 929 978 988 993 1135 1176 1224 1237 1282 1309 1410 1620 1669 1714 1715 1733 1774 2005 2063 2307 2333 2376 2422 2431 2440 2457 2475 2490 2520 2570 2585 2738 2762 2789 2807 2861 2872 2887 2937 2994 3014 3117 3141 3305 3317 3328 3363 3401 3417 3420 3449 3460 3610 3648 3679 3725 3744 3745 3756 3759 3793 3840 3860 3884 3960 3979
244 263 264 407 521 570 580 1228 1759 1826 2067 3099
6 339 455 786 1407 2406 2421 2499 2866 3025
162 335 497 669 706 985 1111 1174 1482 1525 1726 1757 1791 1864 2055 2126 2245 2516 2527 2856 2868 2941 3106 3456 3659 3813
137 449 609 734 827 983 1126 1166 1180 1184 1208 1272 1288 1290 1304 1750 1762 1868 1894 1923 2108 2149 2173 2373 2472 2497 2566 2621 2853 3246 3579 3612 3886 3912
73 92 384 569 670 759 1287 1340 1521 1728 2187 2447 2477 2727 3045 3060 3105 3666 3795 3859 3935
122 246 524 678 878 1654 1675 1834 2353 2911 2943 3330 3359
522 541 848 1140 1225 1448 1943 2267 2637 2820 3354 3358 3380
528 630 676 807 1023 1353 1585 1815 1922 1952 2280 2284 2716 3101 3400 3564 3590 3647 3821
25 193 217 233 428 513 625 970 991 1360 1491 1637 2064 2285 2304 2368 2539 2584 2878 2904 3292 3419 3856 3991
9 111 158 214 258 529 568 582 592 616 695 769 1020 1047 1259 1427 1460 1483 1499 1577 1662 1794 1823 2128 2210 2388 2531 2542 2648 2681 2815 2867 2871 2891 2917 2922 2996 3152 3159 3240 3311 3357 3414 3692 3771 3967
8 142 230 255 446 498 593 686 709 749 764 768 911 915 1040 1105 1128 1364 1545 1685 1698 1796 1817 1904 1911 2143 2229 2443 2448 2456 2535 2694 2752 2959 3077 3084 3139 3198 3200 3241 3266 3346 3399 3406 3542 3565 3598 3640 3770
75 139 197 215 326 451 537 597 636 687 748 780 882 918 1045 1061 1084 1172 1175 1303 1322 1350 1437 1512 1624 1792 1822 1960 2169 2243 2379 2573 2614 2625 2627 2630 2666 2668 2715 2734 3029 3087 3092 3215 3349 3350 3366 3470 3477 3498 3531 3536 3581 3778 3904
185 313 323 371 415 419 477 533 619 692 763 830 836 846 869 937 946 1138 1161 1165 1186 1273 1373 1400 1419 1468 1511 1625 1671 1700 1731 1814 1851 1961 2023 2091 2114 2181 2242 2287 2330 2429 2484 2493 2540 2907 2940 2995 3136 3248 3251 3265 3314 3320 3430 3432 3436 3444 3476 3623 3628 3636 3664 3855 3879
117 120 712 896 1102 1267 1522 1668 1679 2022 2259 2261 2453 2667 2801 2859 2874 2898 2948 2949 3000 3097 3313 3353 3926
29 146 248 251 344 404 427 547 1016 1044 1083 1198 1280 1425 1451 1488 1574 1579 1942 1957 2200 2348 2439 2483 2556 2757 2924 3037 3181 3199 3272 3334 3435 3538 3658 3677 3803 3818 3850 3938
391 501 862 1238 1251 1255 1475 1781 1805 2364 2755 2760
63 1057 1204 1275 1361 1390 1415 1426 1452 1462 1463 2132 2247 2784 2980 3086 3325 3412 3500 3708
584 622 921 1603 1874 1893 1895 2030 2115 2576 2772 2883 3657 3691 3709 3757 3968
39 130 209 226 271 281 332 363 465 519 673 674 682 705 743 824 826 832 837 933 945 1014 1088 1188 1233 1315 1329 1382 1589 1595 1597 1626 1650 1657 1672 1784 1797 1841 1857 1899 1907 2029 2052 2215 2298 2345 2423 2473 2513 2551 2574 2588 2634 2775 2833 2849 2958 3011 3197 3268 3281 3369 3370 3415 3423 3433 3452 3505 3567 3788 3894 3923 3974
24 27 308 438 618 873 1395 1449 2402 2536 2822 2832 3467
43 487 1344 1528 1738 1843 1901 2027 2515 3147 3411 3594 3686 3711 3776 3784 3846
31 87 291 373 629 1207 1906 1998 2389 2593 3081
205 314 429 751 756 1216 2676 2899 2966 3044
59 101 228 380 383 467 555 565 574 615 627 788 790 796 883 953 994 1007 1012 1017 1089 1130 1131 1191 1210 1229 1349 1369 1386 1420 1445 1476 1479 1506 1509 1520 1530 1748 1751 1802 1807 1856 1862 1885 1913 1984 2014 2031 2071 2078 2086 2160 2164 2179 2183 2216 2249 2296 2301 2352 2378 2458 2492 2495 2610 2679 2733 2768 2799 2843 2902 2928 3009 3062 3063 3064 3082 3172 3174 3184 3188 3204 3210 3290 3389 3402 3405 3418 3483 3487 3573 3611 3622 3684 3743 3762 3825 3915 3956
72 86 115 163 378 457 726 787 917 965 967 1062 1148 1171 1179 1266 1393 1397 1404 1439 1493 1540 1554 1686 1931 1937 2008 2038 2051 2398 2463 2465 2506 2722 2926 2999 3103 3161 3211 3245 3286 3340 3408 3528 3535 3569 3637 3697 3714 3824 3853 3922
90 434 491 912 950 1146 1840 2326 2390 2956
30 324 387 492 765 1048 1450 1457 1494 1614 1691 1758 1968 1974 2879 3145 3222 3333 3339 3543 3626 3786 3810 3837 3924 3962 3993
155 660 1106 1582 2046 2157 2332 2514 2560 2714 2894 3076 3296 3397 3494
50 108 254 341 456 654 659 856 1076 1396 1466 1695 1878 1903 2077 2244 2276 2460 2545 2604 2644 2739 2858 2969 3134 3163 3180 3276 3388 3517 3701 3774 3880 3881
15 229 234 288 1232 1513 1608 1690 1716 1747 1929 1965 2140 2370 3110 3151 3310 3446 3510
133 168 183 195 247 329 334 351 355 370 445 484 508 545 668 714 775 843 899 939 963 1073 1085 1262 1279 1286 1341 1502 1615 1643 1649 1651 1778 1816 1940 1954 2170 2176 2205 2228 2282 2310 2346 2404 2469 2547 2750 2765 2830 2876 2921 3010 3030 3050 3052 3071 3098 3123 3132 3143 3186 3293 3323 3445 3491 3547 3574 3645 3695 3703 3722 3754 3800 3822 3831 3841 3890 3895 3917
352 412 423 430 639 643 900 1049 1069 1124 1617 1873 2015 2123 2292 2306 2391 2919 3193 3309 3437 3451 3790
14 22 151 367 401 408 469 480 523 544 562 644 649 677 727 839 892 924 971 1018 1053 1167 1254 1362 1365 1391 1392 1447 1489 1659 1739 1767 1879 2156 2165 2182 2217 2265 2266 2311 2329 2375 2381 2384 2416 2579 2696 2697 2884 2942 2972 2979 3287 3364 3462 3474 3502 3563 3568 3651 3717 3741 3802 3836 3852
7 26 140 276 300 358 502 724 746 758 776 909 920 936 1164 1202 1241 1306 1316 1324 1417 1516 1534 1581 1628 1640 1699 1847 1908 1935 1985 2004 2056 2062 2153 2271 2283 2312 2339 2401 2441 2449 2501 2564 2599 2683 2693 2814 2819 2900 2909 2916 2946 2951 3018 3041 3116 3138 3238 3247 3269 3273 3279 3297 3327 3493 3549 3555 3572 3682 3779 3794 3939 3959
249 277 486 603 814 1406 1704 1939 2208 2840 2855 3209 3331
53 106 112 198 343 394 421 478 536 710 725 747 760 854 925 961 1024 1033 1078 1115 1149 1263 1297 1313 1355 1442 1444 1487 1514 1527 1543 1569 1606 1839 1917 1951 2075 2190 2219 2303 2508 2518 2575 2638 2662 3100 3112 3128 3176 3183 3514 3515 3525 3527 3613 3716 3752 3909 3914 3966 3970
224 472 887 895 1094 1192 1284 1348 1455 1612 2049 2054 2222 2234 2286 2517 2707 2851 2982 3083 3583 3867 3978
42 110 147 203 216 245 443 447 460 481 750 863 906 935 958 1123 1271 1372 1438 1594 1776 1789 1886 1941 2012 2116 2248 2299 2308 2322 2362 2425 2445 2572 2606 2912 2963 2986 3054 3217 3362 3439 3485 3638 3639 3766 3832 3999
84 149 177 312 336 365 400 476 532 635 637 640 703 716 730 803 820 891 928 966 1086 1110 1189 1205 1283 1354 1378 1399 1405 1472 1478 1535 1538 1539 1605 1696 1732 1744 1809 1891 1898 1915 1933 1955 2074 2111 2152 2163 2194 2196 2238 2319 2321 2323 2341 2400 2521 2541 2663 2677 2690 2695 2718 2737 2788 2793 2844 2889 2978 3013 3069 3078 3179 3208 3264 3307 3343 3361 3458 3503 3541 3548 3599 3673 3718 3727 3746 3753 3797 3819 3862 3871
76 143 210 273 311 319 342 410 471 548 623 661 719 723 805 986 1113 1141 1811 1930 2044 2233 2335 2524 2526 2640 2699 2826 2831 2847 2897 2905 2925 2934 2950 2977 3017 3089 3202 3212 3218 3291 3508 3537 3635 3805
325 997 1560 1725 1912 2360 2385 2454 2529 2961
10 88 89 123 196 208 294 317 490 607 621 648 651 663 690 767 777 819 960 987 1159 1201 1214 1234 1242 1276 1345 1346 1394 1403 1453 1481 1497 1563 1575 1674 1688 1710 1756 1786 1831 1861 1902 1970 1978 2006 2073 2082 2241 2252 2291 2317 2342 2361 2405 2407 2478 2538 2558 2674 2850 2962 2970 3007 3049 3058 3066 3093 3158 3162 3178 3182 3187 3252 3253 3271 3348 3385 3492 3650 3796 3854 3887 3929 3971 3977
49 58 81 128 154 257 285 295 309 375 417 418 517 527 740 791 809 888 898 905 955 962 1065 1071 1098 1109 1181 1248 1256 1289 1331 1334 1409 1454 1458 1566 1770 1832 1849 1945 1956 1999 2039 2079 2161 2175 2455 2494 2577 2724 2740 2893 3038 3040 3171 3239 3398 3413 3448 3513 3592 3609 3808 3848 3946 3961 3985
435 583 586 755 811 1536 1742 2227 2461 2803 2827
121 126 164 274 458 560 634 794 979 1025 1298 1377 1383 1562 1607 1670 1795 1812 1818 1820 1890 1892 1900 1979 2045 2277 2309 2374 2533 2618 2652 2669 2688 2773 2838 2991 2998 3015 3024 3034 3160 3230 3243 3443 3497 3558 3614 3919 3943
348 594 1037 1121 1245 1389 1648 1721 1819 1824 2226 2365 2665 3154 3482 3545 3584 3723 3941
21 118 425 479 500 849 977 984 1092 1145 1510 1926 1950 2193 2582 2710 2829 3003 3061 3157 3258 3344 3381 3392 3495
33 103 167 190 292 512 543 753 783 815 829 841 1129 1160 1212 1291 1319 1384 1611 1618 1666 1754 1875 1896 1914 2070 2150 2528 2597 2654 2659 2839 2965 2988 3035 3053 3225 3261 3300 3463 3602 3710 3755 3883
17 46 138 165 242 376 396 416 482 489 624 632 647 662 713 812 840 897 910 976 1117 1143 1155 1157 1249 1274 1317 1376 1411 1412 1464 1471 1547 1576 1583 1682 1692 1693 1720 1729 1783 1798 1848 1925 2011 2040 2102 2120 2139 2203 2411 2418 2436 2474 2498 2608 2817 2825 2857 2875 2888 2915 2957 3026 3027 3085 3104 3107 3119 3130 3173 3216 3219 3220 3259 3263 3283 3336 3342 3382 3410 3421 3429 3464 3559 3570 3577 3587 3588 3624 3674 3732 3769 3777 3842 3864
36 78 201 296 345 369 393 483 516 598 613 739 877 1200 1203 1351 1567 1616 1623 1658 1697 1701 1867 1949 1958 1973 2017 2018 2088 2127 2142 2240 2269 2512 2532 2670 2778 2869 2913 3042 3214 3394 3486 3532 3607 3693 3775 3811
20 563 642 646 737 916 1070 1299 1314 1852 2350 2366 2595 3341 3496 3644 3660 3662 3872 3903
0 54 71 97 113 116 287 310 392 402 413 505 701 744 754 789 868 871 927 1039 1264 1296 1301 1335 1387 1413 1555 1558 1591 1782 1846 1850 1916 1936 1967 1996 2024 2095 2109 2131 2166 2186 2334 2476 2500 2561 2615 2687 2728 2791 2818 2828 2989 3185 3321 3324 3371 3507 3516 3519 3521 3608 3629 3655 3678 3687 3734 3799 3870 3907 3911 3920 3952 3963
32 41 85 102 124 136 175 298 304 374 386 409 424 518 691 700 704 844 926 938 1112 1147 1226 1593 1604 1838 1854 1964 2025 2204 2275 2372 2382 2437 2489 2504 2563 2598 2600 2641 2656 2725 2743 2952 3006 3109 3191 3236 3255 3337 3356 3447 3540 3576 3618 3676 3694 3720 3817 3857 3863 3878 3948
38 98 187 262 283 330 433 453 604 708 742 850 864 904 934 956 964 998 1002 1055 1079 1125 1162 1190 1293 1321 1356 1380 1440 1467 1500 1508 1596 1613 1641 1667 1673 1687 1713 1755 1761 1780 1842 1881 1962 1980 2124 2155 2250 2338 2387 2409 2412 2467 2507 2605 2631 2650 2658 2767 2810 2892 2914 3039 3055 3059 3091 3120 3165 3206 3233 3360 3615 3625 3733 3782 3877 3927 3936 3975
4 18 44 280 349 495 572 575 576 656 664 770 952 1031 1118 1183 1211 1236 1257 1261 1325 1347 1461 1473 1529 1642 1724 1734 1764 1768 1771 1779 1825 1988 2087 2213 2289 2359 2363 2395 2444 2583 2698 2792 2885 2896 2923 3019 3126 3189 3267 3301 3379 3386 3459 3530 3589 3726 3728 3731 3742 3798 3807 3906 3940 3965 3969
68 556 823 885 1068 1169 1602 2211 2351 2686 3074
28 173 559 766 1239 1638 1680 1709 1763 1883 2020 2061 2201 2337 2706 2985 3005 3094 3424 3438 3823
166 390 506 587 828 858 1398 1434 1863 2713 3196 3213 3468 3557
64 135 211 368 514 733 1097 1703 1910 2019 2371 2452 3450
67 77 179 192 279 346 405 494 538 573 680 930 1036 1100 1107 1221 1268 1333 1429 1436 1586 1804 1828 2035 2427 2432 2435 2471 2488 2567 2568 2591 2672 2675 2704 2747 2787 2841 2881 2968 3234 3582 3632 3642 3675 3758 3845 3874 3928 3982
1003 1050 1199 1443 1519 1633 1827 1829 1871 2246 3012 3201
620 799 818 1367 1414 1498 2272 2331 2546 2565 3195 3335
79 80 93 160 188 191 206 212 267 268 302 353 372 399 510 611 614 772 852 903 980 981 1001 1158 1177 1178 1278 1352 1526 1565 1629 1644 1702 1730 1765 1880 1897 1924 1932 1983 1987 1993 2050 2076 2096 2137 2188 2223 2328 2419 2459 2543 2554 2571 2601 2646 2680 2702 2709 2719 2769 2770 2804 2906 2981 3057 3072 3372 3374 3454 3501 3526 3600 3665 3667 3669 3696 3704 3814 3861 3986
579 595 617 784 1030 1217 1501 1587 1631 1634 1821 1977 1997 2084 2121 2209 2609 2692 2967 3125 3129 3591 3646 3702 3740 3820 3839
104 221 364 571 688 745 804 1220 1424 1928 1969 2218 2293 2294 2408 2596 2834 2944 2973 3390
40 213 272 411 546 702 757 879 959 1127 1185 1246 1292 1339 1456 1573 1920 2047 2273 2479 2651 2960 3111 3278 3384 3730 3828
157 180 297 299 388 578 731 785 801 853 860 982 1004 1087 1154 1308 1327 1416 1446 1486 1507 1523 1639 1664 1753 1772 1853 1866 1982 2000 2028 2118 2192 2198 2224 2231 2232 2297 2336 2349 2485 2642 2731 2732 2796 2935 2990 3090 3153 3156 3192 3260 3351 3395 3512 3524 3554 3596 3606 3729 3736 3789 3826 3830 3843 3990
11 65 74 328 338 382 385 496 591 683 717 779 1042 1051 1072 1103 1104 1435 1480 1684 1743 1944 1975 2099 2185 2195 2253 2279 2300 2590 2592 2821 2848 3047 3080 3295 3306 3347 3457 3580 3593 3603 3873 3896
37 61 194 199 305 509 539 542 549 835 890 907 908 932 1054 1081 1244 1357 1401 1553 1557 1584 1719 1810 2060 2089 2117 2138 2184 2392 2496 2510 2611 2613 2632 2678 2711 2741 2805 2811 2816 2845 3028 3075 3194 3237 3469 3490 3561 3656 3680 3681 3683 3809 3876 3897
66 95 141 452 530 567 588 782 792 834 942 975 995 1066 1095 1136 1156 1222 1285 1402 1408 1532 1627 1712 1790 1836 1889 1976 1986 2101 2112 2177 2199 2367 2380 2399 2451 2511 2534 2701 2742 2903 3319 3453 3630 3663 3707 3866 3869 3932 3944 3945
83 181 189 232 282 303 315 362 442 585 596 652 681 697 729 762 813 825 886 944 992 1074 1120 1265 1300 1363 1366 1381 1418 1421 1706 1740 1752 1884 1918 1992 2136 2178 2221 2254 2258 2316 2403 2433 2464 2519 2580 2647 2660 2712 2726 2754 2777 2779 2823 2842 2890 2920 2929 2975 3155 3169 3235 3262 3575 3721 3835 3908 3913 3942 3981
602 655 679 990 1043 1678 1777 2230 2278 2809 2812 2864 3021 3144 3148 3416 3654 3885 3910
171 316 395 422 426 923 1338 1368 1550 2180 2798 3118 3546 3690
610 1000 1010 1599 1609 1677 1946 2756 3079 3149 3167 3280
45 218 220 250 266 377 420 464 531 552 606 608 665 689 694 771 855 881 974 999 1035 1046 1052 1063 1067 1151 1170 1209 1227 1235 1469 1717 1785 1803 1844 2010 2016 2021 2068 2097 2154 2158 2168 2171 2172 2220 2251 2255 2262 2320 2415 2417 2503 2581 2617 2628 2633 2649 2700 2782 2910 2936 3001 3046 3140 3270 3352 3422 3475 3556 3595 3619 3699 3735 3747 3765 3829 3834 3851 3983
331 631 653 1080 1683 1808 1833 2058 2393 2549 2736
601 761 1034 1766 2257 2324 2854 3031 3190 3249 3367 3440
13 60 69 322 379 470 793 806 1219 1302 1484 1598 1735 1760 1921 2270 2295 2420 2559 2691 2705 2717 3048 3102 3226 3231 3242 3566 3847 3888 3996
16 359 800 808 941 1193 1243 1635 1663 1887 1994 2214 2594 3393 3427 3984 3998
12 100 109 119 127 186 227 231 237 243 289 307 320 357 397 431 503 504 511 526 540 599 633 693 699 728 732 847 851 893 919 957 968 972 989 1005 1008 1029 1077 1082 1090 1099 1168 1326 1342 1359 1505 1568 1600 1636 1652 1681 1737 1799 1806 1858 1909 2002 2033 2043 2057 2134 2302 2462 2468 2530 2639 2673 2786 2846 2863 2901 2954 3002 3016 3032 3056 3095 3137 3223 3229 3232 3257 3282 3338 3409 3428 3509 3627 3633 3653 3661 3705 3749 3761 3801 3893 3931 3937
62 125 150 474 645 842 845 949 1139 1247 1269 1277 1343 1423 1492 1559 1588 1813 1845 1859 2007 2148 2207 2235 2314 2344 2466 2689 2708 2862 3114 3288 3322 3403 3529 3643 3670 3672 3751 3849 3921 3949 3955 3997
152 161 507 1196 1336 1477 1947 1971 2144 2343 2587 2870 3127 3228 3256
253 337 437 773 1075 1116 1182 1195 1218 1223 1252 1621 1718 1953 2340 2653 2800 2852 2947 3073 3274 3578 3685 3715 3865 3972
70 129 170 176 204 261 269 389 525 534 600 672 685 715 821 857 922 1038 1041 1056 1058 1142 1152 1194 1270 1294 1295 1358 1432 1441 1504 1537 1542 1544 1549 1556 1561 1622 1632 1676 1705 1711 1727 1769 1837 1919 1990 2037 2146 2189 2197 2236 2239 2260 2288 2313 2325 2357 2383 2434 2442 2482 2487 2491 2569 2586 2661 2684 2703 2730 2766 2880 2918 2955 3020 3345 3365 3376 3377 3489 3499 3518 3550 3620 3668 3719 3764 3816 3875 3882 3891 3918 3930 3954 3958
34 145 200 240 270 293 463 872 884 889 1022 1153 1328 1371 1474 1533 1548 1580 1708 1787 1793 2264 2394 2397 2470 2555 2620 2645 2655 2751 2764 2802 2930 2932 3033 3175 3277 3298 3481 3506 3511 3553 3617 3671 3889 3892 3900
105 327 581 810 865 1021 1332 1431 1689 1801 2013 2426 2548 2603 2761 2895 3036 3520 3641 3763 3905 3951 3980
356 488 1661 1775 1959 1981 2685 2758 2824 2835 3008 3168
