0 64
1 42
2 9
3 19
4 63
5 77
6 54
7 63
8 68
9 28
10 5
11 30
12 70
13 12
14 41
15 22
16 53
17 4
18 19
19 42
20 62
21 16
22 68
23 83
24 6
25 40
26 4
27 67
28 4
29 37
30 72
31 68
32 4
33 19
34 19
35 53
36 75
37 20
38 46
39 22
40 40
41 64
42 57
43 52
44 68
45 57
46 41
47 34
48 33
49 37
50 65
51 52
52 37
53 48
54 51
55 69
56 65
57 19
58 71
59 6
60 80
61 30
62 73
63 39
64 14
65 25
66 15
67 67
68 19
69 71
70 57
71 77
72 12
73 68
74 60
75 30
76 55
77 30
78 75
79 19
80 81
81 12
82 77
83 42
84 34
85 67
86 49
87 18
88 71
89 60
90 9
91 13
92 34
93 72
94 41
95 41
96 77
97 71
98 54
99 17
100 21
101 59
102 80
103 30
104 43
105 69
106 57
107 36
108 22
109 19
110 15
111 41
112 18
113 47
114 12
115 19
116 79
117 3
118 4
119 66
120 34
121 66
122 3
123 53
124 34
125 68
126 5
127 49
128 42
129 84
130 1
131 34
132 60
133 64
134 19
135 64
136 26
137 29
138 72
139 64
140 48
141 71
142 80
143 63
144 70
145 4
146 37
147 21
148 71
149 68
150 15
151 15
152 5
153 7
154 64
155 46
156 82
157 15
158 52
159 49
160 78
161 49
162 4
163 25
164 28
165 15
166 51
167 1
168 34
169 3
170 42
171 80
172 22
173 75
174 47
175 79
176 18
177 62
178 25
179 80
180 75
181 59
182 80
183 33
184 63
185 42
186 15
187 63
188 52
189 6
190 60
191 61
192 63
193 42
194 75
195 4
196 23
197 33
198 70
199 7
200 7
201 69
202 41
203 69
204 58
205 34
206 33
207 48
208 42
209 64
210 6
211 25
212 3
213 74
214 52
215 75
216 69
217 48
218 76
219 72
220 63
221 27
222 2
223 82
224 66
225 64
226 68
227 11
228 3
229 83
230 74
231 25
232 22
233 4
234 49
235 52
236 30
237 4
238 54
239 7
240 26
241 70
242 30
243 19
244 48
245 19
246 6
247 29
248 11
249 1
250 30
251 65
252 4
253 34
254 9
255 75
256 64
257 16
258 64
259 4
260 60
261 9
262 68
263 15
264 14
265 73
266 80
267 23
268 5
269 4
270 8
271 5
272 18
273 71
274 80
275 62
276 50
277 71
278 3
279 50
280 73
281 32
282 80
283 2
284 70
285 41
286 9
287 48
288 6
289 38
290 3
291 34
292 71
293 22
294 61
295 43
296 4
297 68
298 42
299 80
300 52
301 75
302 80
303 9
304 80
305 63
306 65
307 60
308 83
309 22
310 80
311 62
312 57
313 17
314 41
315 1
316 68
317 12
318 48
319 57
320 60
321 79
322 37
323 24
324 71
325 51
326 15
327 30
328 7
329 4
330 40
331 68
332 25
333 45
334 70
335 52
336 54
337 35
338 41
339 57
340 10
341 69
342 71
343 41
344 5
345 80
346 19
347 69
348 4
349 12
350 64
351 43
352 55
353 62
354 23
355 42
356 42
357 50
358 82
359 39
360 11
361 26
362 15
363 15
364 6
365 19
366 80
367 60
368 23
369 64
370 55
371 40
372 40
373 28
374 58
375 53
376 12
377 72
378 5
379 11
380 71
381 22
382 12
383 4
384 42
385 4
386 1
387 66
388 82
389 45
390 33
391 49
392 70
393 27
394 65
395 10
396 41
397 4
398 15
399 70
400 6
401 70
402 43
403 30
404 27
405 31
406 66
407 41
408 15
409 12
410 60
411 60
412 16
413 11
414 22
415 33
416 1
417 57
418 19
419 69
420 70
421 4
422 41
423 80
424 80
425 52
426 42
427 52
428 70
429 51
430 37
431 43
432 3
433 56
434 56
435 77
436 60
437 64
438 52
439 4
440 66
441 56
442 80
443 11
444 80
445 60
446 68
447 41
448 60
449 4
450 10
451 41
452 28
453 36
454 37
455 60
456 16
457 56
458 40
459 71
460 22
461 71
462 19
463 65
464 62
465 41
466 52
467 5
468 60
469 73
470 25
471 41
472 75
473 36
474 19
475 32
476 22
477 4
478 70
479 80
480 32
481 68
482 33
483 43
484 43
485 80
486 41
487 78
488 42
489 43
490 15
491 28
492 67
493 83
494 55
495 4
496 69
497 34
498 21
499 3
500 82
501 33
502 83
503 62
504 71
505 19
506 9
507 15
508 83
509 51
510 10
511 4
512 33
513 65
514 22
515 5
516 57
517 67
518 42
519 25
520 27
521 34
522 71
523 42
524 49
525 67
526 84
527 52
528 42
529 49
530 6
531 33
532 56
533 23
534 19
535 48
536 69
537 33
538 34
539 12
540 60
541 11
542 54
543 41
544 20
545 5
546 64
547 63
548 49
549 11
550 69
551 8
552 18
553 23
554 68
555 41
556 28
557 49
558 49
559 55
560 9
561 69
562 48
563 23
564 26
565 4
566 75
567 49
568 67
569 34
570 10
571 74
572 81
573 80
574 53
575 34
576 63
577 31
578 66
579 70
580 35
581 54
582 41
583 63
584 70
585 43
586 5
587 27
588 2
589 26
590 38
591 53
592 69
593 78
594 63
595 8
596 34
597 24
598 72
599 70
600 71
601 10
602 10
603 46
604 43
605 46
606 34
607 60
608 70
609 33
610 57
611 58
612 71
613 25
614 48
615 37
616 17
617 5
618 82
619 43
620 77
621 23
622 3
623 26
624 41
625 12
626 83
627 4
628 4
629 9
630 37
631 60
632 33
633 66
634 9
635 34
636 53
637 60
638 82
639 50
640 80
641 40
642 72
643 28
644 49
645 49
646 4
647 1
648 72
649 47
650 46
651 83
652 64
653 58
654 72
655 19
656 25
657 52
658 61
659 48
660 60
661 71
662 63
663 56
664 1
665 9
666 31
667 16
668 65
669 42
670 70
671 68
672 13
673 9
674 41
675 82
676 24
677 5
678 37
679 60
680 35
681 70
682 49
683 22
684 14
685 30
686 77
687 17
688 12
689 70
690 41
691 24
692 80
693 22
694 11
695 41
696 68
697 12
698 14
699 23
700 34
701 3
702 46
703 56
704 70
705 12
706 66
707 7
708 80
709 20
710 2
711 44
712 77
713 30
714 70
715 13
716 64
717 32
718 49
719 28
720 28
721 73
722 65
723 73
724 34
725 22
726 50
727 4
728 31
729 60
730 7
731 56
732 34
733 5
734 70
735 63
736 60
737 41
738 19
739 64
740 43
741 67
742 22
743 12
744 19
745 71
746 80
747 81
748 7
749 34
750 34
751 45
752 4
753 80
754 63
755 52
756 80
757 33
758 19
759 41
760 56
761 19
762 75
763 74
764 68
765 32
766 36
767 41
768 63
769 19
770 6
771 62
772 53
773 19
774 75
775 5
776 41
777 46
778 68
779 15
780 2
781 37
782 19
783 3
784 26
785 49
786 6
787 68
788 63
789 65
790 63
791 70
792 65
793 34
794 17
795 4
796 30
797 10
798 60
799 23
800 4
801 28
802 4
803 10
804 38
805 58
806 69
807 22
808 38
809 32
810 60
811 68
812 69
813 66
814 60
815 42
816 22
817 70
818 1
819 53
820 19
821 48
822 37
823 28
824 64
825 30
826 6
827 72
828 82
829 42
830 1
831 84
832 3
833 11
834 11
835 13
836 4
837 82
838 25
839 2
840 11
841 41
842 28
843 22
844 1
845 15
846 71
847 67
848 60
849 34
850 19
851 21
852 82
853 9
854 69
855 48
856 1
857 64
858 22
859 60
860 60
861 15
862 59
863 13
864 30
865 55
866 41
867 42
868 4
869 67
870 45
871 75
872 63
873 12
874 48
875 22
876 60
877 84
878 15
879 51
880 68
881 41
882 84
883 21
884 60
885 49
886 69
887 25
888 63
889 68
890 66
891 84
892 17
893 33
894 72
895 64
896 43
897 36
898 48
899 15
900 3
901 69
902 12
903 42
904 70
905 34
906 69
907 74
908 57
909 15
910 25
911 77
912 72
913 40
914 49
915 8
916 59
917 51
918 65
919 25
920 63
921 49
922 46
923 60
924 84
925 27
926 71
927 70
928 64
929 4
930 19
931 23
932 74
933 48
934 65
935 27
936 69
937 4
938 14
939 82
940 55
941 66
942 60
943 80
944 58
945 19
946 30
947 41
948 12
949 69
950 5
951 82
952 23
953 61
954 42
955 15
956 16
957 20
958 15
959 66
960 80
961 75
962 71
963 10
964 15
965 27
966 81
967 48
968 41
969 80
970 41
971 34
972 40
973 34
974 19
975 34
976 55
977 33
978 13
979 43
980 76
981 46
982 42
983 55
984 56
985 70
986 64
987 11
988 4
989 26
990 82
991 28
992 69
993 49
994 69
995 29
996 77
997 64
998 84
999 65
1000 70
1001 22
1002 62
1003 49
1004 68
1005 59
1006 4
1007 48
1008 38
1009 4
1010 4
1011 11
1012 56
1013 37
1014 68
1015 49
1016 42
1017 48
1018 52
1019 11
1020 64
1021 30
1022 9
1023 6
1024 81
1025 57
1026 24
1027 60
1028 41
1029 72
1030 48
1031 23
1032 27
1033 41
1034 45
1035 83
1036 1
1037 30
1038 69
1039 39
1040 33
1041 76
1042 69
1043 37
1044 32
1045 62
1046 13
1047 22
1048 77
1049 27
1050 61
1051 52
1052 77
1053 15
1054 13
1055 14
1056 10
1057 28
1058 9
1059 11
1060 49
1061 49
1062 37
1063 84
1064 41
1065 21
1066 56
1067 60
1068 13
1069 72
1070 37
1071 75
1072 11
1073 15
1074 15
1075 19
1076 25
1077 42
1078 3
1079 65
1080 62
1081 28
1082 78
1083 60
1084 84
1085 78
1086 31
1087 49
1088 68
1089 59
1090 44
1091 67
1092 49
1093 57
1094 35
1095 12
1096 39
1097 15
1098 34
1099 43
1100 15
1101 22
1102 11
1103 49
1104 22
1105 77
1106 34
1107 62
1108 80
1109 49
1110 82
1111 29
1112 83
1113 3
1114 9
1115 43
1116 19
1117 35
1118 73
1119 13
1120 38
1121 56
1122 16
1123 80
1124 80
1125 28
1126 3
1127 66
1128 12
1129 68
1130 46
1131 33
1132 33
1133 29
1134 9
1135 63
1136 28
1137 80
1138 70
1139 71
1140 51
1141 46
1142 80
1143 4
1144 63
1145 69
1146 60
1147 48
1148 77
1149 60
1150 77
1151 13
1152 25
1153 6
1154 84
1155 68
1156 63
1157 28
1158 70
1159 80
1160 48
1161 46
1162 67
1163 64
1164 41
1165 6
1166 68
1167 31
1168 82
1169 63
1170 19
1171 12
1172 50
1173 9
1174 30
1175 40
1176 60
1177 64
1178 26
1179 60
1180 84
1181 80
1182 55
1183 71
1184 65
1185 80
1186 56
1187 52
1188 4
1189 71
1190 1
1191 4
1192 78
1193 19
1194 16
1195 57
1196 8
1197 77
1198 77
1199 10
1200 76
1201 20
1202 6
1203 5
1204 67
1205 42
1206 70
1207 12
1208 39
1209 71
1210 71
1211 14
1212 22
1213 63
1214 80
1215 49
1216 27
1217 40
1218 7
1219 28
1220 63
1221 52
1222 41
1223 84
1224 4
1225 64
1226 70
1227 10
1228 7
1229 25
1230 15
1231 52
1232 61
1233 22
1234 17
1235 68
1236 2
1237 63
1238 9
1239 82
1240 22
1241 12
1242 49
1243 55
1244 52
1245 46
1246 34
1247 69
1248 41
1249 15
1250 65
1251 47
1252 4
1253 64
1254 64
1255 22
1256 4
1257 12
1258 41
1259 8
1260 65
1261 28
1262 60
1263 65
1264 70
1265 55
1266 56
1267 37
1268 61
1269 12
1270 41
1271 6
1272 48
1273 1
1274 65
1275 68
1276 41
1277 6
1278 55
1279 37
1280 49
1281 68
1282 48
1283 40
1284 42
1285 4
1286 82
1287 22
1288 12
1289 12
1290 65
1291 60
1292 5
1293 32
1294 41
1295 56
1296 6
1297 61
1298 30
1299 34
1300 41
1301 84
1302 64
1303 84
1304 60
1305 41
1306 71
1307 14
1308 77
1309 41
1310 51
1311 31
1312 69
1313 12
1314 29
1315 84
1316 71
1317 49
1318 6
1319 38
1320 39
1321 15
1322 51
1323 19
1324 54
1325 40
1326 71
1327 5
1328 28
1329 52
1330 52
1331 20
1332 12
1333 6
1334 19
1335 65
1336 28
1337 68
1338 42
1339 65
1340 6
1341 37
1342 52
1343 60
1344 75
1345 30
1346 60
1347 25
1348 77
1349 71
1350 20
1351 7
1352 62
1353 38
1354 15
1355 70
1356 79
1357 3
1358 12
1359 56
1360 79
1361 31
1362 28
1363 33
1364 19
1365 68
1366 56
1367 59
1368 3
1369 15
1370 14
1371 57
1372 34
1373 56
1374 3
1375 49
1376 42
1377 34
1378 37
1379 25
1380 22
1381 51
1382 30
1383 22
1384 68
1385 20
1386 1
1387 68
1388 83
1389 41
1390 80
1391 12
1392 9
1393 64
1394 24
1395 14
1396 52
1397 33
1398 38
1399 54
1400 73
1401 41
1402 12
1403 12
1404 4
1405 25
1406 12
1407 34
1408 52
1409 62
1410 78
1411 56
1412 35
1413 39
1414 60
1415 12
1416 70
1417 55
1418 31
1419 37
1420 54
1421 49
1422 44
1423 45
1424 41
1425 67
1426 69
1427 48
1428 82
1429 22
1430 70
1431 68
1432 70
1433 76
1434 51
1435 65
1436 37
1437 7
1438 72
1439 3
1440 13
1441 23
1442 69
1443 70
1444 49
1445 46
1446 66
1447 56
1448 15
1449 47
1450 56
1451 8
1452 15
1453 40
1454 19
1455 33
1456 56
1457 30
1458 1
1459 21
1460 82
1461 70
1462 84
1463 41
1464 25
1465 34
1466 7
1467 60
1468 84
1469 67
1470 21
1471 38
1472 68
1473 34
1474 41
1475 5
1476 1
1477 42
1478 1
1479 22
1480 54
1481 62
1482 33
1483 72
1484 16
1485 69
1486 58
1487 41
1488 34
1489 65
1490 37
1491 5
1492 49
1493 84
1494 34
1495 26
1496 56
1497 3
1498 10
1499 49
1500 64
1501 75
1502 65
1503 49
1504 70
1505 51
1506 43
1507 42
1508 15
1509 3
1510 4
1511 78
1512 9
1513 27
1514 80
1515 64
1516 4
1517 60
1518 2
1519 19
1520 12
1521 42
1522 5
1523 25
1524 37
1525 41
1526 63
1527 24
1528 33
1529 63
1530 15
1531 69
1532 68
1533 34
1534 15
1535 51
1536 83
1537 72
1538 50
1539 56
1540 72
1541 33
1542 79
1543 27
1544 20
1545 15
1546 72
1547 60
1548 6
1549 76
1550 40
1551 70
1552 43
1553 36
1554 64
1555 52
1556 80
1557 8
1558 25
1559 35
1560 1
1561 28
1562 77
1563 79
1564 80
1565 25
1566 14
1567 48
1568 15
1569 46
1570 67
1571 62
1572 51
1573 70
1574 29
1575 68
1576 75
1577 63
1578 42
1579 65
1580 34
1581 44
1582 75
1583 13
1584 70
1585 39
1586 8
1587 63
1588 69
1589 65
1590 12
1591 67
1592 45
1593 63
1594 28
1595 42
1596 15
1597 71
1598 82
1599 4
1600 68
1601 1
1602 42
1603 34
1604 37
1605 4
1606 48
1607 66
1608 12
1609 60
1610 22
1611 25
1612 11
1613 25
1614 56
1615 58
1616 3
1617 56
1618 56
1619 64
1620 80
1621 77
1622 69
1623 17
1624 34
1625 19
1626 25
1627 48
1628 67
1629 52
1630 62
1631 80
1632 84
1633 62
1634 68
1635 80
1636 41
1637 28
1638 2
1639 39
1640 67
1641 36
1642 3
1643 71
1644 14
1645 19
1646 4
1647 56
1648 51
1649 42
1650 49
1651 23
1652 69
1653 19
1654 80
1655 11
1656 11
1657 60
1658 11
1659 70
1660 7
1661 74
1662 64
1663 19
1664 51
1665 6
1666 38
1667 3
1668 80
1669 82
1670 37
1671 52
1672 80
1673 71
1674 71
1675 78
1676 52
1677 4
1678 60
1679 65
1680 49
1681 43
1682 43
1683 56
1684 4
1685 73
1686 77
1687 69
1688 22
1689 56
1690 81
1691 65
1692 65
1693 53
1694 15
1695 63
1696 37
1697 77
1698 70
1699 71
1700 19
1701 67
1702 63
1703 76
1704 63
1705 23
1706 30
1707 45
1708 30
1709 1
1710 83
1711 34
1712 28
1713 9
1714 1
1715 19
1716 48
1717 43
1718 48
1719 70
1720 6
1721 84
1722 49
1723 44
1724 62
1725 56
1726 62
1727 70
1728 63
1729 27
1730 12
1731 11
1732 77
1733 4
1734 29
1735 80
1736 72
1737 79
1738 33
1739 66
1740 30
1741 45
1742 69
1743 56
1744 44
1745 49
1746 31
1747 69
1748 35
1749 41
1750 70
1751 30
1752 69
1753 74
1754 15
1755 5
1756 80
1757 12
1758 56
1759 79
1760 8
1761 72
1762 9
1763 74
1764 14
1765 41
1766 63
1767 52
1768 44
1769 42
1770 15
1771 41
1772 59
1773 3
1774 53
1775 37
1776 51
1777 74
1778 19
1779 70
1780 77
1781 74
1782 24
1783 37
1784 28
1785 22
1786 15
1787 77
1788 81
1789 21
1790 41
1791 19
1792 22
1793 26
1794 30
1795 80
1796 15
1797 41
1798 78
1799 39
1800 60
1801 63
1802 70
1803 60
1804 64
1805 63
1806 74
1807 11
1808 68
1809 61
1810 13
1811 52
1812 42
1813 52
1814 18
1815 63
1816 78
1817 50
1818 19
1819 19
1820 7
1821 35
1822 11
1823 7
1824 40
1825 33
1826 13
1827 63
1828 37
1829 13
1830 70
1831 49
1832 63
1833 15
1834 18
1835 19
1836 41
1837 42
1838 41
1839 48
1840 77
1841 49
1842 37
1843 60
1844 1
1845 44
1846 63
1847 19
1848 41
1849 77
1850 11
1851 66
1852 12
1853 22
1854 70
1855 49
1856 57
1857 56
1858 77
1859 4
1860 23
1861 33
1862 10
1863 3
1864 60
1865 80
1866 7
1867 32
1868 25
1869 78
1870 27
1871 28
1872 52
1873 63
1874 65
1875 14
1876 3
1877 81
1878 2
1879 40
1880 37
1881 13
1882 6
1883 14
1884 80
1885 56
1886 1
1887 27
1888 12
1889 69
1890 63
1891 44
1892 49
1893 69
1894 79
1895 19
1896 5
1897 68
1898 80
1899 56
1900 15
1901 18
1902 40
1903 28
1904 82
1905 56
1906 27
1907 37
1908 65
1909 80
1910 4
1911 33
1912 80
1913 29
1914 62
1915 37
1916 1
1917 30
1918 34
1919 9
1920 23
1921 83
1922 10
1923 76
1924 51
1925 4
1926 14
1927 80
1928 14
1929 56
1930 2
1931 11
1932 14
1933 68
1934 80
1935 60
1936 15
1937 60
1938 12
1939 15
1940 80
1941 10
1942 19
1943 71
1944 81
1945 39
1946 69
1947 57
1948 68
1949 9
1950 9
1951 12
1952 33
1953 27
1954 12
1955 69
1956 34
1957 9
1958 21
1959 73
1960 37
1961 67
1962 25
1963 50
1964 13
1965 45
1966 65
1967 75
1968 15
1969 41
1970 63
1971 49
1972 14
1973 14
1974 7
1975 20
1976 1
1977 46
1978 34
1979 5
1980 70
1981 9
1982 19
1983 25
1984 11
1985 60
1986 57
1987 36
1988 23
1989 64
1990 52
1991 4
1992 42
1993 1
1994 19
1995 82
1996 12
1997 4
1998 56
1999 18
2000 51
2001 23
2002 64
2003 51
2004 49
2005 1
2006 52
2007 25
2008 66
2009 48
2010 32
2011 7
2012 37
2013 42
2014 70
2015 80
2016 69
2017 17
2018 4
2019 49
2020 52
2021 22
2022 69
2023 12
2024 71
2025 1
2026 48
2027 57
2028 84
2029 62
2030 19
2031 65
2032 60
2033 56
2034 84
2035 84
2036 29
2037 4
2038 33
2039 55
2040 19
2041 43
2042 33
2043 41
2044 66
2045 50
2046 45
2047 4
2048 69
2049 6
2050 32
2051 71
2052 71
2053 56
2054 19
2055 3
2056 60
2057 48
2058 27
2059 70
2060 40
2061 34
2062 41
2063 65
2064 41
2065 36
2066 62
2067 17
2068 19
2069 29
2070 6
2071 50
2072 68
2073 13
2074 15
2075 56
2076 15
2077 57
2078 49
2079 63
2080 65
2081 34
2082 64
2083 5
2084 19
2085 70
2086 6
2087 68
2088 81
2089 1
2090 71
2091 24
2092 76
2093 1
2094 7
2095 68
2096 72
2097 64
2098 9
2099 53
2100 66
2101 37
2102 30
2103 71
2104 30
2105 34
2106 4
2107 42
2108 34
2109 48
2110 28
2111 54
2112 49
2113 13
2114 11
2115 70
2116 12
2117 81
2118 70
2119 14
2120 47
2121 15
2122 8
2123 9
2124 35
2125 22
2126 41
2127 40
2128 62
2129 12
2130 65
2131 47
2132 12
2133 48
2134 80
2135 56
2136 26
2137 11
2138 56
2139 59
2140 33
2141 35
2142 3
2143 22
2144 71
2145 48
2146 22
2147 70
2148 69
2149 67
2150 37
2151 17
2152 65
2153 43
2154 83
2155 5
2156 71
2157 67
2158 49
2159 25
2160 34
2161 19
2162 55
2163 4
2164 11
2165 17
2166 72
2167 71
2168 30
2169 49
2170 62
2171 33
2172 65
2173 27
2174 9
2175 67
2176 33
2177 82
2178 7
2179 42
2180 52
2181 66
2182 33
2183 69
2184 70
2185 60
2186 69
2187 28
2188 4
2189 15
2190 34
2191 80
2192 80
2193 17
2194 41
2195 68
2196 70
2197 65
2198 13
2199 39
2200 55
2201 84
2202 68
2203 4
2204 47
2205 16
2206 67
2207 76
2208 44
2209 66
2210 63
2211 3
2212 65
2213 82
2214 22
2215 68
2216 35
2217 15
2218 51
2219 34
2220 71
2221 1
2222 15
2223 82
2224 19
2225 65
2226 64
2227 19
2228 12
2229 41
2230 70
2231 69
2232 57
2233 66
2234 66
2235 33
2236 47
2237 48
2238 36
2239 4
2240 70
2241 50
2242 34
2243 16
2244 6
2245 40
2246 80
2247 4
2248 47
2249 30
2250 51
2251 9
2252 21
2253 63
2254 15
2255 59
2256 68
2257 83
2258 23
2259 66
2260 28
2261 64
2262 15
2263 29
2264 68
2265 24
2266 83
2267 33
2268 63
2269 50
2270 52
2271 3
2272 49
2273 34
2274 67
2275 62
2276 70
2277 4
2278 64
2279 65
2280 41
2281 68
2282 72
2283 19
2284 71
2285 56
2286 13
2287 34
2288 48
2289 14
2290 70
2291 81
2292 40
2293 28
2294 10
2295 36
2296 82
2297 84
2298 71
2299 52
2300 64
2301 18
2302 58
2303 22
2304 56
2305 69
2306 4
2307 19
2308 60
2309 40
2310 40
2311 52
2312 56
2313 68
2314 60
2315 5
2316 19
2317 41
2318 43
2319 43
2320 64
2321 9
2322 41
2323 9
2324 60
2325 4
2326 25
2327 19
2328 60
2329 69
2330 84
2331 48
2332 63
2333 16
2334 19
2335 37
2336 58
2337 9
2338 48
2339 80
2340 83
2341 22
2342 14
2343 58
2344 78
2345 75
2346 29
2347 65
2348 37
2349 23
2350 73
2351 60
2352 3
2353 69
2354 84
2355 41
2356 23
2357 47
2358 56
2359 69
2360 29
2361 12
2362 21
2363 22
2364 68
2365 11
2366 70
2367 51
2368 26
2369 34
2370 52
2371 41
2372 69
2373 28
2374 42
2375 64
2376 32
2377 48
2378 30
2379 78
2380 84
2381 58
2382 40
2383 1
2384 48
2385 42
2386 71
2387 82
2388 4
2389 13
2390 80
2391 34
2392 38
2393 64
2394 30
2395 41
2396 58
2397 80
2398 61
2399 15
2400 17
2401 43
2402 37
2403 64
2404 75
2405 60
2406 15
2407 56
2408 78
2409 21
2410 61
2411 48
2412 22
2413 65
2414 30
2415 70
2416 13
2417 12
2418 12
2419 1
2420 28
2421 64
2422 64
2423 56
2424 4
2425 48
2426 3
2427 41
2428 78
2429 64
2430 30
2431 64
2432 7
2433 71
2434 69
2435 12
2436 7
2437 69
2438 48
2439 68
2440 13
2441 63
2442 6
2443 30
2444 71
2445 60
2446 56
2447 71
2448 80
2449 14
2450 60
2451 56
2452 82
2453 33
2454 65
2455 41
2456 70
2457 56
2458 40
2459 80
2460 11
2461 80
2462 13
2463 21
2464 4
2465 70
2466 49
2467 55
2468 62
2469 69
2470 16
2471 63
2472 56
2473 43
2474 51
2475 21
2476 30
2477 19
2478 37
2479 41
2480 72
2481 15
2482 9
2483 10
2484 71
2485 70
2486 80
2487 6
2488 82
2489 6
2490 10
2491 57
2492 80
2493 34
2494 12
2495 71
2496 80
2497 64
2498 5
2499 74
2500 81
2501 77
2502 48
2503 83
2504 9
2505 29
2506 37
2507 56
2508 49
2509 63
2510 1
2511 35
2512 71
2513 27
2514 26
2515 60
2516 29
2517 27
2518 4
2519 9
2520 77
2521 28
2522 66
2523 3
2524 19
2525 34
2526 21
2527 21
2528 41
2529 10
2530 28
2531 69
2532 4
2533 34
2534 33
2535 41
2536 5
2537 12
2538 4
2539 19
2540 68
2541 82
2542 6
2543 14
2544 63
2545 46
2546 43
2547 64
2548 34
2549 67
2550 69
2551 65
2552 48
2553 34
2554 29
2555 84
2556 68
2557 70
2558 69
2559 36
2560 68
2561 34
2562 80
2563 57
2564 34
2565 5
2566 22
2567 23
2568 34
2569 75
2570 74
2571 8
2572 41
2573 19
2574 77
2575 69
2576 80
2577 30
2578 69
2579 28
2580 1
2581 62
2582 61
2583 19
2584 4
2585 68
2586 70
2587 48
2588 32
2589 42
2590 69
2591 14
2592 28
2593 81
2594 72
2595 70
2596 4
2597 21
2598 63
2599 10
2600 78
2601 70
2602 71
2603 41
2604 42
2605 80
2606 41
2607 71
2608 60
2609 49
2610 70
2611 64
2612 41
2613 3
2614 83
2615 42
2616 15
2617 41
2618 77
2619 5
2620 56
2621 48
2622 43
2623 64
2624 32
2625 3
2626 56
2627 14
2628 64
2629 52
2630 77
2631 67
2632 6
2633 4
2634 6
2635 41
2636 3
2637 69
2638 25
2639 28
2640 56
2641 56
2642 82
2643 13
2644 49
2645 41
2646 56
2647 64
2648 23
2649 29
2650 68
2651 72
2652 65
2653 84
2654 80
2655 63
2656 49
2657 15
2658 68
2659 67
2660 41
2661 34
2662 41
2663 28
2664 27
2665 84
2666 25
2667 69
2668 64
2669 34
2670 27
2671 56
2672 1
2673 23
2674 52
2675 65
2676 30
2677 7
2678 12
2679 67
2680 80
2681 72
2682 25
2683 78
2684 64
2685 14
2686 5
2687 56
2688 63
2689 56
2690 12
2691 23
2692 30
2693 11
2694 22
2695 61
2696 48
2697 42
2698 77
2699 30
2700 75
2701 78
2702 69
2703 19
2704 72
2705 37
2706 9
2707 1
2708 30
2709 66
2710 60
2711 65
2712 41
2713 66
2714 34
2715 57
2716 42
2717 43
2718 61
2719 68
2720 22
2721 33
2722 5
2723 41
2724 29
2725 37
2726 70
2727 19
2728 80
2729 52
2730 70
2731 7
2732 62
2733 63
2734 64
2735 22
2736 1
2737 68
2738 5
2739 19
2740 22
2741 10
2742 28
2743 63
2744 8
2745 15
2746 29
2747 29
2748 25
2749 6
2750 69
2751 81
2752 60
2753 69
2754 84
2755 7
2756 37
2757 30
2758 60
2759 80
2760 83
2761 15
2762 60
2763 29
2764 25
2765 80
2766 8
2767 84
2768 34
2769 58
2770 42
2771 75
2772 68
2773 30
2774 75
2775 12
2776 80
2777 30
2778 41
2779 42
2780 65
2781 22
2782 63
2783 41
2784 77
2785 41
2786 69
2787 35
2788 69
2789 8
2790 34
2791 10
2792 62
2793 46
2794 15
2795 4
2796 80
2797 19
2798 55
2799 19
2800 42
2801 4
2802 64
2803 80
2804 75
2805 57
2806 21
2807 64
2808 63
2809 64
2810 27
2811 69
2812 56
2813 80
2814 19
2815 80
2816 66
2817 55
2818 4
2819 70
2820 19
2821 22
2822 14
2823 7
2824 63
2825 10
2826 56
2827 1
2828 77
2829 52
2830 52
2831 75
2832 62
2833 17
2834 11
2835 4
2836 12
2837 80
2838 64
2839 70
2840 83
2841 41
2842 37
2843 63
2844 51
2845 19
2846 22
2847 42
2848 77
2849 70
2850 63
2851 60
2852 6
2853 22
2854 65
2855 70
2856 48
2857 6
2858 43
2859 11
2860 71
2861 77
2862 42
2863 27
2864 80
2865 30
2866 55
2867 3
2868 56
2869 4
2870 71
2871 34
2872 28
2873 62
2874 6
2875 19
2876 1
2877 51
2878 35
2879 27
2880 71
2881 42
2882 7
2883 37
2884 10
2885 4
2886 57
2887 22
2888 80
2889 49
2890 26
2891 55
2892 66
2893 68
2894 3
2895 19
2896 49
2897 80
2898 11
2899 68
2900 10
2901 28
2902 68
2903 33
2904 63
2905 11
2906 19
2907 28
2908 26
2909 49
2910 51
2911 62
2912 43
2913 13
2914 70
2915 15
2916 14
2917 4
2918 35
2919 23
2920 49
2921 64
2922 70
2923 40
2924 62
2925 70
2926 4
2927 57
2928 57
2929 37
2930 15
2931 83
2932 6
2933 12
2934 25
2935 17
2936 22
2937 43
2938 40
2939 69
2940 22
2941 34
2942 60
2943 68
2944 52
2945 28
2946 22
2947 11
2948 63
2949 1
2950 37
2951 66
2952 9
2953 11
2954 13
2955 69
2956 82
2957 70
2958 9
2959 19
2960 72
2961 25
2962 10
2963 22
2964 11
2965 78
2966 8
2967 64
2968 67
2969 56
2970 42
2971 5
2972 22
2973 7
2974 4
2975 67
2976 69
2977 49
2978 60
2979 19
2980 11
2981 46
2982 10
2983 72
2984 56
2985 15
2986 30
2987 37
2988 62
2989 37
2990 70
2991 52
2992 65
2993 64
2994 42
2995 5
2996 35
2997 19
2998 5
2999 4
