0 4
1 4
2 4
3 0
4 0
5 4
6 4
7 4
8 4
9 2
10 2
11 4
12 1
13 1
14 3
15 1
16 3
17 1
18 3
19 3
20 5
21 5
22 4
23 4
24 4
25 4
26 1
27 1
28 1
29 2
30 2
31 2
32 2
33 1
34 3
35 3
36 3
37 3
38 2
39 2
40 2
41 2
42 2
43 3
44 1
45 2
46 2
47 2
48 2
49 2
50 1
51 2
52 2
53 2
54 4
55 5
56 5
57 1
58 0
59 5
60 3
61 3
62 5
63 2
64 5
65 5
66 3
67 1
68 1
69 4
70 4
71 5
72 5
73 5
74 5
75 4
76 5
77 2
78 2
79 4
80 4
81 4
82 1
83 1
84 2
85 2
86 1
87 1
88 4
89 4
90 1
91 3
92 1
93 0
94 1
95 5
96 4
97 2
98 2
99 2
100 2
101 2
102 3
103 3
104 5
105 1
106 0
107 0
108 0
109 0
110 0
111 4
112 4
113 0
114 4
115 4
116 4
117 0
118 0
119 4
120 4
121 4
122 4
123 3
124 3
125 3
126 3
127 3
128 3
129 2
130 2
131 1
132 2
133 2
134 2
135 2
136 2
137 3
138 3
139 5
140 2
141 2
142 5
143 5
144 5
145 3
146 5
147 2
148 2
149 2
150 2
151 2
152 2
153 2
154 2
155 3
156 1
157 2
158 2
159 2
160 2
161 2
162 2
163 3
164 1
165 1
166 1
167 1
168 2
169 2
170 2
171 2
172 2
173 2
174 2
175 2
176 2
177 2
178 2
179 5
180 3
181 0
182 0
183 0
184 0
185 0
186 0
187 0
188 0
189 0
190 2
191 2
192 2
193 1
194 2
195 1
196 2
197 2
198 2
199 2
200 2
201 2
202 2
203 3
204 3
205 2
206 2
207 3
208 2
209 5
210 2
211 3
212 3
213 3
214 2
215 1
216 1
217 1
218 0
219 2
220 0
221 3
222 3
223 2
224 2
225 3
226 3
227 3
228 3
229 1
230 4
231 2
232 3
233 3
234 2
235 2
236 2
237 2
238 2
239 2
240 3
241 2
242 4
243 2
244 2
245 2
246 2
247 1
248 1
249 1
250 4
251 4
252 4
253 2
254 2
255 2
256 3
257 2
258 2
259 1
260 1
261 1
262 1
263 1
264 1
265 1
266 1
267 1
268 1
269 1
270 1
271 4
272 4
273 2
274 2
275 1
276 2
277 1
278 2
279 0
280 0
281 1
282 1
283 1
284 1
285 1
286 2
287 1
288 1
289 2
290 3
291 1
292 2
293 2
294 0
295 0
296 3
297 1
298 1
299 1
300 1
301 1
302 1
303 1
304 1
305 1
306 4
307 4
308 4
309 3
310 3
311 0
312 4
313 4
314 3
315 3
316 2
317 2
318 2
319 2
320 4
321 1
322 2
323 2
324 1
325 1
326 1
327 1
328 1
329 2
330 4
331 4
332 4
333 4
334 5
335 4
336 3
337 2
338 2
339 2
340 3
341 3
342 1
343 1
344 1
345 1
346 1
347 1
348 1
349 2
350 2
351 3
352 1
353 1
354 1
355 1
356 1
357 1
358 1
359 1
360 1
361 3
362 3
363 3
364 0
365 3
366 3
367 3
368 3
369 5
370 1
371 1
372 1
373 1
374 1
375 1
376 3
377 1
378 4
379 2
380 2
381 3
382 1
383 1
384 1
385 1
386 4
387 3
388 3
389 3
390 3
391 3
392 3
393 3
394 3
395 3
396 3
397 3
398 3
399 2
400 2
401 2
402 1
403 4
404 0
405 3
406 3
407 2
408 2
409 2
410 2
411 2
412 1
413 1
414 1
415 1
416 1
417 1
418 2
419 2
420 2
421 2
422 4
423 4
424 2
425 2
426 2
427 4
428 4
429 4
430 2
431 2
432 1
433 1
434 4
435 0
436 1
437 1
438 1
439 1
440 1
441 1
442 1
443 3
444 2
445 1
446 0
447 0
448 0
449 4
450 4
451 4
452 4
453 4
454 4
455 4
456 4
457 4
458 4
459 0
460 0
461 2
462 4
463 4
464 4
465 1
466 5
467 2
468 2
469 3
470 3
471 2
472 3
473 3
474 0
475 3
476 2
477 3
478 3
479 3
480 3
481 2
482 2
483 2
484 2
485 2
486 4
487 4
488 4
489 3
490 4
491 4
492 4
493 2
494 1
495 2
496 2
497 2
498 2
499 2
500 2
501 2
502 1
503 1
504 1
505 1
506 1
507 2
508 2
509 0
510 2
511 0
512 0
513 2
514 2
515 2
516 2
517 2
518 2
519 3
520 3
521 4
522 1
523 4
524 0
525 1
526 1
527 3
528 2
529 2
530 1
531 1
532 1
533 1
534 1
535 1
536 1
537 1
538 1
539 0
540 2
541 0
542 0
543 3
544 0
545 1
546 2
547 5
548 2
549 2
550 2
551 2
552 2
553 2
554 3
555 3
556 3
557 2
558 1
559 5
560 1
561 1
562 2
563 2
564 2
565 2
566 1
567 0
568 0
569 0
570 3
571 3
572 2
573 0
574 0
575 3
576 0
577 0
578 1
579 3
580 5
581 2
582 2
583 0
584 1
585 3
586 1
587 1
588 2
589 4
590 0
591 0
592 0
593 4
594 4
595 1
596 1
597 1
598 1
599 1
600 5
601 0
602 2
603 2
604 2
605 2
606 3
607 0
608 4
609 4
610 2
611 2
612 4
613 4
614 4
615 3
616 4
617 4
618 4
619 3
620 3
621 3
622 0
623 1
624 3
625 3
626 3
627 3
628 1
629 1
630 2
631 2
632 5
633 5
634 3
635 3
636 5
637 5
638 1
639 1
640 3
641 1
642 2
643 2
644 2
645 2
646 2
647 2
648 2
649 2
650 2
651 2
652 2
653 2
654 2
655 2
656 1
657 0
658 0
659 0
660 4
661 4
662 4
663 4
664 2
665 2
666 2
667 1
668 1
669 3
670 3
671 3
672 3
673 5
674 2
675 1
676 5
677 2
678 2
679 3
680 3
681 2
682 3
683 1
684 1
685 2
686 1
687 1
688 1
689 0
690 0
691 0
692 0
693 5
694 5
695 3
696 1
697 1
698 1
699 1
700 1
701 1
702 2
703 1
704 4
705 5
706 3
707 5
708 4
709 4
710 4
711 2
712 2
713 3
714 1
715 1
716 3
717 4
718 1
719 1
720 2
721 2
722 3
723 3
724 1
725 2
726 1
727 3
728 2
729 1
730 1
731 3
732 2
733 2
734 2
735 2
736 3
737 3
738 3
739 3
740 3
741 1
742 2
743 2
744 2
745 3
746 3
747 3
748 0
749 0
750 2
751 5
752 4
753 1
754 0
755 0
756 0
757 0
758 0
759 2
760 2
761 1
762 3
763 1
764 1
765 1
766 1
767 4
768 0
769 4
770 5
771 5
772 0
773 0
774 0
775 0
776 2
777 2
778 2
779 5
780 3
781 2
782 2
783 2
784 2
785 2
786 0
787 0
788 5
789 3
790 0
791 4
792 4
793 4
794 1
795 1
796 5
797 1
798 2
799 1
800 1
801 4
802 4
803 0
804 0
805 4
806 4
807 2
808 5
809 0
810 0
811 5
812 5
813 3
814 3
815 2
816 4
817 4
818 1
819 2
820 4
821 0
822 4
823 4
824 1
825 3
826 2
827 1
828 3
829 5
830 2
831 1
832 0
833 5
834 5
835 4
836 4
837 1
838 0
839 3
840 1
841 1
842 5
843 1
844 1
845 0
846 0
847 1
848 0
849 1
850 0
851 0
852 0
853 0
854 0
855 5
856 3
857 2
858 2
859 2
860 3
861 3
862 3
863 3
864 3
865 3
866 3
867 0
868 0
869 5
870 3
871 1
872 1
873 1
874 3
875 2
876 3
877 3
878 3
879 1
880 1
881 5
882 1
883 2
884 4
885 4
886 2
887 1
888 2
889 4
890 4
891 0
892 0
893 3
894 3
895 5
896 1
897 4
898 1
899 1
900 2
901 2
902 2
903 3
904 3
905 2
906 3
907 3
908 3
909 4
910 4
911 2
912 2
913 1
914 2
915 2
916 1
917 1
918 1
919 4
920 4
921 4
922 1
923 1
924 1
925 1
926 3
927 3
928 3
929 3
930 5
931 2
932 3
933 3
934 2
935 3
936 3
937 1
938 1
939 3
940 3
941 0
942 0
943 1
944 1
945 1
946 1
947 3
948 1
949 5
950 3
951 4
952 3
953 4
954 5
955 1
956 1
957 1
958 1
959 1
960 1
961 1
962 1
963 1
964 1
965 4
966 1
967 0
968 4
969 4
970 0
971 0
972 4
973 4
974 0
975 0
976 0
977 0
978 0
979 0
980 2
981 5
982 4
983 4
984 5
985 2
986 2
987 4
988 4
989 5
990 5
991 0
992 4
993 4
994 4
995 4
996 4
997 4
998 4
999 2
1000 2
1001 5
1002 5
1003 3
1004 1
1005 3
1006 3
1007 3
1008 3
1009 3
1010 3
1011 5
1012 4
1013 4
1014 3
1015 3
1016 3
1017 4
1018 4
1019 4
1020 0
1021 0
1022 4
1023 5
1024 4
1025 4
1026 1
1027 1
1028 2
1029 2
1030 2
1031 5
1032 1
1033 2
1034 4
1035 4
1036 4
1037 4
1038 1
1039 1
1040 4
1041 4
1042 4
1043 4
1044 4
1045 4
1046 1
1047 1
1048 1
1049 1
1050 1
1051 3
1052 3
1053 1
1054 1
1055 3
1056 5
1057 5
1058 5
1059 1
1060 1
1061 0
1062 1
1063 2
1064 2
1065 2
1066 3
1067 3
1068 5
1069 2
1070 1
1071 2
1072 2
1073 5
1074 2
1075 4
1076 3
1077 1
1078 3
1079 5
1080 0
1081 0
1082 3
1083 5
1084 3
1085 3
1086 4
1087 1
1088 1
1089 1
1090 1
1091 1
1092 1
1093 1
1094 1
1095 1
1096 0
1097 0
1098 0
1099 5
1100 0
1101 0
1102 5
1103 2
1104 4
1105 2
1106 5
1107 3
1108 3
1109 1
1110 1
1111 3
1112 1
1113 4
1114 4
1115 4
1116 3
1117 3
1118 3
1119 3
1120 5
1121 3
1122 3
1123 1
1124 3
1125 1
1126 1
1127 2
1128 5
1129 5
1130 5
1131 5
1132 5
1133 5
1134 5
1135 2
1136 2
1137 3
1138 3
1139 2
1140 1
1141 1
1142 1
1143 1
1144 3
1145 1
1146 1
1147 3
1148 2
1149 5
1150 2
1151 4
1152 3
1153 2
1154 2
1155 1
1156 2
1157 4
1158 4
1159 4
1160 5
1161 5
1162 5
1163 5
1164 5
1165 2
1166 3
1167 3
1168 1
1169 3
1170 2
1171 5
1172 5
1173 4
1174 4
1175 1
1176 1
1177 1
1178 1
1179 1
1180 1
1181 1
1182 1
1183 1
1184 1
1185 0
1186 0
1187 0
1188 1
1189 1
1190 0
1191 0
1192 0
1193 0
1194 0
1195 0
1196 4
1197 5
1198 1
1199 1
1200 1
1201 1
1202 1
1203 1
1204 1
1205 1
1206 1
1207 1
1208 1
1209 1
1210 1
1211 5
1212 5
1213 5
1214 4
1215 4
1216 5
1217 4
1218 3
1219 3
1220 1
1221 2
1222 1
1223 4
1224 4
1225 4
1226 0
1227 4
1228 1
1229 2
1230 2
1231 2
1232 5
1233 4
1234 2
1235 2
1236 2
1237 0
1238 2
1239 2
1240 4
1241 3
1242 5
1243 1
1244 1
1245 1
1246 3
1247 1
1248 2
1249 1
1250 1
1251 0
1252 0
1253 0
1254 5
1255 3
1256 0
1257 0
1258 2
1259 2
1260 2
1261 0
1262 0
1263 2
1264 2
1265 1
1266 1
1267 1
1268 1
1269 1
1270 2
1271 1
1272 2
1273 2
1274 3
1275 3
1276 3
1277 3
1278 3
1279 3
1280 3
1281 3
1282 3
1283 3
1284 3
1285 3
1286 3
1287 3
1288 3
1289 3
1290 3
1291 3
1292 3
1293 3
1294 3
1295 3
1296 3
1297 3
1298 2
1299 2
1300 2
1301 3
1302 2
1303 2
1304 2
1305 4
1306 4
1307 4
1308 1
1309 1
1310 5
1311 1
1312 1
1313 2
1314 2
1315 2
1316 1
1317 1
1318 1
1319 5
1320 1
1321 4
1322 4
1323 4
1324 4
1325 4
1326 4
1327 4
1328 4
1329 2
1330 1
1331 2
1332 2
1333 1
1334 2
1335 2
1336 0
1337 0
1338 0
1339 4
1340 0
1341 1
1342 4
1343 0
1344 4
1345 4
1346 4
1347 0
1348 0
1349 4
1350 2
1351 2
1352 0
1353 0
1354 0
1355 0
1356 4
1357 4
1358 1
1359 1
1360 1
1361 1
1362 1
1363 2
1364 2
1365 4
1366 4
1367 2
1368 2
1369 5
1370 3
1371 3
1372 3
1373 5
1374 2
1375 1
1376 2
1377 2
1378 5
1379 5
1380 4
1381 4
1382 4
1383 5
1384 5
1385 4
1386 2
1387 1
1388 0
1389 0
1390 1
1391 4
1392 0
1393 0
1394 0
1395 0
1396 5
1397 2
1398 2
1399 4
1400 3
1401 4
1402 0
1403 0
1404 0
1405 3
1406 4
1407 0
1408 4
1409 3
1410 5
1411 5
1412 5
1413 5
1414 1
1415 1
1416 2
1417 0
1418 4
1419 0
1420 3
1421 3
1422 0
1423 0
1424 0
1425 0
1426 0
1427 2
1428 5
1429 2
1430 1
1431 1
1432 3
1433 2
1434 5
1435 5
1436 1
1437 0
1438 2
1439 0
1440 2
1441 4
1442 1
1443 1
1444 2
1445 2
1446 0
1447 0
1448 0
1449 1
1450 1
1451 4
1452 3
1453 0
1454 2
1455 0
1456 0
1457 0
1458 3
1459 1
1460 5
1461 5
1462 1
1463 0
1464 3
1465 0
1466 1
1467 1
1468 0
1469 0
1470 4
1471 4
1472 4
1473 2
1474 2
1475 4
1476 2
1477 4
1478 0
1479 0
1480 1
1481 1
1482 1
1483 1
1484 4
1485 0
1486 0
1487 2
1488 4
1489 2
1490 2
1491 2
1492 2
1493 2
1494 2
1495 2
1496 2
1497 2
1498 0
1499 0
1500 1
1501 2
1502 2
1503 2
1504 4
1505 4
1506 2
1507 1
1508 1
1509 1
1510 1
1511 1
1512 1
1513 1
1514 1
1515 1
1516 1
1517 1
1518 1
1519 1
1520 1
1521 1
1522 1
1523 1
1524 2
1525 5
1526 5
1527 5
1528 0
1529 0
1530 4
1531 4
1532 3
1533 3
1534 1
1535 2
1536 0
1537 0
1538 2
1539 3
1540 2
1541 3
1542 2
1543 3
1544 3
1545 2
1546 1
1547 1
1548 2
1549 1
1550 2
1551 4
1552 1
1553 1
1554 1
1555 4
1556 2
1557 2
1558 3
1559 2
1560 2
1561 3
1562 3
1563 2
1564 2
1565 2
1566 2
1567 2
1568 4
1569 2
1570 2
1571 2
1572 2
1573 1
1574 0
1575 3
1576 5
1577 3
1578 0
1579 0
1580 4
1581 3
1582 4
1583 2
1584 2
1585 3
1586 3
1587 4
1588 1
1589 3
1590 5
1591 3
1592 4
1593 4
1594 4
1595 4
1596 4
1597 2
1598 2
1599 4
1600 4
1601 4
1602 4
1603 4
1604 5
1605 0
1606 4
1607 0
1608 4
1609 4
1610 4
1611 4
1612 4
1613 4
1614 1
1615 4
1616 4
1617 1
1618 1
1619 1
1620 1
1621 1
1622 1
1623 1
1624 1
1625 1
1626 1
1627 1
1628 1
1629 1
1630 1
1631 1
1632 1
1633 1
1634 1
1635 1
1636 2
1637 1
1638 1
1639 1
1640 1
1641 1
1642 1
1643 1
1644 1
1645 2
1646 1
1647 1
1648 1
1649 1
1650 1
1651 1
1652 1
1653 2
1654 1
1655 1
1656 1
1657 1
1658 3
1659 5
1660 4
1661 4
1662 5
1663 0
1664 2
1665 2
1666 2
1667 0
1668 2
1669 3
1670 3
1671 4
1672 4
1673 4
1674 4
1675 4
1676 4
1677 5
1678 3
1679 2
1680 2
1681 2
1682 1
1683 4
1684 3
1685 0
1686 0
1687 4
1688 4
1689 4
1690 4
1691 4
1692 4
1693 0
1694 0
1695 0
1696 3
1697 3
1698 0
1699 1
1700 1
1701 4
1702 4
1703 4
1704 4
1705 4
1706 4
1707 1
1708 1
1709 1
1710 1
1711 2
1712 1
1713 2
1714 2
1715 2
1716 2
1717 2
1718 3
1719 3
1720 5
1721 5
1722 1
1723 3
1724 3
1725 3
1726 3
1727 3
1728 3
1729 3
1730 5
1731 1
1732 1
1733 1
1734 3
1735 3
1736 5
1737 3
1738 3
1739 3
1740 0
1741 0
1742 0
1743 4
1744 4
1745 4
1746 4
1747 4
1748 3
1749 3
1750 3
1751 1
1752 1
1753 1
1754 1
1755 1
1756 1
1757 2
1758 2
1759 2
1760 2
1761 2
1762 3
1763 1
1764 3
1765 3
1766 2
1767 2
1768 1
1769 1
1770 2
1771 2
1772 5
1773 5
1774 2
1775 2
1776 1
1777 2
1778 2
1779 2
1780 2
1781 2
1782 1
1783 1
1784 1
1785 1
1786 1
1787 1
1788 3
1789 3
1790 4
1791 3
1792 3
1793 0
1794 2
1795 2
1796 2
1797 2
1798 1
1799 1
1800 2
1801 1
1802 0
1803 2
1804 2
1805 2
1806 4
1807 4
1808 1
1809 3
1810 1
1811 0
1812 0
1813 0
1814 0
1815 0
1816 0
1817 1
1818 1
1819 1
1820 2
1821 2
1822 2
1823 2
1824 3
1825 3
1826 1
1827 2
1828 3
1829 2
1830 0
1831 0
1832 0
1833 1
1834 0
1835 0
1836 3
1837 4
1838 1
1839 1
1840 2
1841 2
1842 4
1843 1
1844 1
1845 2
1846 2
1847 2
1848 2
1849 1
1850 0
1851 2
1852 2
1853 2
1854 3
1855 3
1856 3
1857 3
1858 1
1859 1
1860 4
1861 4
1862 4
1863 4
1864 1
1865 1
1866 1
1867 2
1868 5
1869 3
1870 5
1871 2
1872 2
1873 2
1874 2
1875 2
1876 4
1877 4
1878 4
1879 1
1880 4
1881 4
1882 4
1883 4
1884 3
1885 4
1886 4
1887 4
1888 4
1889 3
1890 4
1891 4
1892 4
1893 2
1894 2
1895 3
1896 3
1897 5
1898 3
1899 3
1900 3
1901 3
1902 1
1903 2
1904 4
1905 0
1906 1
1907 4
1908 4
1909 4
1910 4
1911 4
1912 4
1913 4
1914 4
1915 4
1916 4
1917 4
1918 1
1919 4
1920 4
1921 3
1922 5
1923 2
1924 2
1925 3
1926 2
1927 3
1928 2
1929 1
1930 3
1931 4
1932 3
1933 4
1934 3
1935 3
1936 0
1937 3
1938 3
1939 4
1940 4
1941 4
1942 4
1943 1
1944 4
1945 4
1946 5
1947 4
1948 0
1949 5
1950 5
1951 0
1952 0
1953 2
1954 2
1955 2
1956 4
1957 0
1958 0
1959 4
1960 1
1961 1
1962 1
1963 1
1964 1
1965 0
1966 0
1967 4
1968 4
1969 0
1970 0
1971 1
1972 1
1973 3
1974 3
1975 3
1976 1
1977 1
1978 2
1979 2
1980 2
1981 1
1982 4
1983 1
1984 5
1985 2
1986 2
1987 2
1988 2
1989 1
1990 5
1991 2
1992 4
1993 2
1994 2
1995 5
1996 4
1997 5
1998 0
1999 4
2000 4
2001 4
2002 3
2003 1
2004 1
2005 4
2006 2
2007 2
2008 2
2009 2
2010 2
2011 2
2012 1
2013 0
2014 0
2015 0
2016 0
2017 0
2018 1
2019 0
2020 0
2021 3
2022 3
2023 2
2024 2
2025 1
2026 2
2027 2
2028 2
2029 2
2030 0
2031 0
2032 3
2033 0
2034 1
2035 1
2036 1
2037 4
2038 2
2039 4
2040 4
2041 2
2042 2
2043 0
2044 0
2045 2
2046 2
2047 2
2048 3
2049 3
2050 0
2051 0
2052 0
2053 5
2054 0
2055 0
2056 0
2057 0
2058 0
2059 0
2060 4
2061 4
2062 1
2063 0
2064 0
2065 2
2066 5
2067 1
2068 1
2069 1
2070 2
2071 3
2072 2
2073 2
2074 2
2075 3
2076 5
2077 3
2078 3
2079 5
2080 5
2081 5
2082 2
2083 5
2084 2
2085 0
2086 2
2087 3
2088 3
2089 3
2090 3
2091 1
2092 1
2093 1
2094 1
2095 1
2096 2
2097 3
2098 1
2099 1
2100 1
2101 0
2102 3
2103 1
2104 1
2105 2
2106 2
2107 1
2108 3
2109 3
2110 4
2111 4
2112 4
2113 4
2114 3
2115 4
2116 4
2117 4
2118 3
2119 5
2120 1
2121 0
2122 3
2123 3
2124 1
2125 1
2126 1
2127 1
2128 2
2129 0
2130 3
2131 0
2132 1
2133 5
2134 0
2135 4
2136 3
2137 5
2138 3
2139 1
2140 1
2141 1
2142 0
2143 1
2144 3
2145 3
2146 0
2147 0
2148 0
2149 4
2150 5
2151 4
2152 0
2153 0
2154 0
2155 0
2156 0
2157 4
2158 4
2159 1
2160 3
2161 3
2162 4
2163 4
2164 3
2165 3
2166 4
2167 0
2168 0
2169 3
2170 0
2171 0
2172 0
2173 2
2174 4
2175 3
2176 3
2177 1
2178 0
2179 0
2180 5
2181 3
2182 5
2183 0
2184 0
2185 3
2186 3
2187 2
2188 3
2189 4
2190 4
2191 4
2192 2
2193 0
2194 0
2195 3
2196 3
2197 5
2198 5
2199 3
2200 3
2201 2
2202 3
2203 5
2204 4
2205 5
2206 5
2207 5
2208 5
2209 5
2210 1
2211 5
2212 4
2213 4
2214 2
2215 5
2216 4
2217 4
2218 1
2219 1
2220 4
2221 5
2222 5
2223 2
2224 4
2225 1
2226 1
2227 4
2228 4
2229 1
2230 0
2231 2
2232 2
2233 0
2234 3
2235 3
2236 2
2237 3
2238 4
2239 0
2240 0
2241 0
2242 0
2243 1
2244 1
2245 2
2246 2
2247 2
2248 0
2249 0
2250 2
2251 0
2252 0
2253 0
2254 0
2255 0
2256 0
2257 2
2258 2
2259 2
2260 2
2261 0
2262 0
2263 0
2264 2
2265 2
2266 2
2267 2
2268 2
2269 2
2270 1
2271 4
2272 4
2273 4
2274 4
2275 5
2276 3
2277 0
2278 3
2279 3
2280 0
2281 1
2282 1
2283 1
2284 1
2285 4
2286 1
2287 1
2288 0
2289 0
2290 0
2291 0
2292 0
2293 4
2294 3
2295 3
2296 4
2297 4
2298 4
2299 4
2300 5
2301 5
2302 3
2303 3
2304 3
2305 2
2306 4
2307 4
2308 4
2309 4
2310 3
2311 3
2312 3
2313 4
2314 2
2315 4
2316 1
2317 3
2318 3
2319 3
2320 0
2321 0
2322 0
2323 3
2324 3
2325 5
2326 3
2327 2
2328 2
2329 2
2330 2
2331 2
2332 3
2333 3
2334 3
2335 2
2336 2
2337 2
2338 4
2339 4
2340 4
2341 4
2342 4
2343 4
2344 4
2345 4
2346 4
2347 4
2348 5
2349 1
2350 1
2351 1
2352 1
2353 4
2354 4
2355 4
2356 1
2357 1
2358 4
2359 3
2360 0
2361 0
2362 0
2363 0
2364 1
2365 5
2366 3
2367 3
2368 0
2369 0
2370 0
2371 2
2372 1
2373 1
2374 1
2375 5
2376 5
2377 1
2378 1
2379 1
2380 1
2381 4
2382 4
2383 4
2384 5
2385 3
2386 3
2387 1
2388 0
2389 0
2390 2
2391 0
2392 0
2393 2
2394 2
2395 2
2396 2
2397 2
2398 4
2399 4
2400 0
2401 3
2402 3
2403 3
2404 3
2405 1
2406 1
2407 0
2408 4
2409 4
2410 4
2411 2
2412 2
2413 4
2414 4
2415 4
2416 4
2417 4
2418 4
2419 0
2420 4
2421 4
2422 4
2423 4
2424 0
2425 0
2426 0
2427 4
2428 3
2429 0
2430 0
2431 3
2432 0
2433 0
2434 0
2435 0
2436 1
2437 3
2438 3
2439 3
2440 4
2441 1
2442 1
2443 2
2444 1
2445 1
2446 1
2447 1
2448 1
2449 5
2450 4
2451 0
2452 4
2453 0
2454 3
2455 3
2456 3
2457 2
2458 4
2459 0
2460 0
2461 0
2462 2
2463 1
2464 1
2465 4
2466 4
2467 4
2468 2
2469 2
2470 4
2471 2
2472 2
2473 4
2474 4
2475 4
2476 0
2477 2
2478 2
2479 3
2480 2
2481 1
2482 1
2483 1
2484 3
2485 3
2486 0
2487 0
2488 3
2489 3
2490 1
2491 3
2492 0
2493 4
2494 4
2495 4
2496 4
2497 1
2498 1
2499 3
2500 2
2501 3
2502 4
2503 4
2504 3
2505 0
2506 3
2507 3
2508 3
2509 3
2510 3
2511 5
2512 3
2513 5
2514 1
2515 1
2516 0
2517 3
2518 5
2519 5
2520 0
2521 0
2522 0
2523 0
2524 5
2525 1
2526 1
2527 1
2528 1
2529 5
2530 3
2531 3
2532 3
2533 5
2534 3
2535 5
2536 3
2537 1
2538 3
2539 3
2540 3
2541 3
2542 0
2543 0
2544 4
2545 0
2546 3
2547 3
2548 3
2549 3
2550 2
2551 2
2552 1
2553 1
2554 2
2555 2
2556 2
2557 4
2558 4
2559 1
2560 2
2561 2
2562 2
2563 3
2564 1
2565 0
2566 3
2567 5
2568 3
2569 3
2570 3
2571 3
2572 2
2573 2
2574 1
2575 1
2576 2
2577 2
2578 2
2579 2
2580 0
2581 1
2582 1
2583 2
2584 3
2585 3
2586 3
2587 2
2588 2
2589 2
2590 2
2591 2
2592 2
2593 2
2594 2
2595 2
2596 1
2597 2
2598 0
2599 0
2600 0
2601 1
2602 5
2603 4
2604 0
2605 0
2606 3
2607 2
2608 1
2609 0
2610 0
2611 0
2612 0
2613 0
2614 0
2615 0
2616 2
2617 2
2618 3
2619 5
2620 2
2621 2
2622 0
2623 3
2624 0
2625 1
2626 1
2627 3
2628 0
2629 3
2630 4
2631 4
2632 4
2633 1
2634 2
2635 0
2636 1
2637 0
2638 0
2639 0
2640 0
2641 1
2642 4
2643 4
2644 4
2645 4
2646 0
2647 0
2648 0
2649 4
2650 4
2651 1
2652 5
2653 4
2654 4
2655 0
2656 4
2657 5
2658 3
2659 2
2660 5
2661 1
2662 2
2663 2
2664 4
2665 4
2666 4
2667 3
2668 3
2669 2
2670 2
2671 1
2672 1
2673 2
2674 0
2675 4
2676 5
2677 4
2678 4
2679 5
2680 4
2681 0
2682 5
2683 2
2684 2
2685 5
2686 3
2687 1
2688 4
2689 3
2690 0
2691 0
2692 1
2693 1
2694 5
2695 4
2696 5
2697 3
2698 5
2699 1
2700 1
2701 3
2702 2
2703 4
2704 0
2705 1
2706 4
2707 4
2708 0
2709 5
2710 1
2711 1
2712 3
2713 0
2714 2
2715 2
2716 2
2717 3
2718 3
2719 2
2720 2
2721 2
2722 2
2723 2
2724 4
2725 4
2726 4
2727 4
2728 4
2729 4
2730 1
2731 1
2732 1
2733 1
2734 3
2735 3
2736 0
2737 3
2738 0
2739 3
2740 2
2741 0
2742 4
2743 1
2744 2
2745 1
2746 5
2747 3
2748 0
2749 0
2750 0
2751 0
2752 0
2753 0
2754 0
2755 4
2756 3
2757 2
2758 2
2759 2
2760 2
2761 1
2762 2
2763 1
2764 0
2765 0
2766 4
2767 0
2768 0
2769 5
2770 4
2771 5
2772 2
2773 2
2774 5
2775 3
2776 0
2777 0
2778 2
2779 0
2780 0
2781 2
2782 3
2783 3
2784 4
2785 4
2786 4
2787 4
2788 2
2789 2
2790 2
2791 2
2792 1
2793 2
2794 2
2795 2
2796 2
2797 2
2798 2
2799 2
2800 4
2801 0
2802 0
2803 0
2804 0
2805 4
2806 0
2807 0
2808 1
2809 4
2810 4
2811 0
2812 0
2813 5
2814 5
2815 5
2816 3
2817 3
2818 3
2819 5
2820 5
2821 5
2822 3
2823 2
2824 2
2825 3
2826 3
2827 0
2828 0
2829 0
2830 4
2831 0
2832 2
2833 3
2834 3
2835 1
2836 3
2837 4
2838 4
2839 4
2840 4
2841 4
2842 2
2843 1
2844 2
2845 2
2846 0
2847 0
2848 0
2849 0
2850 3
2851 3
2852 5
2853 5
2854 2
2855 2
2856 2
2857 5
2858 4
2859 4
2860 3
2861 0
2862 0
2863 0
2864 2
2865 2
2866 3
2867 3
2868 0
2869 0
2870 0
2871 0
2872 0
2873 0
2874 5
2875 0
2876 0
2877 0
2878 3
2879 0
2880 1
2881 2
2882 3
2883 3
2884 3
2885 3
2886 0
2887 2
2888 0
2889 4
2890 0
2891 0
2892 3
2893 0
2894 0
2895 4
2896 4
2897 4
2898 4
2899 0
2900 0
2901 0
2902 0
2903 3
2904 4
2905 4
2906 2
2907 2
2908 2
2909 0
2910 0
2911 1
2912 3
2913 5
2914 0
2915 0
2916 0
2917 0
2918 3
2919 3
2920 4
2921 5
2922 4
2923 4
2924 4
2925 1
2926 0
2927 4
2928 4
2929 4
2930 3
2931 1
2932 4
2933 4
2934 4
2935 4
2936 4
2937 4
2938 4
2939 4
2940 4
2941 4
2942 4
2943 4
2944 4
2945 4
2946 4
2947 4
2948 4
2949 4
2950 4
2951 4
2952 4
2953 5
2954 5
2955 4
2956 4
2957 4
2958 5
2959 4
2960 1
2961 0
2962 0
2963 0
2964 0
2965 0
2966 5
2967 0
2968 1
2969 1
2970 0
2971 3
2972 3
2973 4
2974 4
2975 3
2976 2
2977 4
2978 5
2979 0
2980 4
2981 2
2982 0
2983 0
2984 2
2985 2
2986 2
2987 3
2988 0
2989 3
2990 3
2991 3
2992 3
2993 5
2994 3
2995 4
2996 4
2997 4
2998 4
2999 2
3000 3
3001 3
3002 3
3003 3
3004 3
3005 3
3006 3
3007 3
3008 3
3009 2
3010 2
3011 5
3012 3
3013 3
3014 3
3015 2
3016 2
3017 2
3018 2
3019 4
3020 4
3021 4
3022 4
3023 4
3024 1
3025 0
3026 4
3027 2
3028 2
3029 3
3030 3
3031 4
3032 4
3033 0
3034 5
3035 3
3036 3
3037 3
3038 3
3039 1
3040 1
3041 2
3042 0
3043 0
3044 0
3045 0
3046 0
3047 0
3048 5
3049 3
3050 3
3051 0
3052 3
3053 2
3054 2
3055 4
3056 4
3057 4
3058 4
3059 1
3060 1
3061 1
3062 4
3063 2
3064 1
3065 1
3066 3
3067 3
3068 2
3069 2
3070 5
3071 5
3072 3
3073 3
3074 1
3075 2
3076 4
3077 4
3078 2
3079 2
3080 2
3081 2
3082 0
3083 0
3084 0
3085 2
3086 3
3087 3
3088 3
3089 1
3090 1
3091 2
3092 4
3093 0
3094 4
3095 2
3096 5
3097 3
3098 1
3099 0
3100 1
3101 1
3102 3
3103 3
3104 3
3105 3
3106 1
3107 1
3108 1
3109 1
3110 1
3111 3
3112 3
3113 5
3114 2
3115 2
3116 2
3117 0
3118 0
3119 0
3120 0
3121 3
3122 5
3123 3
3124 0
3125 4
3126 3
3127 3
3128 5
3129 2
3130 0
3131 0
3132 0
3133 2
3134 2
3135 1
3136 0
3137 2
3138 0
3139 0
3140 5
3141 4
3142 3
3143 2
3144 0
3145 3
3146 3
3147 4
3148 3
3149 0
3150 4
3151 1
3152 1
3153 1
3154 1
3155 4
3156 3
3157 3
3158 4
3159 0
3160 0
3161 0
3162 0
3163 4
3164 1
3165 4
3166 0
3167 0
3168 0
3169 3
3170 1
3171 4
3172 4
3173 3
3174 3
3175 4
3176 1
3177 2
3178 3
3179 3
3180 4
3181 5
3182 4
3183 0
3184 0
3185 4
3186 1
3187 3
3188 1
3189 2
3190 2
3191 2
3192 2
3193 4
3194 2
3195 2
3196 2
3197 4
3198 4
3199 4
3200 4
3201 5
3202 5
3203 4
3204 5
3205 4
3206 4
3207 2
3208 0
3209 4
3210 4
3211 3
3212 3
3213 3
3214 3
3215 4
3216 4
3217 0
3218 3
3219 3
3220 3
3221 1
3222 5
3223 0
3224 0
3225 1
3226 4
3227 0
3228 2
3229 2
3230 2
3231 0
3232 0
3233 0
3234 2
3235 4
3236 0
3237 0
3238 0
3239 0
3240 1
3241 2
3242 5
3243 2
3244 4
3245 1
3246 2
3247 3
3248 5
3249 3
3250 3
3251 3
3252 3
3253 3
3254 5
3255 5
3256 3
3257 3
3258 2
3259 4
3260 4
3261 4
3262 1
3263 1
3264 4
3265 4
3266 0
3267 0
3268 2
3269 2
3270 1
3271 1
3272 4
3273 5
3274 5
3275 3
3276 3
3277 0
3278 1
3279 1
3280 1
3281 3
3282 4
3283 4
3284 3
3285 2
3286 1
3287 1
3288 4
3289 4
3290 4
3291 4
3292 4
3293 4
3294 5
3295 0
3296 2
3297 2
3298 5
3299 4
3300 3
3301 3
3302 3
3303 3
3304 2
3305 3
3306 3
3307 3
3308 3
3309 5
3310 2
3311 2
3312 3
3313 3
3314 2
3315 1
3316 1
3317 2
3318 2
3319 3
3320 2
3321 2
3322 3
3323 1
3324 3
3325 1
3326 0
