421 135 271 182 632 635 28 
1 386 259 6 8 14 15 18 22 663 280 539 284 675 677 37 551 38 41 426 430 435 564 55 185 63 455 713 586 204 78 719 720 82 85 86 87 88 469 726 91 732 733 93 729 96 98 738 740 101 741 357 103 105 99 107 102 109 231 751 111 752 754 753 112 373 245 247 630 114 
548 
460 196 147 134 
640 553 650 714 623 273 466 531 308 306 343 
590 46 113 241 659 279 
10 34 222 
608 736 674 611 387 384 742 251 594 213 313 635 
448 647 393 553 140 335 336 372 187 319 
615 
512 130 262 135 10 529 34 547 548 293 560 433 562 184 446 452 199 72 330 473 222 121 355 230 746 633 635 
385 264 649 10 399 274 407 414 298 300 51 703 221 734 617 118 507 125 510 
225 517 653 437 598 665 186 
650 43 620 516 
652 604 222 230 
512 256 2 515 130 129 9 271 529 657 405 150 669 673 417 547 36 548 550 421 293 425 679 562 691 310 184 313 698 446 320 321 202 332 208 593 83 213 86 473 735 355 230 615 104 742 110 372 244 634 
640 201 714 466 531 306 188 
169 652 613 270 
387 669 319 
372 
514 4 5 520 522 12 525 16 534 535 25 538 28 29 30 541 33 40 552 554 556 560 49 561 50 53 568 569 56 570 58 574 576 577 66 581 70 71 72 73 584 587 76 591 80 592 596 84 598 599 92 604 94 612 613 106 107 108 618 624 628 117 631 120 634 635 124 638 127 641 642 643 131 645 133 134 648 136 651 652 653 143 144 655 656 147 148 151 664 665 152 667 155 157 670 671 668 161 162 666 676 165 678 166 682 683 172 685 174 171 176 178 180 181 693 695 694 697 186 699 700 183 191 192 704 706 196 708 197 200 712 203 716 717 206 718 209 210 211 723 212 724 731 219 224 227 228 739 230 235 748 749 238 242 252 253 260 267 272 276 277 278 289 290 295 299 301 305 307 309 318 322 323 326 329 333 342 346 347 350 351 355 356 360 364 365 367 376 377 379 382 388 389 395 396 397 398 400 412 413 415 418 423 428 429 436 437 439 441 442 443 445 449 454 460 461 465 467 472 477 478 482 483 484 486 495 498 499 500 501 505 509 
128 390 265 524 141 142 526 530 660 150 26 543 160 417 34 163 416 288 550 422 169 46 433 310 311 54 57 696 571 184 189 68 324 198 452 199 710 332 593 468 341 601 90 475 603 89 220 481 485 487 745 746 490 363 369 371 629 249 506 383 
372 
39 202 523 372 121 410 349 
194 
194 
72 330 46 150 604 
258 517 536 409 164 558 438 578 715 75 79 467 344 348 605 607 743 489 490 492 
560 
74 46 304 145 476 
128 746 452 54 
610 67 486 456 44 45 209 307 467 149 314 59 60 30 
549 680 619 687 535 575 
130 391 231 555 367 528 722 284 728 636 381 216 
579 390 334 48 627 182 662 214 573 255 
610 357 519 583 169 237 48 691 216 381 446 
384 513 2 387 636 257 0 265 523 139 145 401 660 533 537 154 153 540 541 542 155 546 39 170 43 303 304 434 438 698 187 316 188 444 319 448 64 707 580 201 74 589 462 721 594 338 340 725 341 216 345 217 218 605 606 352 609 480 97 354 225 359 616 491 620 493 621 623 622 113 626 504 377 123 380 
506 407 57 90 311 
7 519 10 528 530 19 537 28 543 32 34 35 550 41 42 555 553 563 564 565 567 583 588 590 81 603 94 608 97 611 625 115 119 635 125 126 130 135 647 140 141 142 659 663 156 159 160 674 681 169 684 686 175 689 690 691 701 190 703 709 199 205 722 213 215 728 221 222 735 223 736 226 742 231 236 237 239 241 251 257 262 264 271 275 277 279 282 284 285 288 292 298 312 313 330 335 336 339 343 348 357 362 363 368 369 371 372 378 381 383 391 393 404 408 417 421 422 425 427 432 436 440 446 458 463 468 475 485 489 490 507 510 511 
560 433 378 417 
32 232 330 747 362 140 142 239 557 691 692 119 190 702 735 
512 2 515 9 10 13 529 17 532 20 21 23 24 540 31 544 547 36 548 47 51 52 565 566 572 62 65 77 589 590 83 595 95 100 615 104 617 110 626 116 118 632 633 122 123 121 125 129 135 137 649 139 654 657 658 661 662 669 158 672 673 679 168 170 173 177 179 696 703 193 194 707 705 711 202 205 207 208 721 725 214 727 217 730 218 221 735 229 233 234 750 240 753 243 244 246 248 250 256 261 262 263 264 266 269 270 274 281 286 293 298 300 316 317 320 321 325 327 331 337 340 349 361 366 375 378 385 399 402 403 405 406 407 410 411 414 420 424 430 431 434 447 450 451 453 457 458 462 464 470 473 479 488 493 494 496 497 502 503 507 510 
480 0 292 709 491 621 463 623 401 339 408 475 444 63 
562 691 222 551 
161 678 71 712 333 525 667 318 
545 744 297 597 61 
