0 42
1 1
2 41
3 -1
4 20
5 20
6 1
7 38
8 1
9 41
10 41
11 -1
12 20
13 41
14 1
15 1
16 20
17 41
18 1
19 38
20 41
21 41
22 1
23 41
24 41
25 20
26 21
27 -1
28 38
29 20
30 31
31 41
32 40
33 20
34 38
35 38
36 41
37 1
38 1
39 36
40 20
41 38
42 38
43 36
44 31
45 31
46 29
47 41
48 35
49 20
50 20
51 41
52 41
53 20
54 30
55 1
56 20
57 37
58 20
59 31
60 31
61 45
62 41
63 42
64 36
65 41
66 20
67 31
68 21
69 -1
70 20
71 44
72 26
73 20
74 36
75 27
76 20
77 41
78 1
79 27
80 20
81 38
82 1
83 41
84 20
85 1
86 15
87 1
88 1
89 21
90 37
91 1
92 20
93 1
94 38
95 41
96 1
97 38
98 1
99 1
100 41
101 1
102 1
103 1
104 41
105 1
106 20
107 20
108 20
109 1
110 41
111 1
112 1
113 36
114 1
115 38
116 41
117 20
118 41
119 40
120 20
121 41
122 41
123 41
124 20
125 41
126 38
127 20
128 30
129 41
130 38
131 20
132 -1
133 20
134 20
135 41
136 20
137 41
138 -1
139 41
140 40
141 38
142 40
143 20
144 20
145 36
146 -1
147 20
148 20
149 31
150 26
151 20
152 20
153 36
154 36
155 36
156 38
157 20
158 41
159 38
160 38
161 44
162 20
163 21
164 27
165 20
166 20
167 -1
168 41
169 38
170 41
171 20
172 20
173 41
174 20
175 38
176 20
177 41
178 20
179 41
180 20
181 20
182 34
183 20
184 21
185 1
186 20
187 36
188 36
189 21
190 40
191 20
192 20
193 41
194 41
195 -1
196 20
197 20
198 21
199 38
200 20
201 36
202 41
203 20
204 1
205 41
206 20
207 41
208 41
209 31
210 20
211 20
212 20
213 38
214 41
215 38
216 36
217 41
218 41
219 20
220 21
221 41
222 43
223 38
224 20
225 36
226 38
227 20
228 20
229 41
230 20
231 38
232 40
233 41
234 41
235 20
236 38
237 38
238 20
239 40
240 41
241 38
242 20
243 41
244 41
245 1
246 41
247 1
248 41
249 21
250 41
251 38
252 20
253 20
254 -1
255 34
256 41
257 38
258 27
259 1
260 20
261 41
262 41
263 41
264 41
265 36
266 41
267 20
268 -1
269 41
270 41
271 38
272 20
273 4
274 41
275 38
276 20
277 38
278 20
279 38
280 1
281 41
282 38
283 -1
284 38
285 38
286 41
287 -1
288 38
289 20
290 20
291 -1
292 42
293 41
294 -1
295 20
296 -1
297 45
298 41
299 20
300 41
301 20
302 -1
303 36
304 36
305 20
306 16
307 31
308 4
309 20
310 21
311 37
312 38
313 38
314 31
315 -1
316 41
317 41
318 44
319 36
320 41
321 41
322 20
323 20
324 21
325 41
326 20
327 41
328 -1
329 20
330 40
331 41
332 21
333 44
334 34
335 38
336 38
337 41
338 36
339 42
340 41
341 36
342 20
343 38
344 27
345 36
346 20
347 20
348 38
349 41
350 20
351 20
352 36
353 -1
354 36
355 20
356 20
357 38
358 -1
359 36
360 20
361 41
362 40
363 38
364 20
365 20
366 41
367 33
368 38
369 38
370 -1
371 38
372 38
373 1
374 -1
375 41
376 20
377 36
378 41
379 20
380 36
381 38
382 20
383 38
384 36
385 41
386 1
387 36
388 20
389 20
390 34
391 38
392 -1
393 38
394 -1
395 20
396 20
397 20
398 20
399 41
400 20
401 42
402 41
403 41
404 38
405 41
406 41
407 41
408 42
409 27
410 41
411 41
412 20
413 20
414 41
415 20
416 21
417 39
418 20
419 -1
420 41
421 38
422 38
423 20
424 41
425 38
426 1
427 38
428 20
429 20
430 41
431 41
432 38
433 39
434 41
435 1
436 38
437 20
438 36
439 20
440 38
441 20
442 20
443 20
444 42
445 20
446 38
447 41
448 36
449 20
450 41
451 41
452 30
453 41
454 20
455 1
456 31
457 41
458 41
459 -1
460 20
461 20
462 41
463 42
464 41
465 20
466 16
467 31
468 38
469 1
470 41
471 -1
472 20
473 41
474 -1
475 42
476 29
477 20
478 20
479 41
480 42
481 21
482 20
483 20
484 20
485 38
486 31
487 21
488 41
489 38
490 38
491 42
492 27
493 41
494 41
495 20
496 41
497 41
498 20
499 20
500 20
501 20
502 41
503 41
504 36
505 20
506 37
507 41
508 -1
509 20
510 41
511 38
512 41
513 36
514 20
515 41
516 13
517 27
518 -1
519 38
520 20
521 -1
522 20
523 36
524 21
525 44
526 21
527 -1
528 38
529 41
530 38
531 16
532 41
533 36
534 20
535 32
536 27
537 38
538 20
539 1
540 41
541 36
542 36
543 38
544 41
545 45
546 36
547 41
548 41
549 32
550 38
551 43
552 20
553 38
554 20
555 38
556 20
557 40
558 27
559 -1
560 39
561 20
562 43
563 38
564 38
565 41
566 41
567 38
568 20
569 20
570 20
571 21
572 41
573 34
574 20
575 32
576 20
577 20
578 27
579 34
580 36
581 20
582 -1
583 38
584 20
585 -1
586 1
587 20
588 38
589 41
590 41
591 20
592 20
593 21
594 36
595 41
596 20
597 45
598 20
599 20
600 -1
601 21
602 -1
603 38
604 26
605 36
606 36
607 27
608 38
609 36
610 35
611 38
612 20
613 20
614 -1
615 41
616 36
617 41
618 20
619 32
620 36
621 42
622 36
623 42
624 20
625 38
626 41
627 34
628 20
629 21
630 1
631 20
632 41
633 41
634 20
635 38
636 36
637 -1
638 20
639 -1
640 16
641 20
642 20
643 20
644 -1
645 20
646 -1
647 38
648 20
649 41
650 13
651 20
652 20
653 20
654 41
655 20
656 20
657 41
658 41
659 38
660 36
661 41
662 41
663 38
664 20
665 20
666 20
667 44
668 20
669 41
670 20
671 20
672 41
673 41
674 38
675 1
676 20
677 1
678 44
679 41
680 32
681 38
682 20
683 20
684 38
685 20
686 38
687 32
688 -1
689 38
690 38
691 43
692 40
693 20
694 20
695 20
696 41
697 20
698 36
699 20
700 20
701 38
702 40
703 41
704 20
705 41
706 20
707 41
708 20
709 42
710 21
711 41
712 44
713 1
714 16
715 27
716 20
717 20
718 20
719 1
720 1
721 41
722 38
723 20
724 20
725 41
726 1
727 41
728 38
729 1
730 41
731 20
732 1
733 1
734 11
735 41
736 38
737 -1
738 1
739 20
740 1
741 1
742 38
743 27
744 45
745 21
746 30
747 40
748 20
749 20
750 41
751 1
752 1
753 41
754 1
