1913	0
1914	1
1915	2
1916	3
1917	4
1918	5
1919	6
1920	7
1921	8
1922	9
1923	10
1924	11
1925	12
1926	13
1927	14
1928	15
1929	16
1930	17
1931	18
1932	19
1933	20
1934	21
1935	22
1936	23
1937	24
1938	25
1939	26
1940	27
1941	28
1942	29
1943	30
1944	31
1945	32
1946	33
1947	34
1948	35
1949	36
1950	37
1951	38
1952	39
1953	40
1954	41
1955	42
1956	43
1957	44
1958	45
1959	46
1960	47
1961	48
1962	49
1963	50
1964	51
1965	52
1966	53
1967	54
1968	55
1969	56
1970	57
1971	58
1972	59
1973	60
1974	61
1975	62
1976	63
1977	64
1978	65
1979	66
1980	67
1981	68
1982	69
1983	70
1984	71
1985	72
1986	73
1987	74
1988	75
1989	76
1990	77
1991	78
1992	79
1993	80
1994	81
1995	82
1996	83
1997	84
1998	85
1999	86
2000	87
2001	88
2002	89
2003	90
2004	91
2005	92
2006	93
2007	94
2008	95
2009	96
2010	97
2011	98
2012	99
2013	100
2014	101
2015	102
2016	103
2017	104
2018	105
2019	106
2020	107
2021	108
2022	109
2023	110
2024	111
2025	112
2026	113
2027	114
2028	115
2029	116
2030	117
2031	118
2032	119
2033	120
2034	121
2035	122
2036	123
2037	124
2038	125
2039	126
2040	127
58	128
2041	129
2042	130
2043	131
2044	132
2045	133
2046	134
2047	135
2048	136
2049	137
2050	138
2051	139
2052	140
2053	141
2054	142
2055	143
2056	144
2057	145
2058	146
2059	147
2060	148
2061	149
2062	150
2063	151
2064	152
2065	153
2066	154
2067	155
2068	156
2069	157
2070	158
2071	159
2072	160
2073	161
2074	162
2075	163
2076	164
2077	165
2078	166
2079	167
2080	168
2081	169
2082	170
2083	171
2084	172
2085	173
2086	174
2087	175
2088	176
2089	177
2090	178
2091	179
2092	180
2093	181
2094	182
2095	183
2096	184
2097	185
2098	186
2099	187
2100	188
2101	189
2102	190
2103	191
2104	192
2105	193
2106	194
2107	195
2108	196
2109	197
2110	198
2111	199
2112	200
2113	201
2114	202
2115	203
2116	204
2117	205
2118	206
2119	207
2120	208
2121	209
2122	210
2123	211
2124	212
2125	213
2126	214
2127	215
2128	216
2129	217
2130	218
2131	219
2132	220
2133	221
2134	222
2135	223
2136	224
2137	225
2138	226
2139	227
2140	228
2141	229
2142	230
2143	231
2144	232
2145	233
2146	234
2147	235
2148	236
2149	237
2150	238
2151	239
2152	240
2153	241
2154	242
2155	243
2156	244
2157	245
2158	246
2159	247
2160	248
2161	249
2162	250
2163	251
2164	252
2165	253
2166	254
2167	255
2168	256
2169	257
2170	258
2171	259
2172	260
2173	261
2174	262
2175	263
2176	264
2177	265
2178	266
2179	267
2180	268
2181	269
2182	270
2183	271
2184	272
2185	273
2186	274
2187	275
2188	276
2189	277
2190	278
2191	279
2192	280
2193	281
2194	282
2195	283
136	284
2196	285
2197	286
2198	287
2199	288
2200	289
2201	290
2202	291
2203	292
2204	293
2205	294
2206	295
2207	296
2208	297
2209	298
2210	299
2211	300
2212	301
2213	302
2214	303
2215	304
2216	305
2217	306
2218	307
2219	308
2220	309
2221	310
2222	311
2223	312
2224	313
2225	314
2226	315
2227	316
2228	317
2229	318
2230	319
2231	320
2232	321
2233	322
2234	323
2235	324
2236	325
2237	326
2238	327
2239	328
2240	329
2241	330
2242	331
2243	332
2244	333
2245	334
2246	335
2247	336
2248	337
2249	338
2250	339
2251	340
2252	341
2253	342
2254	343
2255	344
2256	345
2257	346
2258	347
2259	348
2260	349
2261	350
2262	351
2263	352
2264	353
2265	354
2266	355
2267	356
2268	357
2269	358
2270	359
2271	360
2272	361
2273	362
2274	363
2275	364
2276	365
2277	366
2278	367
2279	368
2280	369
2281	370
2282	371
2283	372
2284	373
2285	374
2286	375
2287	376
2288	377
2289	378
2290	379
2291	380
2292	381
2293	382
2294	383
2295	384
2296	385
2297	386
2298	387
2299	388
2300	389
2301	390
2302	391
2303	392
2304	393
2305	394
2306	395
2307	396
2308	397
2309	398
2310	399
2311	400
2312	401
2313	402
2314	403
2315	404
2316	405
2317	406
2318	407
2319	408
2320	409
2321	410
2322	411
2323	412
2324	413
2325	414
2326	415
2327	416
2328	417
2329	418
2330	419
2331	420
2332	421
2333	422
2334	423
2335	424
2336	425
2337	426
2338	427
2339	428
2340	429
2341	430
2342	431
2343	432
2344	433
2345	434
2346	435
2347	436
2348	437
2349	438
2350	439
2351	440
2352	441
2353	442
2354	443
2355	444
2356	445
1465	446
2357	447
2358	448
2359	449
2360	450
2361	451
428	452
2362	453
2363	454
2364	455
2365	456
2366	457
2367	458
2368	459
2369	460
2370	461
2371	462
2372	463
2373	464
2374	465
2375	466
2376	467
2377	468
2378	469
2379	470
2380	471
2381	472
2382	473
2383	474
2384	475
2385	476
2386	477
2387	478
2388	479
2389	480
2390	481
2391	482
2392	483
2393	484
2394	485
2395	486
2396	487
2397	488
2398	489
2399	490
2400	491
2401	492
2402	493
2403	494
2404	495
2405	496
2406	497
2407	498
2408	499
2409	500
2410	501
2411	502
2412	503
2413	504
2414	505
2415	506
2416	507
2417	508
2418	509
2419	510
2420	511
2421	512
2422	513
2423	514
2424	515
2425	516
2426	517
2427	518
1577	519
2428	520
2429	521
2430	522
2431	523
2432	524
2433	525
2434	526
2435	527
2436	528
2437	529
2438	530
2439	531
2440	532
2441	533
2442	534
2443	535
2444	536
2445	537
2446	538
2447	539
2448	540
2449	541
2450	542
2451	543
2452	544
2453	545
2454	546
2455	547
2456	548
2457	549
2458	550
2459	551
2460	552
2461	553
2462	554
2463	555
2464	556
2465	557
2466	558
2467	559
2468	560
2469	561
2470	562
2471	563
2472	564
2473	565
2474	566
2475	567
2476	568
2477	569
2478	570
2479	571
2480	572
2481	573
2482	574
2483	575
2484	576
2485	577
2486	578
2487	579
2488	580
2489	581
2490	582
2491	583
2492	584
2493	585
2494	586
2495	587
2496	588
2497	589
2498	590
2499	591
2500	592
2501	593
2502	594
2503	595
2504	596
2505	597
2506	598
2507	599
2508	600
2509	601
2510	602
2511	603
2512	604
2513	605
2514	606
2515	607
2516	608
2517	609
2518	610
2519	611
2520	612
2521	613
2522	614
2523	615
2524	616
2525	617
2526	618
2527	619
2528	620
2529	621
2530	622
2531	623
2532	624
2533	625
2534	626
2535	627
2536	628
2537	629
2538	630
2539	631
2540	632
2541	633
2542	634
2543	635
2544	636
2545	637
2546	638
2547	639
2548	640
2549	641
2550	642
2551	643
2552	644
2553	645
2554	646
2555	647
2556	648
2557	649
2558	650
2559	651
2560	652
2561	653
2562	654
2563	655
2564	656
2565	657
2566	658
2567	659
2568	660
2569	661
2570	662
2571	663
2572	664
2573	665
2574	666
2575	667
2576	668
2577	669
2578	670
2579	671
2580	672
2581	673
2582	674
2583	675
2584	676
2585	677
2586	678
2587	679
2588	680
2589	681
2590	682
2591	683
2592	684
2593	685
2594	686
2595	687
2596	688
2597	689
1718	690
2598	691
2599	692
2600	693
2601	694
2602	695
2603	696
2604	697
2605	698
2606	699
2607	700
2608	701
2609	702
2610	703
2611	704
2612	705
2613	706
2614	707
2615	708
2616	709
2617	710
2618	711
2619	712
2620	713
2621	714
2622	715
2623	716
2624	717
2625	718
2626	719
2627	720
2628	721
2629	722
2630	723
2631	724
2632	725
2633	726
2634	727
2635	728
2636	729
2637	730
2638	731
2639	732
2640	733
2641	734
2642	735
2643	736
2644	737
2645	738
2646	739
2647	740
2648	741
2649	742
2650	743
2651	744
2652	745
563	746
2653	747
2654	748
2655	749
2656	750
2657	751
2658	752
2659	753
2660	754
