0 798
0 830
0 831
1 387
1 939
1 974
2 406
2 815
2 954
3 357
3 466
3 925
4 890
4 953
4 972
5 820
5 944
5 976
6 927
6 957
6 998
7 169
7 915
7 976
8 322
8 776
8 894
9 190
9 957
9 982
10 301
10 653
10 953
11 766
11 772
11 993
12 602
12 897
12 930
13 873
13 909
13 914
14 27
14 745
14 945
15 678
15 978
15 985
16 695
16 911
16 938
17 932
17 988
17 993
18 310
18 955
18 971
19 733
19 843
19 946
20 901
20 967
20 976
21 612
21 908
21 986
22 846
22 908
22 984
23 348
23 969
23 988
24 383
24 842
24 888
25 430
25 910
25 957
26 478
26 894
26 995
27 14
27 833
27 834
28 633
28 867
28 891
29 868
29 928
29 943
30 36
30 898
30 947
31 774
31 792
31 995
32 468
32 896
32 912
33 894
33 939
33 992
34 38
34 90
34 934
35 647
35 778
35 994
36 30
36 929
36 970
37 295
37 614
37 876
38 34
38 897
38 906
39 630
39 855
39 970
40 823
40 966
40 989
41 104
41 356
41 992
42 736
42 961
42 969
43 462
43 551
43 967
44 104
44 174
44 651
45 212
45 612
45 915
46 76
46 923
46 949
47 323
47 871
47 881
48 815
48 825
48 997
49 322
49 902
49 978
50 119
50 402
50 876
51 760
51 787
51 996
52 459
52 519
52 938
53 771
53 794
53 902
54 744
54 835
54 987
55 464
55 555
55 937
56 882
56 972
56 993
57 307
57 734
57 786
58 641
58 753
58 910
59 351
59 764
59 823
60 670
60 921
60 962
61 810
61 950
61 992
62 133
62 570
62 837
63 395
63 757
63 900
64 575
64 934
64 943
65 785
65 894
65 979
66 309
66 343
66 608
67 598
67 605
67 986
68 157
68 985
68 992
69 903
69 957
69 999
70 676
70 973
70 984
71 991
71 995
71 999
72 312
72 797
72 990
73 909
73 948
73 977
74 591
74 869
74 963
75 166
75 876
75 922
76 46
76 393
76 838
77 579
77 806
77 963
78 97
78 962
78 997
79 827
79 975
79 984
80 149
80 364
80 523
81 794
81 989
81 990
82 423
82 962
82 974
83 278
83 356
83 515
84 516
84 974
84 995
85 251
85 405
85 816
86 662
86 930
86 985
87 172
87 924
87 975
88 185
88 339
88 717
89 562
89 867
89 935
90 34
90 215
90 881
91 590
91 884
91 977
92 890
92 966
92 990
93 777
93 947
93 985
94 592
94 922
94 990
95 495
95 851
95 960
96 833
96 963
96 992
97 78
97 419
97 995
98 127
98 870
98 983
99 714
99 801
99 831
100 422
100 713
100 721
101 311
101 485
101 623
102 810
102 849
102 965
103 822
103 986
103 988
104 41
104 44
104 972
105 494
105 859
105 989
106 301
106 924
106 939
107 603
107 719
107 751
108 974
108 983
108 992
109 872
109 972
109 992
110 491
110 984
110 992
111 796
111 907
111 976
112 744
112 906
112 996
113 303
113 764
113 817
114 537
114 723
114 983
115 815
115 884
115 980
116 494
116 841
116 864
117 670
117 722
117 975
118 524
118 964
118 976
119 50
119 901
119 971
120 712
120 892
120 958
121 433
121 974
121 987
122 838
122 879
122 980
123 143
123 959
123 994
124 581
124 770
124 908
125 282
125 423
125 984
126 261
126 708
126 917
127 98
127 862
127 902
128 436
128 849
128 987
129 364
129 966
129 988
130 593
130 941
130 993
131 138
131 513
131 856
132 442
132 883
132 992
133 62
133 267
133 967
134 135
134 927
134 989
135 134
135 333
135 870
136 467
136 677
136 933
137 313
137 720
137 947
138 131
138 644
138 949
139 533
139 722
139 991
140 584
140 733
140 967
141 857
141 863
141 973
142 563
142 852
142 922
143 123
143 320
143 937
144 156
144 888
144 991
145 438
145 546
145 969
146 825
146 968
146 986
147 565
147 891
147 953
148 623
148 883
148 954
149 80
149 849
149 981
150 401
150 622
150 987
151 557
151 575
151 982
152 572
152 771
152 971
153 933
153 968
153 989
154 327
154 647
154 933
155 508
155 753
155 983
156 144
156 340
156 934
157 68
157 183
157 978
158 937
158 963
158 995
159 427
159 456
159 791
160 241
160 483
160 831
161 681
161 798
161 994
162 477
162 787
162 973
163 175
163 574
163 985
164 308
164 719
164 936
165 474
165 580
165 876
166 75
166 830
166 905
167 807
167 881
167 987
168 440
168 850
168 947
169 7
169 172
169 981
170 400
170 892
170 988
171 847
171 975
171 993
172 87
172 169
172 992
173 826
173 863
173 907
174 44
174 735
174 960
175 163
175 650
175 958
176 845
176 881
176 987
177 458
177 805
177 944
178 208
178 670
178 897
179 511
179 636
179 852
180 577
180 869
180 979
181 881
181 953
181 972
182 982
182 988
182 997
183 157
183 969
183 995
184 784
184 904
184 975
185 88
185 482
185 812
186 828
186 918
186 989
187 834
187 928
187 977
188 961
188 962
188 989
189 976
189 979
189 998
190 9
190 832
190 845
191 922
191 941
191 983
192 575
192 942
192 949
193 609
193 888
193 998
194 712
194 843
194 951
195 615
195 884
195 963
196 773
196 836
196 877
197 597
197 986
197 995
198 680
198 980
198 993
199 568
199 585
199 654
200 237
200 872
200 923
201 473
201 905
201 963
202 471
202 622
202 949
203 720
203 908
203 954
204 969
204 995
204 998
205 588
205 768
205 778
206 422
206 981
206 996
207 737
207 763
207 993
208 178
208 381
208 864
209 868
209 958
209 996
210 522
210 968
210 971
211 328
211 896
211 993
212 45
212 483
212 942
213 738
213 856
213 948
214 796
214 921
214 951
215 90
215 992
215 994
216 848
216 881
216 967
217 611
217 919
217 981
218 726
218 870
218 998
219 450
219 780
219 993
220 349
220 895
220 998
221 647
221 820
221 914
222 305
222 953
222 993
223 572
223 949
223 975
224 393
224 490
224 928
225 650
225 962
225 987
226 626
226 912
226 987
227 496
227 990
227 996
228 258
228 912
228 998
229 709
229 932
229 993
230 558
230 781
230 975
231 720
231 864
231 999
232 833
232 899
232 998
233 504
233 766
233 993
234 280
234 637
234 858
235 248
235 919
235 978
236 505
236 790
236 940
237 200
237 347
237 718
238 864
238 917
238 942
239 709
239 779
239 862
240 809
240 967
240 976
241 160
241 938
241 977
242 281
242 723
242 990
243 519
243 887
243 894
244 786
244 874
244 878
245 413
245 728
245 954
246 775
246 969
246 995
247 283
247 490
247 823
248 235
248 725
248 966
249 350
249 750
249 980
250 636
250 916
250 960
251 85
251 783
251 994
252 871
252 952
252 968
253 847
253 984
253 994
254 389
254 929
254 999
255 354
255 948
255 988
256 502
256 919
256 971
257 746
257 827
257 886
258 228
258 716
258 869
259 276
259 803
259 880
260 968
260 973
260 998
261 126
261 693
261 911
262 946
262 981
262 994
263 714
263 859
263 983
264 345
264 929
264 964
265 840
265 986
265 990
266 293
266 823
266 910
267 133
267 411
267 477
268 338
268 888
268 978
269 796
269 841
269 950
270 600
270 950
270 959
271 294
271 734
271 987
272 742
272 982
272 991
273 283
273 720
273 981
274 704
274 736
274 955
275 619
275 875
275 943
276 259
276 831
276 940
277 640
277 801
277 960
278 83
278 492
278 877
279 776
279 860
279 998
280 234
280 536
280 968
281 242
281 855
281 918
282 125
282 899
282 950
282 988
283 247
283 273
283 768
283 944
284 743
284 929
284 947
284 980
285 479
285 887
285 890
285 966
286 931
286 940
286 944
286 979
287 753
287 955
287 977
287 978
288 624
288 637
288 720
288 929
289 613
289 802
289 914
289 970
290 343
290 589
290 782
290 996
291 550
291 573
291 794
291 878
292 761
292 795
292 910
292 972
293 266
293 887
293 947
293 986
294 271
294 716
294 843
294 918
295 37
295 732
295 974
295 982
296 306
296 468
296 710
296 850
297 317
297 606
297 860
297 931
298 866
298 911
298 964
298 997
299 499
299 535
299 937
299 999
300 464
300 751
300 812
300 998
301 10
301 106
301 631
301 808
302 719
302 856
302 949
302 978
303 113
303 559
303 655
303 781
304 806
304 923
304 925
304 980
305 222
305 422
305 966
305 996
306 296
306 956
306 979
306 996
307 57
307 889
307 945
307 996
308 164
308 861
308 958
308 969
309 66
309 918
309 953
309 991
310 18
310 390
310 761
310 777
311 101
311 493
311 804
311 921
312 72
312 878
312 933
312 987
313 137
313 864
313 919
313 924
314 338
314 873
314 878
314 963
315 735
315 954
315 983
315 985
316 531
316 727
316 928
316 974
317 297
317 924
317 960
317 980
318 565
318 848
318 882
318 916
319 728
319 730
319 821
319 999
320 143
320 588
320 955
320 981
321 449
321 705
321 894
321 997
322 8
322 49
322 510
322 830
323 47
323 942
323 960
323 982
324 792
324 854
324 900
324 988
325 451
325 584
325 699
325 951
326 539
326 667
326 913
326 973
327 154
327 780
327 871
327 968
328 211
328 821
328 951
328 962
329 422
329 527
329 895
329 935
330 637
330 777
330 957
330 986
331 597
331 703
331 852
331 936
332 341
332 382
332 795
332 980
333 135
333 403
333 823
333 962
334 404
334 698
334 856
334 925
335 773
335 957
335 994
335 997
336 378
336 494
336 732
336 923
337 848
337 935
337 953
337 996
338 268
338 314
338 747
338 994
339 88
339 595
339 954
339 980
340 156
340 532
340 836
340 891
341 332
341 839
341 846
341 877
342 691
342 883
342 968
342 971
343 66
343 290
343 639
343 743
344 539
344 926
344 988
344 999
345 264
345 808
345 969
345 996
346 844
346 947
346 948
346 998
347 237
347 772
347 829
347 928
348 23
348 562
348 758
348 912
349 220
349 381
349 821
349 921
350 249
350 448
350 501
350 945
351 59
351 523
351 930
351 979
352 696
352 954
352 964
352 979
353 560
353 911
353 953
353 977
354 255
354 760
354 791
354 917
355 727
355 957
355 971
355 990
356 41
356 83
356 618
356 825
357 3
357 750
357 966
357 974
358 902
358 927
358 966
358 999
359 730
359 744
359 874
359 997
360 421
360 650
360 665
360 872
361 701
361 707
361 871
361 987
362 478
362 718
362 867
362 906
363 842
363 877
363 944
363 989
364 80
364 129
364 841
364 900
365 693
365 809
365 858
365 927
366 542
366 845
366 886
366 967
367 370
367 515
367 961
367 991
368 375
368 800
368 950
368 970
369 618
369 882
369 900
369 960
370 367
370 860
370 972
370 989
371 862
371 966
371 975
371 997
372 946
372 972
372 994
372 999
373 720
373 741
373 964
373 982
374 952
374 987
374 990
374 999
375 368
375 553
375 719
375 886
376 728
376 833
376 941
376 996
377 945
377 958
377 990
377 999
378 336
378 491
378 610
378 876
379 754
379 804
379 959
379 982
380 599
380 706
380 822
380 941
381 208
381 349
381 572
381 905
382 332
382 788
382 923
382 975
383 24
383 676
383 822
383 875
384 771
384 836
384 994
384 995
385 484
385 640
385 938
385 998
386 441
386 878
386 909
386 963
387 1
387 753
387 789
387 917
388 746
388 796
388 872
388 912
389 254
389 765
389 895
389 907
390 310
390 957
390 979
390 996
391 536
391 827
391 910
391 933
392 458
392 780
392 940
392 961
393 76
393 224
393 899
393 905
394 535
394 571
394 952
394 993
395 63
395 800
395 857
395 988
396 773
396 970
396 987
396 995
397 577
397 602
397 713
397 789
398 606
398 772
398 830
398 989
399 638
399 862
399 889
399 948
400 170
400 847
400 952
400 973
401 150
401 479
401 850
401 939
402 50
402 902
402 949
402 987
403 333
403 861
403 986
403 988
404 334
404 405
404 660
404 931
405 85
405 404
405 783
405 982
406 2
406 597
406 749
406 915
407 517
407 614
407 965
407 985
408 721
408 880
408 903
408 970
409 411
409 528
409 851
409 953
410 805
410 964
410 965
410 970
411 267
411 409
411 642
411 896
412 444
412 878
412 901
412 979
413 245
413 778
413 796
413 997
414 475
414 631
414 807
414 998
415 530
415 661
415 816
415 938
416 705
416 923
416 939
416 951
417 685
417 844
417 896
417 985
418 537
418 855
418 969
418 995
419 97
419 593
419 895
419 971
420 772
420 926
420 942
420 984
421 360
421 763
421 911
421 992
422 100
422 206
422 305
422 329
423 82
423 125
423 950
423 976
424 793
424 875
424 938
424 990
425 862
425 966
425 982
425 989
426 497
426 664
426 700
426 992
427 159
427 837
427 884
427 934
428 634
428 750
428 807
428 943
429 456
429 862
429 997
429 999
430 25
430 974
430 977
430 992
431 828
431 857
431 859
431 981
432 950
432 951
432 997
432 999
433 121
433 815
433 931
433 996
434 529
434 574
434 632
434 747
435 588
435 819
435 869
435 926
436 128
436 755
436 795
436 868
437 474
437 825
437 972
437 973
438 145
438 646
438 649
438 801
439 649
439 697
439 758
439 841
440 168
440 769
440 787
440 925
441 386
441 820
441 932
441 954
442 132
442 503
442 507
442 813
443 682
443 859
443 921
443 990
444 412
444 785
444 860
444 973
445 446
445 779
445 960
445 970
446 445
446 691
446 800
446 960
447 465
447 762
447 793
447 953
448 350
448 498
448 665
448 728
449 321
449 780
449 973
449 991
450 219
450 461
450 469
450 673
451 325
451 480
451 887
451 949
451 990
452 496
452 718
452 780
452 840
452 964
453 666
453 738
453 850
453 909
453 924
454 812
454 816
454 855
454 892
454 940
455 571
455 791
455 957
455 972
455 999
456 159
456 429
456 864
456 951
456 979
457 633
457 804
457 928
457 964
457 999
458 177
458 392
458 549
458 885
458 916
459 52
459 555
459 618
459 791
459 893
460 474
460 569
460 727
460 958
460 983
461 450
461 809
461 880
461 910
461 992
462 43
462 618
462 727
462 891
462 941
463 634
463 932
463 972
463 977
463 993
464 55
464 300
464 927
464 939
464 955
465 447
465 906
465 932
465 934
465 984
466 3
466 800
466 824
466 924
466 926
467 136
467 524
467 778
467 897
467 998
468 32
468 296
468 629
468 936
468 973
469 450
469 551
469 897
469 974
469 993
470 704
470 750
470 977
470 993
470 996
471 202
471 794
471 862
471 927
471 965
472 642
472 869
472 913
472 940
472 995
473 201
473 683
473 744
473 894
473 949
474 165
474 437
474 460
474 642
474 942
475 414
475 483
475 627
475 965
475 998
476 654
476 683
476 947
476 956
476 983
477 162
477 267
477 701
477 871
477 887
478 26
478 362
478 597
478 932
478 933
479 285
479 401
479 740
479 983
479 996
480 451
480 789
480 922
480 978
480 980
481 566
481 859
481 921
481 936
481 950
482 185
482 745
482 922
482 966
482 987
483 160
483 212
483 475
483 907
483 911
484 385
484 808
484 899
484 919
484 946
485 101
485 766
485 820
485 839
485 936
486 713
486 733
486 920
486 930
486 969
487 557
487 564
487 651
487 722
487 929
488 737
488 870
488 888
488 927
488 961
489 498
489 740
489 944
489 950
489 954
490 224
490 247
490 548
490 637
490 901
491 110
491 378
491 689
491 929
491 999
492 278
492 636
492 683
492 821
492 934
493 311
493 583
493 758
493 966
493 998
494 105
494 116
494 336
494 944
494 986
495 95
495 619
495 675
495 907
495 972
496 227
496 452
496 562
496 853
496 891
497 426
497 731
497 897
497 913
497 926
498 448
498 489
498 529
498 917
498 967
499 299
499 858
499 882
499 891
499 944
500 716
500 843
500 870
500 925
500 988
501 350
501 834
501 976
501 989
501 996
502 256
502 564
502 608
502 653
502 799
503 442
503 534
503 881
503 951
503 974
504 233
504 630
504 909
504 921
504 994
505 236
505 811
505 939
505 950
505 965
506 865
506 916
506 919
506 941
506 973
507 442
507 886
507 913
507 934
507 974
508 155
508 766
508 858
508 938
508 973
509 512
509 805
509 882
509 939
509 971
510 322
510 548
510 776
510 884
510 964
511 179
511 555
511 617
511 856
511 872
512 509
512 688
512 756
512 883
512 884
513 131
513 731
513 790
513 944
513 967
514 541
514 902
514 923
514 971
514 973
515 83
515 367
515 516
515 685
515 999
516 84
516 515
516 914
516 966
516 997
517 407
517 737
517 802
517 944
517 980
518 730
518 841
518 937
518 985
518 997
519 52
519 243
519 881
519 954
519 982
520 535
520 633
520 901
520 908
520 925
521 525
521 782
521 944
521 952
521 965
522 210
522 594
522 637
522 749
522 901
523 80
523 351
523 527
523 914
523 966
524 118
524 467
524 713
524 743
524 840
525 521
525 530
525 688
525 732
525 811
526 571
526 658
526 677
526 800
526 907
527 329
527 523
527 756
527 944
527 967
528 409
528 531
528 739
528 937
528 985
529 434
529 498
529 775
529 986
529 991
530 415
530 525
530 715
530 930
530 969
531 316
531 528
531 819
531 916
531 951
532 340
532 743
532 860
532 887
532 931
533 139
533 682
533 707
533 978
533 981
534 503
534 687
534 738
534 790
534 892
535 299
535 394
535 520
535 831
535 935
536 280
536 391
536 766
536 865
536 985
537 114
537 418
537 736
537 972
537 991
538 577
538 647
538 970
538 971
538 992
539 326
539 344
539 873
539 963
539 971
540 814
540 882
540 952
540 989
540 996
541 514
541 945
541 956
541 964
541 992
542 366
542 563
542 636
542 946
542 975
543 656
543 773
543 794
543 824
543 877
544 699
544 817
544 984
544 994
544 999
545 864
545 897
545 946
545 956
545 985
546 145
546 631
546 903
546 930
546 961
547 559
547 750
547 934
547 973
547 987
548 490
548 510
548 686
548 690
548 954
549 458
549 861
549 897
549 930
549 994
550 291
550 824
550 981
550 993
550 995
551 43
551 469
551 830
551 993
551 998
552 761
552 878
552 928
552 970
552 997
553 375
553 564
553 571
553 902
553 935
554 962
554 963
554 975
554 994
554 995
555 55
555 459
555 511
555 785
555 877
556 898
556 956
556 965
556 989
556 996
557 151
557 487
557 886
557 943
557 952
558 230
558 560
558 850
558 890
558 911
558 979
559 303
559 547
559 797
559 914
559 984
559 995
560 353
560 558
560 811
560 934
560 936
560 963
561 578
561 641
561 799
561 823
561 982
561 996
562 89
562 348
562 496
562 910
562 956
562 986
563 142
563 542
563 926
563 932
563 961
563 972
564 487
564 502
564 553
564 888
564 939
564 958
565 147
565 318
565 854
565 926
565 965
565 984
566 481
566 702
566 755
566 897
566 947
566 977
567 586
567 844
567 888
567 890
567 914
567 941
568 199
568 680
568 767
568 795
568 885
568 935
569 460
569 787
569 840
569 913
569 941
569 958
570 62
570 571
570 647
570 732
570 829
570 976
571 394
571 455
571 526
571 553
571 570
571 951
572 152
572 223
572 381
572 797
572 944
572 981
573 291
573 589
573 617
573 870
573 927
573 960
574 163
574 434
574 577
574 713
574 884
574 966
575 64
575 151
575 192
575 903
575 978
575 999
576 671
576 845
576 905
576 955
576 964
576 996
577 180
577 397
577 538
577 574
577 792
577 981
578 561
578 719
578 846
578 938
578 969
578 993
579 77
579 610
579 814
579 943
579 959
579 993
580 165
580 589
580 625
580 818
580 924
580 995
581 124
581 645
581 712
581 852
581 923
581 989
582 755
582 792
582 806
582 892
582 910
582 989
583 493
583 710
583 722
583 901
583 971
583 980
584 140
584 325
584 590
584 667
584 931
584 994
585 199
585 814
585 851
585 896
585 924
585 960
586 567
586 843
586 868
586 913
586 932
586 979
587 751
587 875
587 930
587 974
587 986
587 990
588 205
588 320
588 435
588 779
588 782
588 904
589 290
589 573
589 580
589 798
589 912
589 991
590 91
590 584
590 752
590 824
590 994
590 997
591 74
591 909
591 940
591 944
591 955
591 980
592 94
592 684
592 736
592 814
592 945
592 999
593 130
593 419
593 774
593 836
593 938
593 996
594 522
594 812
594 819
594 897
594 954
594 975
595 339
595 751
595 819
595 850
595 881
595 990
596 756
596 851
596 948
596 949
596 966
596 982
597 197
597 331
597 406
597 478
597 749
597 962
598 67
598 635
598 754
598 856
598 957
598 967
599 380
599 602
599 761
599 842
599 962
599 986
600 270
600 754
600 858
600 967
600 974
600 989
601 628
601 700
601 765
601 938
601 986
601 990
602 12
602 397
602 599
602 764
602 893
602 911
603 107
603 740
603 750
603 865
603 905
603 927
604 839
604 920
604 949
604 959
604 963
604 982
605 67
605 650
605 717
605 953
605 975
605 977
606 297
606 398
606 823
606 931
606 948
606 955
607 716
607 741
607 837
607 886
607 970
607 978
608 66
608 502
608 741
608 806
608 980
608 991
609 193
609 765
609 846
609 945
609 978
609 987
610 378
610 579
610 930
610 971
610 972
610 995
611 217
611 654
611 834
611 879
611 968
611 986
612 21
612 45
612 828
612 875
612 935
612 943
613 289
613 721
613 856
613 866
613 926
613 962
614 37
614 407
614 761
614 770
614 937
614 984
615 195
615 707
615 801
615 861
615 950
615 981
616 643
616 786
616 809
616 832
616 881
616 985
617 511
617 573
617 857
617 926
617 947
617 987
618 356
618 369
618 459
618 462
618 786
618 999
619 275
619 495
619 661
619 773
619 810
619 928
620 782
620 818
620 838
620 885
620 905
620 906
621 715
621 810
621 816
621 851
621 854
621 960
622 150
622 202
622 669
622 741
622 841
622 908
623 101
623 148
623 876
623 951
623 955
623 997
624 288
624 642
624 814
624 931
624 943
624 960
625 580
625 643
625 868
625 876
625 884
625 991
626 226
626 822
626 909
626 924
626 991
626 999
627 475
627 746
627 889
627 906
627 951
627 992
628 601
628 633
628 879
628 918
628 949
628 999
629 468
629 655
629 698
629 905
629 960
629 997
630 39
630 504
630 768
630 937
630 951
630 996
631 301
631 414
631 546
631 874
631 967
631 973
632 434
632 739
632 865
632 955
632 961
632 965
633 28
633 457
633 520
633 628
633 796
633 800
634 428
634 463
634 731
634 749
634 844
634 965
634 989
635 598
635 758
635 796
635 863
635 910
635 928
635 947
636 179
636 250
636 492
636 542
636 759
636 912
636 975
637 234
637 288
637 330
637 490
637 522
637 740
637 984
638 399
638 682
638 760
638 832
638 922
638 931
638 938
639 343
639 697
639 861
639 905
639 940
639 972
639 997
640 277
640 385
640 651
640 922
640 924
640 933
640 960
641 58
641 561
641 928
641 952
641 976
641 993
641 997
642 411
642 472
642 474
642 624
642 827
642 961
642 982
643 616
643 625
643 730
643 772
643 870
643 882
643 960
644 138
644 669
644 670
644 742
644 842
644 911
644 985
645 581
645 661
645 730
645 929
645 967
645 985
645 995
646 438
646 700
646 782
646 882
646 891
646 980
646 998
647 35
647 154
647 221
647 538
647 570
647 857
647 999
648 742
648 818
648 923
648 942
648 982
648 983
648 997
649 438
649 439
649 677
649 873
649 943
649 981
649 985
650 175
650 225
650 360
650 605
650 831
650 977
650 988
651 44
651 487
651 640
651 865
651 915
651 932
651 948
652 664
652 695
652 752
652 880
652 883
652 972
652 973
653 10
653 502
653 826
653 876
653 883
653 927
653 990
654 199
654 476
654 611
654 784
654 958
654 975
654 992
655 303
655 629
655 660
655 855
655 905
655 995
655 997
656 543
656 672
656 711
656 886
656 958
656 982
656 995
657 790
657 904
657 916
657 931
657 934
657 943
657 994
658 526
658 678
658 775
658 786
658 860
658 951
658 987
659 841
659 857
659 918
659 945
659 958
659 971
659 998
660 404
660 655
660 706
660 748
660 875
660 917
660 934
661 415
661 619
661 645
661 665
661 926
661 950
661 975
662 86
662 778
662 913
662 914
662 958
662 979
662 985
663 703
663 733
663 869
663 920
663 946
663 980
663 987
664 426
664 652
664 667
664 725
664 920
664 954
664 986
665 360
665 448
665 661
665 740
665 760
665 765
665 915
666 453
666 678
666 776
666 923
666 955
666 981
666 986
667 326
667 584
667 664
667 850
667 907
667 948
667 961
668 696
668 698
668 827
668 899
668 907
668 911
668 954
669 622
669 644
669 692
669 780
669 854
669 938
669 977
670 60
670 117
670 178
670 644
670 689
670 698
670 963
671 576
671 880
671 915
671 943
671 961
671 967
671 988
672 656
672 760
672 855
672 866
672 902
672 935
672 988
673 450
673 691
673 715
673 717
673 834
673 859
673 892
674 687
674 800
674 900
674 955
674 980
674 985
674 987
675 495
675 739
675 830
675 894
675 943
675 954
675 980
676 70
676 383
676 733
676 788
676 871
676 950
676 967
677 136
677 526
677 649
677 770
677 771
677 923
677 963
678 15
678 658
678 666
678 762
678 837
678 902
678 923
679 811
679 819
679 847
679 865
679 959
679 980
679 998
680 198
680 568
680 703
680 888
680 948
680 982
680 991
681 161
681 686
681 704
681 722
681 851
681 879
681 909
682 443
682 533
682 638
682 768
682 860
682 933
682 956
683 473
683 476
683 492
683 724
683 752
683 962
683 995
684 592
684 765
684 909
684 965
684 967
684 992
684 999
685 417
685 515
685 809
685 842
685 844
685 977
685 998
686 548
686 681
686 687
686 691
686 849
686 975
686 986
687 534
687 674
687 686
687 723
687 816
687 949
687 955
688 512
688 525
688 738
688 793
688 867
688 971
688 999
689 491
689 670
689 902
689 935
689 942
689 980
689 998
690 548
690 752
690 801
690 873
690 897
690 944
690 963
691 342
691 446
691 673
691 686
691 876
691 923
691 986
692 669
692 696
692 736
692 803
692 811
692 819
692 835
693 261
693 365
693 712
693 898
693 960
693 988
693 998
694 812
694 896
694 925
694 947
694 971
694 983
694 990
695 16
695 652
695 714
695 848
695 857
695 899
695 903
695 985
696 352
696 668
696 692
696 767
696 788
696 918
696 926
696 994
697 439
697 639
697 815
697 835
697 852
697 970
697 974
697 994
698 334
698 629
698 668
698 670
698 723
698 767
698 828
698 993
699 325
699 544
699 718
699 868
699 903
699 912
699 958
699 998
700 426
700 601
700 646
700 701
700 937
700 953
700 985
700 991
701 361
701 477
701 700
701 735
701 782
701 862
701 908
701 991
702 566
702 711
702 749
702 886
702 913
702 980
702 994
702 996
703 331
703 663
703 680
703 874
703 941
703 949
703 968
703 981
704 274
704 470
704 681
704 729
704 867
704 964
704 965
704 995
705 321
705 416
705 729
705 749
705 794
705 968
705 982
705 993
706 380
706 660
706 734
706 791
706 886
706 903
706 968
706 981
707 361
707 533
707 615
707 710
707 868
707 870
707 939
707 997
708 126
708 819
708 852
708 853
708 877
708 881
708 890
708 989
709 229
709 239
709 742
709 948
709 950
709 976
709 991
709 998
710 296
710 583
710 707
710 799
710 836
710 903
710 934
710 965
711 656
711 702
711 797
711 865
711 890
711 940
711 970
711 980
712 120
712 194
712 581
712 693
712 771
712 892
712 958
712 994
713 100
713 397
713 486
713 524
713 574
713 860
713 954
713 991
714 99
714 263
714 695
714 748
714 867
714 930
714 945
714 984
715 530
715 621
715 673
715 805
715 953
715 968
715 983
715 988
716 258
716 294
716 500
716 607
716 774
716 833
716 938
716 985
717 88
717 605
717 673
717 914
717 938
717 954
717 963
717 982
718 237
718 362
718 452
718 699
718 725
718 827
718 858
718 864
719 107
719 164
719 302
719 375
719 578
719 722
719 891
719 999
720 137
720 203
720 231
720 273
720 288
720 373
720 863
720 980
721 100
721 408
721 613
721 738
721 747
721 768
721 921
721 967
722 117
722 139
722 487
722 583
722 681
722 719
722 755
722 939
723 114
723 242
723 687
723 698
723 734
723 804
723 909
723 946
724 683
724 757
724 805
724 863
724 955
724 957
724 960
724 965
725 248
725 664
725 718
725 867
725 943
725 982
725 994
725 995
726 218
726 798
726 830
726 892
726 896
726 911
726 985
726 995
727 316
727 355
727 460
727 462
727 773
727 848
727 930
727 983
728 245
728 319
728 376
728 448
728 818
728 841
728 967
728 991
729 704
729 705
729 798
729 815
729 868
729 951
729 962
729 991
730 319
730 359
730 518
730 643
730 645
730 851
730 935
730 938
731 497
731 513
731 634
731 774
731 816
731 893
731 939
731 959
732 295
732 336
732 525
732 570
732 771
732 845
732 934
732 953
733 19
733 140
733 486
733 663
733 676
733 773
733 911
733 988
734 57
734 271
734 706
734 723
734 900
734 934
734 976
734 979
735 174
735 315
735 701
735 926
735 939
735 951
735 984
735 988
736 42
736 274
736 537
736 592
736 692
736 754
736 874
736 983
737 207
737 488
737 517
737 753
737 790
737 860
737 869
737 959
737 988
738 213
738 453
738 534
738 688
738 721
738 771
738 886
738 894
738 919
739 528
739 632
739 675
739 770
739 840
739 899
739 974
739 977
739 998
740 479
740 489
740 603
740 637
740 665
740 866
740 904
740 972
740 997
741 373
741 607
741 608
741 622
741 827
741 838
741 904
741 962
741 977
742 272
742 644
742 648
742 709
742 797
742 827
742 928
742 942
742 945
743 284
743 343
743 524
743 532
743 838
743 921
743 979
743 981
743 986
744 54
744 112
744 359
744 473
744 826
744 851
744 866
744 908
744 956
745 14
745 482
745 748
745 824
745 835
745 910
745 922
745 940
745 985
746 257
746 388
746 627
746 777
746 783
746 829
746 908
746 946
746 976
747 338
747 434
747 721
747 765
747 818
747 863
747 911
747 956
747 992
748 660
748 714
748 745
748 779
748 886
748 925
748 975
748 993
748 996
749 406
749 522
749 597
749 634
749 702
749 705
749 803
749 879
749 917
750 249
750 357
750 428
750 470
750 547
750 603
750 767
750 984
750 988
751 107
751 300
751 587
751 595
751 795
751 860
751 916
751 948
751 978
752 590
752 652
752 683
752 690
752 775
752 798
752 818
752 899
752 983
753 58
753 155
753 287
753 387
753 737
753 774
753 913
753 984
753 985
754 379
754 598
754 600
754 736
754 757
754 849
754 944
754 962
754 987
755 436
755 566
755 582
755 722
755 878
755 890
755 916
755 946
755 997
756 512
756 527
756 596
756 760
756 889
756 894
756 964
756 974
756 984
757 63
757 724
757 754
757 793
757 885
757 903
757 933
757 936
757 989
758 348
758 439
758 493
758 635
758 877
758 900
758 946
758 948
758 990
759 636
759 764
759 817
759 873
759 930
759 941
759 956
759 982
759 990
760 51
760 354
760 638
760 665
760 672
760 756
760 810
760 898
760 929
761 292
761 310
761 552
761 599
761 614
761 815
761 820
761 905
761 909
762 447
762 678
762 786
762 850
762 868
762 927
762 978
762 981
762 987
763 207
763 421
763 816
763 916
763 935
763 948
763 965
763 966
763 982
764 59
764 113
764 602
764 759
764 811
764 813
764 830
764 983
764 995
765 389
765 601
765 609
765 665
765 684
765 747
765 920
765 991
765 995
766 11
766 233
766 485
766 508
766 536
766 902
766 920
766 950
766 966
767 568
767 696
767 698
767 750
767 769
767 859
767 883
767 891
767 894
768 205
768 283
768 630
768 682
768 721
768 947
768 966
768 981
768 999
769 440
769 767
769 813
769 849
769 904
769 934
769 962
769 971
769 994
770 124
770 614
770 677
770 739
770 821
770 873
770 901
770 921
770 979
771 53
771 152
771 384
771 677
771 712
771 732
771 738
771 824
771 981
772 11
772 347
772 398
772 420
772 643
772 901
772 912
772 943
772 970
772 990
773 196
773 335
773 396
773 543
773 619
773 727
773 733
773 906
773 956
773 979
774 31
774 593
774 716
774 731
774 753
774 804
774 819
774 842
774 920
774 957
775 246
775 529
775 658
775 752
775 853
775 948
775 964
775 975
775 976
775 986
776 8
776 279
776 510
776 666
776 785
776 825
776 912
776 920
776 928
776 937
777 93
777 310
777 330
777 746
777 778
777 875
777 971
777 983
777 991
777 998
778 35
778 205
778 413
778 467
778 662
778 777
778 813
778 846
778 898
778 924
779 239
779 445
779 588
779 748
779 788
779 800
779 826
779 839
779 948
779 969
780 219
780 327
780 392
780 449
780 452
780 669
780 795
780 909
780 915
780 928
781 230
781 303
781 785
781 804
781 831
781 839
781 847
781 909
781 937
781 942
782 290
782 521
782 588
782 620
782 646
782 701
782 823
782 903
782 905
782 956
783 251
783 405
783 746
783 787
783 789
783 803
783 810
783 815
783 895
783 930
784 184
784 654
784 787
784 812
784 831
784 844
784 924
784 929
784 969
784 997
785 65
785 444
785 555
785 776
785 781
785 819
785 829
785 858
785 893
785 943
786 57
786 244
786 616
786 618
786 658
786 762
786 872
786 875
786 889
786 913
787 51
787 162
787 440
787 569
787 783
787 784
787 850
787 852
787 904
787 933
788 382
788 676
788 696
788 779
788 938
788 944
788 969
788 980
788 992
788 998
789 387
789 397
789 480
789 783
789 870
789 888
789 891
789 894
789 941
789 996
790 236
790 513
790 534
790 657
790 737
790 809
790 950
790 959
790 994
790 995
791 159
791 354
791 455
791 459
791 706
791 853
791 948
791 963
791 973
791 978
792 31
792 324
792 577
792 582
792 809
792 852
792 855
792 920
792 930
792 945
793 424
793 447
793 688
793 757
793 892
793 952
793 957
793 975
793 995
793 999
794 53
794 81
794 291
794 471
794 543
794 705
794 878
794 966
794 986
794 992
795 292
795 332
795 436
795 568
795 751
795 780
795 814
795 907
795 922
795 994
796 111
796 214
796 269
796 388
796 413
796 633
796 635
796 951
796 964
796 973
797 72
797 559
797 572
797 711
797 742
797 818
797 829
797 890
797 918
797 974
798 0
798 161
798 589
798 726
798 729
798 752
798 803
798 945
798 984
798 997
799 502
799 561
799 710
799 872
799 902
799 938
799 948
799 983
799 985
799 993
800 368
800 395
800 446
800 466
800 526
800 633
800 674
800 779
800 829
800 992
801 99
801 277
801 438
801 615
801 690
801 884
801 953
801 969
801 970
801 971
802 289
802 517
802 834
802 836
802 846
802 871
802 921
802 955
802 976
802 997
803 259
803 692
803 749
803 783
803 798
803 844
803 845
803 941
803 984
803 998
804 311
804 379
804 457
804 723
804 774
804 781
804 808
804 829
804 976
804 988
805 177
805 410
805 509
805 715
805 724
805 882
805 892
805 957
805 979
805 997
806 77
806 304
806 582
806 608
806 822
806 838
806 921
806 935
806 976
806 979
807 167
807 414
807 428
807 824
807 837
807 857
807 913
807 986
807 987
807 995
808 301
808 345
808 484
808 804
808 834
808 904
808 908
808 968
808 973
808 982
808 997
809 240
809 365
809 461
809 616
809 685
809 790
809 792
809 840
809 956
809 983
809 994
810 61
810 102
810 619
810 621
810 760
810 783
810 828
810 887
810 898
810 978
810 984
811 505
811 525
811 560
811 679
811 692
811 764
811 846
811 884
811 906
811 953
811 964
812 185
812 300
812 454
812 594
812 694
812 784
812 838
812 858
812 897
812 978
812 999
813 442
813 764
813 769
813 778
813 838
813 864
813 885
813 908
813 915
813 927
813 941
814 540
814 579
814 585
814 592
814 624
814 795
814 822
814 823
814 867
814 922
814 932
815 2
815 48
815 115
815 433
815 697
815 729
815 761
815 783
815 832
815 915
815 923
816 85
816 415
816 454
816 621
816 687
816 731
816 763
816 922
816 936
816 937
816 996
817 113
817 544
817 759
817 871
817 874
817 912
817 945
817 948
817 969
817 981
817 988
818 580
818 620
818 648
818 728
818 747
818 752
818 797
818 841
818 875
818 887
818 971
819 435
819 531
819 594
819 595
819 679
819 692
819 708
819 774
819 785
819 885
819 899
820 5
820 221
820 441
820 485
820 761
820 839
820 896
820 903
820 928
820 989
820 992
821 319
821 328
821 349
821 492
821 770
821 912
821 913
821 936
821 955
821 956
821 993
822 103
822 380
822 383
822 626
822 806
822 814
822 830
822 940
822 950
822 961
822 964
823 40
823 59
823 247
823 266
823 333
823 561
823 606
823 782
823 814
823 847
823 883
824 466
824 543
824 550
824 590
824 745
824 771
824 807
824 839
824 840
824 866
824 871
824 926
825 48
825 146
825 356
825 437
825 776
825 847
825 889
825 915
825 916
825 942
825 967
825 970
826 173
826 653
826 744
826 779
826 827
826 871
826 890
826 893
826 908
826 930
826 959
826 978
827 79
827 257
827 391
827 642
827 668
827 718
827 741
827 742
827 826
827 834
827 907
827 985
828 186
828 431
828 612
828 698
828 810
828 837
828 872
828 873
828 882
828 925
828 931
828 937
829 347
829 570
829 746
829 785
829 797
829 800
829 804
829 836
829 861
829 945
829 966
829 980
830 0
830 166
830 322
830 398
830 551
830 675
830 726
830 764
830 822
830 932
830 977
830 991
831 0
831 99
831 160
831 276
831 535
831 650
831 781
831 784
831 925
831 976
831 989
831 992
832 190
832 616
832 638
832 815
832 842
832 849
832 879
832 885
832 935
832 947
832 960
832 971
833 27
833 96
833 232
833 376
833 716
833 835
833 837
833 854
833 896
833 915
833 970
833 984
834 27
834 187
834 501
834 611
834 673
834 802
834 808
834 827
834 873
834 931
834 974
834 989
835 54
835 692
835 697
835 745
835 833
835 847
835 854
835 859
835 872
835 886
835 934
835 971
836 196
836 340
836 384
836 593
836 710
836 802
836 829
836 891
836 907
836 922
836 966
836 988
837 62
837 427
837 607
837 678
837 807
837 828
837 833
837 863
837 903
837 904
837 970
837 985
838 76
838 122
838 620
838 741
838 743
838 806
838 812
838 813
838 857
838 862
838 893
838 968
839 341
839 485
839 604
839 779
839 781
839 820
839 824
839 849
839 946
839 948
839 952
839 962
840 265
840 452
840 524
840 569
840 739
840 809
840 824
840 949
840 957
840 976
840 978
840 984
841 116
841 269
841 364
841 439
841 518
841 622
841 659
841 728
841 818
841 842
841 932
841 944
841 983
842 24
842 363
842 599
842 644
842 685
842 774
842 832
842 841
842 843
842 909
842 924
842 950
842 975
843 19
843 194
843 294
843 500
843 586
843 842
843 853
843 858
843 864
843 872
843 897
843 904
843 919
844 346
844 417
844 567
844 634
844 685
844 784
844 803
844 865
844 931
844 940
844 969
844 970
844 991
845 176
845 190
845 366
845 576
845 732
845 803
845 863
845 869
845 895
845 896
845 902
845 935
845 952
846 22
846 341
846 578
846 609
846 778
846 802
846 811
846 862
846 879
846 938
846 960
846 965
846 996
847 171
847 253
847 400
847 679
847 781
847 823
847 825
847 835
847 848
847 854
847 916
847 963
847 993
848 216
848 318
848 337
848 695
848 727
848 847
848 851
848 866
848 921
848 965
848 969
848 979
848 991
849 102
849 128
849 149
849 686
849 754
849 769
849 832
849 839
849 852
849 858
849 861
849 912
849 933
850 168
850 296
850 401
850 453
850 558
850 595
850 667
850 762
850 787
850 895
850 945
850 980
850 995
851 95
851 409
851 585
851 596
851 621
851 681
851 730
851 744
851 848
851 871
851 890
851 970
851 997
852 142
852 179
852 331
852 581
852 697
852 708
852 787
852 792
852 849
852 954
852 958
852 974
852 979
853 496
853 708
853 775
853 791
853 843
853 856
853 874
853 902
853 906
853 919
853 925
853 933
853 991
854 324
854 565
854 621
854 669
854 833
854 835
854 847
854 860
854 877
854 920
854 969
854 974
854 983
855 39
855 281
855 418
855 454
855 655
855 672
855 792
855 858
855 874
855 907
855 963
855 982
855 992
856 131
856 213
856 302
856 334
856 511
856 598
856 613
856 853
856 867
856 907
856 946
856 952
856 993
857 141
857 395
857 431
857 617
857 647
857 659
857 695
857 807
857 838
857 917
857 925
857 979
857 988
858 234
858 365
858 499
858 508
858 600
858 718
858 785
858 812
858 843
858 849
858 855
858 890
858 935
859 105
859 263
859 431
859 443
859 481
859 673
859 767
859 835
859 862
859 916
859 936
859 943
859 959
859 991
860 279
860 297
860 370
860 444
860 532
860 658
860 682
860 713
860 737
860 751
860 854
860 862
860 933
860 999
861 308
861 403
861 549
861 615
861 639
861 829
861 849
861 887
861 893
861 912
861 920
861 952
861 977
861 997
862 127
862 239
862 371
862 399
862 425
862 429
862 471
862 701
862 838
862 846
862 859
862 860
862 883
862 941
863 141
863 173
863 635
863 720
863 724
863 747
863 837
863 845
863 907
863 933
863 938
863 949
863 964
863 998
864 116
864 208
864 231
864 238
864 313
864 456
864 545
864 718
864 813
864 843
864 893
864 932
864 936
864 947
865 506
865 536
865 603
865 632
865 651
865 679
865 711
865 844
865 882
865 927
865 962
865 965
865 980
865 994
866 298
866 613
866 672
866 740
866 744
866 824
866 848
866 876
866 883
866 892
866 906
866 985
866 990
866 992
867 28
867 89
867 362
867 688
867 704
867 714
867 725
867 814
867 856
867 898
867 920
867 939
867 957
867 984
867 986
868 29
868 209
868 436
868 586
868 625
868 699
868 707
868 729
868 762
868 877
868 880
868 888
868 939
868 964
868 990
869 74
869 180
869 258
869 435
869 472
869 663
869 737
869 845
869 913
869 928
869 941
869 958
869 963
869 978
869 992
870 98
870 135
870 218
870 488
870 500
870 573
870 643
870 707
870 789
870 897
870 903
870 932
870 974
870 985
870 992
871 47
871 252
871 327
871 361
871 477
871 676
871 802
871 817
871 824
871 826
871 851
871 885
871 937
871 951
871 968
872 109
872 200
872 360
872 388
872 511
872 786
872 799
872 828
872 835
872 843
872 879
872 885
872 958
872 986
872 987
873 13
873 314
873 539
873 649
873 690
873 759
873 770
873 828
873 834
873 877
873 890
873 899
873 935
873 987
873 997
874 244
874 359
874 631
874 703
874 736
874 817
874 853
874 855
874 893
874 909
874 959
874 960
874 966
874 969
874 997
875 275
875 383
875 424
875 587
875 612
875 660
875 777
875 786
875 818
875 884
875 888
875 899
875 917
875 940
875 968
876 37
876 50
876 75
876 165
876 378
876 623
876 625
876 653
876 691
876 866
876 879
876 912
876 925
876 944
876 992
877 196
877 278
877 341
877 363
877 543
877 555
877 708
877 758
877 854
877 868
877 873
877 882
877 927
877 940
877 978
878 244
878 291
878 312
878 314
878 386
878 412
878 552
878 755
878 794
878 905
878 917
878 923
878 942
878 956
878 992
879 122
879 611
879 628
879 681
879 749
879 832
879 846
879 872
879 876
879 969
879 977
879 981
879 983
879 989
879 990
880 259
880 408
880 461
880 652
880 671
880 868
880 889
880 918
880 936
880 952
880 956
880 978
880 986
880 988
880 998
881 47
881 90
881 167
881 176
881 181
881 216
881 503
881 519
881 595
881 616
881 708
881 885
881 888
881 928
881 981
882 56
882 318
882 369
882 499
882 509
882 540
882 643
882 646
882 805
882 828
882 865
882 877
882 954
882 977
882 983
883 132
883 148
883 342
883 512
883 652
883 653
883 767
883 823
883 862
883 866
883 889
883 918
883 941
883 943
883 969
884 91
884 115
884 195
884 427
884 510
884 512
884 574
884 625
884 801
884 811
884 875
884 914
884 939
884 950
884 964
885 458
885 568
885 620
885 757
885 813
885 819
885 832
885 871
885 872
885 881
885 897
885 919
885 920
885 928
885 968
885 974
886 257
886 366
886 375
886 507
886 557
886 607
886 656
886 702
886 706
886 738
886 748
886 835
886 888
886 893
886 896
886 911
887 243
887 285
887 293
887 451
887 477
887 532
887 810
887 818
887 861
887 889
887 898
887 911
887 924
887 958
887 967
887 994
888 24
888 144
888 193
888 268
888 488
888 564
888 567
888 680
888 789
888 868
888 875
888 881
888 886
888 913
888 914
888 927
889 307
889 399
889 627
889 756
889 786
889 825
889 880
889 883
889 887
889 893
889 898
889 927
889 936
889 992
889 993
889 996
890 4
890 92
890 285
890 558
890 567
890 708
890 711
890 755
890 797
890 826
890 851
890 858
890 873
890 914
890 952
890 993
891 28
891 147
891 340
891 462
891 496
891 499
891 646
891 719
891 767
891 789
891 836
891 933
891 949
891 952
891 988
891 998
892 120
892 170
892 454
892 534
892 582
892 673
892 712
892 726
892 793
892 805
892 866
892 895
892 914
892 934
892 960
892 991
893 459
893 602
893 731
893 785
893 826
893 838
893 861
893 864
893 874
893 886
893 889
893 932
893 959
893 977
893 987
893 999
894 8
894 26
894 33
894 65
894 243
894 321
894 473
894 675
894 738
894 756
894 767
894 789
894 895
894 929
894 953
894 965
895 220
895 329
895 389
895 419
895 783
895 845
895 850
895 892
895 894
895 919
895 941
895 946
895 959
895 966
895 979
895 985
896 32
896 211
896 411
896 417
896 585
896 694
896 726
896 820
896 833
896 845
896 886
896 899
896 933
896 956
896 986
896 989
896 991
897 12
897 38
897 178
897 467
897 469
897 497
897 545
897 549
897 566
897 594
897 690
897 812
897 843
897 870
897 885
897 914
897 997
898 30
898 556
898 693
898 760
898 778
898 810
898 867
898 887
898 889
898 929
898 932
898 935
898 936
898 961
898 980
898 988
898 995
899 232
899 282
899 393
899 484
899 668
899 695
899 739
899 752
899 819
899 873
899 875
899 896
899 956
899 964
899 985
899 992
899 996
900 63
900 324
900 364
900 369
900 674
900 734
900 758
900 910
900 913
900 930
900 932
900 936
900 964
900 965
900 977
900 978
900 983
901 20
901 119
901 412
901 490
901 520
901 522
901 583
901 770
901 772
901 904
901 935
901 946
901 954
901 962
901 975
901 989
901 992
902 49
902 53
902 127
902 358
902 402
902 514
902 553
902 672
902 678
902 689
902 766
902 799
902 845
902 853
902 940
902 953
902 996
903 69
903 408
903 546
903 575
903 695
903 699
903 706
903 710
903 757
903 782
903 820
903 837
903 870
903 916
903 933
903 957
903 998
904 184
904 588
904 657
904 740
904 741
904 769
904 787
904 808
904 837
904 843
904 901
904 908
904 957
904 980
904 983
904 987
904 990
905 166
905 201
905 381
905 393
905 576
905 603
905 620
905 629
905 639
905 655
905 761
905 782
905 878
905 916
905 924
905 953
905 960
905 993
906 38
906 112
906 362
906 465
906 620
906 627
906 773
906 811
906 853
906 866
906 919
906 929
906 950
906 970
906 983
906 986
906 993
906 994
907 111
907 173
907 389
907 483
907 495
907 526
907 667
907 668
907 795
907 827
907 836
907 855
907 856
907 863
907 909
907 940
907 963
907 997
908 21
908 22
908 124
908 203
908 520
908 622
908 701
908 744
908 746
908 808
908 813
908 826
908 904
908 921
908 944
908 951
908 972
908 987
909 13
909 73
909 386
909 453
909 504
909 591
909 626
909 681
909 684
909 723
909 761
909 780
909 781
909 842
909 874
909 907
909 931
909 954
910 25
910 58
910 266
910 292
910 391
910 461
910 562
910 582
910 635
910 745
910 900
910 931
910 932
910 940
910 942
910 946
910 961
910 972
911 16
911 261
911 298
911 353
911 421
911 483
911 558
911 602
911 644
911 668
911 726
911 733
911 747
911 886
911 887
911 919
911 947
911 999
912 32
912 226
912 228
912 348
912 388
912 589
912 636
912 699
912 772
912 776
912 817
912 821
912 849
912 861
912 876
912 932
912 985
912 991
913 326
913 472
913 497
913 507
913 569
913 586
913 662
913 702
913 753
913 786
913 807
913 821
913 869
913 888
913 900
913 918
913 929
913 957
913 967
914 13
914 221
914 289
914 516
914 523
914 559
914 567
914 662
914 717
914 884
914 888
914 890
914 892
914 897
914 936
914 939
914 975
914 978
914 990
915 7
915 45
915 406
915 651
915 665
915 671
915 780
915 813
915 815
915 825
915 833
915 933
915 959
915 962
915 968
915 973
915 979
915 984
915 997
916 250
916 318
916 458
916 506
916 531
916 657
916 751
916 755
916 763
916 825
916 847
916 859
916 903
916 905
916 929
916 946
916 962
916 974
916 975
917 126
917 238
917 354
917 387
917 498
917 660
917 749
917 857
917 875
917 878
917 930
917 940
917 955
917 961
917 973
917 987
917 995
917 997
917 999
918 186
918 281
918 294
918 309
918 628
918 659
918 696
918 797
918 880
918 883
918 913
918 920
918 926
918 931
918 954
918 961
918 977
918 981
918 994
919 217
919 235
919 256
919 313
919 484
919 506
919 738
919 843
919 853
919 885
919 895
919 906
919 911
919 922
919 924
919 938
919 950
919 991
919 999
920 486
920 604
920 663
920 664
920 765
920 766
920 774
920 776
920 792
920 854
920 861
920 867
920 885
920 918
920 947
920 950
920 976
920 977
920 988
920 990
921 60
921 214
921 311
921 349
921 443
921 481
921 504
921 721
921 743
921 770
921 802
921 806
921 848
921 908
921 928
921 939
921 954
921 958
921 980
921 986
922 75
922 94
922 142
922 191
922 480
922 482
922 638
922 640
922 745
922 795
922 814
922 816
922 836
922 919
922 924
922 952
922 956
922 963
922 983
922 994
923 46
923 200
923 304
923 336
923 382
923 416
923 514
923 581
923 648
923 666
923 677
923 678
923 691
923 815
923 878
923 934
923 961
923 962
923 983
923 987
924 87
924 106
924 313
924 317
924 453
924 466
924 580
924 585
924 626
924 640
924 778
924 784
924 842
924 887
924 905
924 919
924 922
924 925
924 940
924 958
924 960
925 3
925 304
925 334
925 440
925 500
925 520
925 694
925 748
925 828
925 831
925 853
925 857
925 876
925 924
925 940
925 948
925 949
925 972
925 994
925 995
925 996
926 344
926 420
926 435
926 466
926 497
926 563
926 565
926 613
926 617
926 661
926 696
926 735
926 824
926 918
926 928
926 934
926 937
926 944
926 955
926 956
926 976
926 980
927 6
927 134
927 358
927 365
927 464
927 471
927 488
927 573
927 603
927 653
927 762
927 813
927 865
927 877
927 888
927 889
927 941
927 967
927 969
927 981
927 982
927 996
928 29
928 187
928 224
928 316
928 347
928 457
928 552
928 619
928 635
928 641
928 742
928 776
928 780
928 820
928 869
928 881
928 885
928 921
928 926
928 939
928 980
928 990
929 36
929 254
929 264
929 284
929 288
929 487
929 491
929 645
929 760
929 784
929 894
929 898
929 906
929 913
929 916
929 946
929 955
929 964
929 971
929 980
929 984
929 987
929 988
930 12
930 86
930 351
930 486
930 530
930 546
930 549
930 587
930 610
930 714
930 727
930 759
930 783
930 792
930 826
930 900
930 917
930 931
930 944
930 946
930 954
930 966
930 997
931 286
931 297
931 404
931 433
931 532
931 584
931 606
931 624
931 638
931 657
931 828
931 834
931 844
931 909
931 910
931 918
931 930
931 937
931 942
931 947
931 949
931 982
931 984
932 17
932 229
932 441
932 463
932 465
932 478
932 563
932 586
932 651
932 814
932 830
932 841
932 864
932 870
932 893
932 898
932 900
932 910
932 912
932 934
932 946
932 980
932 996
933 136
933 153
933 154
933 312
933 391
933 478
933 640
933 682
933 757
933 787
933 849
933 853
933 860
933 863
933 891
933 896
933 903
933 915
933 939
933 952
933 955
933 963
933 987
934 34
934 64
934 156
934 427
934 465
934 492
934 507
934 547
934 560
934 657
934 660
934 710
934 732
934 734
934 769
934 835
934 892
934 923
934 926
934 932
934 941
934 955
934 956
935 89
935 329
935 337
935 535
935 553
935 568
935 612
935 672
935 689
935 730
935 763
935 806
935 832
935 845
935 858
935 873
935 898
935 901
935 942
935 944
935 991
935 993
935 996
935 999
936 164
936 331
936 468
936 481
936 485
936 560
936 757
936 816
936 821
936 859
936 864
936 880
936 889
936 898
936 900
936 914
936 939
936 942
936 950
936 957
936 970
936 982
936 989
936 999
937 55
937 143
937 158
937 299
937 518
937 528
937 614
937 630
937 700
937 776
937 781
937 816
937 828
937 871
937 926
937 931
937 958
937 974
937 976
937 983
937 991
937 993
937 996
937 998
938 16
938 52
938 241
938 385
938 415
938 424
938 508
938 578
938 593
938 601
938 638
938 669
938 716
938 717
938 730
938 788
938 799
938 846
938 863
938 919
938 942
938 968
938 969
938 971
939 1
939 33
939 106
939 401
939 416
939 464
939 505
939 509
939 564
939 707
939 722
939 731
939 735
939 867
939 868
939 884
939 914
939 921
939 928
939 933
939 936
939 949
939 950
939 994
940 236
940 276
940 286
940 392
940 454
940 472
940 591
940 639
940 711
940 745
940 822
940 844
940 875
940 877
940 902
940 907
940 910
940 917
940 924
940 925
940 957
940 982
940 983
940 987
941 130
941 191
941 376
941 380
941 462
941 506
941 567
941 569
941 703
941 759
941 789
941 803
941 813
941 862
941 869
941 883
941 895
941 927
941 934
941 959
941 965
941 979
941 990
941 994
942 192
942 212
942 238
942 323
942 420
942 474
942 648
942 689
942 742
942 781
942 825
942 878
942 910
942 931
942 935
942 936
942 938
942 943
942 952
942 953
942 957
942 961
942 979
942 981
943 29
943 64
943 275
943 428
943 557
943 579
943 612
943 624
943 649
943 657
943 671
943 675
943 725
943 772
943 785
943 859
943 883
943 942
943 945
943 954
943 962
943 972
943 976
943 979
943 992
944 5
944 177
944 283
944 286
944 363
944 489
944 494
944 499
944 513
944 517
944 521
944 527
944 572
944 591
944 690
944 754
944 788
944 841
944 876
944 908
944 926
944 930
944 935
944 946
944 948
945 14
945 307
945 350
945 377
945 541
945 592
945 609
945 659
945 714
945 742
945 792
945 798
945 817
945 829
945 850
945 943
945 946
945 948
945 952
945 953
945 966
945 977
945 979
945 989
945 993
945 999
946 19
946 262
946 372
946 484
946 542
946 545
946 663
946 723
946 746
946 755
946 758
946 839
946 856
946 895
946 901
946 910
946 916
946 929
946 930
946 932
946 944
946 945
946 951
946 959
946 964
946 989
947 30
947 93
947 137
947 168
947 284
947 293
947 346
947 476
947 566
947 617
947 635
947 694
947 768
947 832
947 864
947 911
947 920
947 931
947 951
947 963
947 965
947 969
947 970
947 980
947 982
947 983
948 73
948 213
948 255
948 346
948 399
948 596
948 606
948 651
948 667
948 680
948 709
948 751
948 758
948 763
948 775
948 779
948 791
948 799
948 817
948 839
948 925
948 944
948 945
948 956
948 977
948 995
949 46
949 138
949 192
949 202
949 223
949 302
949 402
949 451
949 473
949 596
949 604
949 628
949 687
949 703
949 840
949 863
949 891
949 925
949 931
949 939
949 958
949 973
949 981
949 987
949 988
949 989
949 993
950 61
950 269
950 270
950 282
950 368
950 423
950 432
950 481
950 489
950 505
950 615
950 661
950 676
950 709
950 766
950 790
950 822
950 842
950 884
950 906
950 919
950 920
950 936
950 939
950 959
950 967
950 995
951 194
951 214
951 325
951 328
951 416
951 432
951 456
951 503
951 531
951 571
951 623
951 627
951 630
951 658
951 729
951 735
951 796
951 871
951 908
951 946
951 947
951 957
951 959
951 963
951 970
951 987
951 988
952 252
952 374
952 394
952 400
952 521
952 540
952 557
952 641
952 793
952 839
952 845
952 856
952 861
952 880
952 890
952 891
952 922
952 933
952 942
952 945
952 959
952 967
952 972
952 985
952 986
952 989
952 999
953 4
953 10
953 147
953 181
953 222
953 309
953 337
953 353
953 409
953 447
953 605
953 700
953 715
953 732
953 801
953 811
953 894
953 902
953 905
953 942
953 945
953 955
953 975
953 978
953 982
953 993
953 994
954 2
954 148
954 203
954 245
954 315
954 339
954 352
954 441
954 489
954 519
954 548
954 594
954 664
954 668
954 675
954 713
954 717
954 852
954 882
954 901
954 909
954 918
954 921
954 930
954 943
954 983
954 988
954 996
955 18
955 274
955 287
955 320
955 464
955 576
955 591
955 606
955 623
955 632
955 666
955 674
955 687
955 724
955 802
955 821
955 917
955 926
955 929
955 933
955 934
955 953
955 959
955 968
955 972
955 975
955 990
955 991
956 306
956 476
956 541
956 545
956 556
956 562
956 682
956 744
956 747
956 759
956 773
956 782
956 809
956 821
956 878
956 880
956 896
956 899
956 922
956 926
956 934
956 948
956 957
956 976
956 979
956 986
956 996
956 999
957 6
957 9
957 25
957 69
957 330
957 335
957 355
957 390
957 455
957 598
957 724
957 774
957 793
957 805
957 840
957 867
957 903
957 904
957 913
957 936
957 940
957 942
957 951
957 956
957 961
957 968
957 977
957 979
958 120
958 175
958 209
958 308
958 377
958 460
958 564
958 569
958 654
958 656
958 659
958 662
958 699
958 712
958 852
958 869
958 872
958 887
958 921
958 924
958 937
958 949
958 964
958 965
958 973
958 981
958 987
958 997
959 123
959 270
959 379
959 579
959 604
959 679
959 731
959 737
959 790
959 826
959 859
959 874
959 893
959 895
959 915
959 941
959 946
959 950
959 951
959 952
959 955
959 966
959 973
959 982
959 991
959 992
959 995
959 998
960 95
960 174
960 250
960 277
960 317
960 323
960 369
960 445
960 446
960 573
960 585
960 621
960 624
960 629
960 640
960 643
960 693
960 724
960 832
960 846
960 874
960 892
960 905
960 924
960 965
960 969
960 972
960 978
960 998
961 42
961 188
961 367
961 392
961 488
961 546
961 563
961 632
961 642
961 667
961 671
961 822
961 898
961 910
961 917
961 918
961 923
961 942
961 957
961 963
961 967
961 970
961 973
961 975
961 978
961 983
961 984
961 989
961 999
962 60
962 78
962 82
962 188
962 225
962 328
962 333
962 554
962 597
962 599
962 613
962 683
962 729
962 741
962 754
962 769
962 839
962 865
962 901
962 915
962 916
962 923
962 943
962 968
962 972
962 974
962 985
962 996
962 998
963 74
963 77
963 96
963 158
963 195
963 201
963 314
963 386
963 539
963 554
963 560
963 604
963 670
963 677
963 690
963 717
963 791
963 847
963 855
963 869
963 907
963 922
963 933
963 947
963 951
963 961
963 964
963 976
963 978
963 988
964 118
964 264
964 298
964 352
964 373
964 410
964 452
964 457
964 510
964 541
964 576
964 704
964 756
964 775
964 796
964 811
964 822
964 863
964 868
964 884
964 899
964 900
964 929
964 946
964 958
964 963
964 965
964 976
964 985
964 996
965 102
965 407
965 410
965 471
965 475
965 505
965 521
965 556
965 565
965 632
965 634
965 684
965 704
965 710
965 724
965 763
965 846
965 848
965 865
965 894
965 900
965 941
965 947
965 958
965 960
965 964
965 985
965 990
965 996
965 999
966 40
966 92
966 129
966 248
966 285
966 305
966 357
966 358
966 371
966 425
966 482
966 493
966 516
966 523
966 574
966 596
966 763
966 766
966 768
966 794
966 829
966 836
966 874
966 895
966 930
966 945
966 959
966 986
966 989
966 993
967 20
967 43
967 133
967 140
967 216
967 240
967 366
967 498
967 513
967 527
967 598
967 600
967 631
967 645
967 671
967 676
967 684
967 721
967 728
967 825
967 887
967 913
967 927
967 950
967 952
967 961
967 981
967 986
967 991
967 998
968 146
968 153
968 210
968 252
968 260
968 280
968 327
968 342
968 611
968 703
968 705
968 706
968 715
968 808
968 838
968 871
968 875
968 885
968 915
968 938
968 955
968 957
968 962
968 970
968 972
968 977
968 983
968 984
968 989
968 997
968 999
969 23
969 42
969 145
969 183
969 204
969 246
969 308
969 345
969 418
969 486
969 530
969 578
969 779
969 784
969 788
969 801
969 817
969 844
969 848
969 854
969 874
969 879
969 883
969 927
969 938
969 947
969 960
969 988
969 993
969 994
969 995
970 36
970 39
970 289
970 368
970 396
970 408
970 410
970 445
970 538
970 552
970 607
970 697
970 711
970 772
970 801
970 825
970 833
970 837
970 844
970 851
970 906
970 936
970 947
970 951
970 961
970 968
970 977
970 980
970 983
970 993
970 999
971 18
971 119
971 152
971 210
971 256
971 342
971 355
971 419
971 509
971 514
971 538
971 539
971 583
971 610
971 659
971 688
971 694
971 769
971 777
971 801
971 818
971 832
971 835
971 929
971 938
971 972
971 978
971 984
971 986
971 987
971 995
971 998
972 4
972 56
972 104
972 109
972 181
972 292
972 370
972 372
972 437
972 455
972 463
972 495
972 537
972 563
972 610
972 639
972 652
972 740
972 908
972 910
972 925
972 943
972 952
972 955
972 960
972 962
972 968
972 971
972 978
972 989
972 995
972 996
973 70
973 141
973 162
973 260
973 326
973 400
973 437
973 444
973 449
973 468
973 506
973 508
973 514
973 547
973 631
973 652
973 791
973 796
973 808
973 915
973 917
973 949
973 958
973 959
973 961
973 974
973 977
973 981
973 986
973 989
973 991
973 994
973 997
974 1
974 82
974 84
974 108
974 121
974 295
974 316
974 357
974 430
974 469
974 503
974 507
974 587
974 600
974 697
974 739
974 756
974 797
974 834
974 852
974 854
974 870
974 885
974 916
974 937
974 962
974 973
974 975
974 979
974 981
974 994
974 995
974 996
974 998
975 79
975 87
975 117
975 171
975 184
975 223
975 230
975 371
975 382
975 542
975 554
975 594
975 605
975 636
975 654
975 661
975 686
975 748
975 775
975 793
975 842
975 901
975 914
975 916
975 953
975 955
975 961
975 974
975 978
975 979
975 982
975 984
975 992
975 993
975 994
976 5
976 7
976 20
976 111
976 118
976 189
976 240
976 423
976 501
976 570
976 641
976 709
976 734
976 746
976 775
976 802
976 804
976 806
976 831
976 840
976 920
976 926
976 937
976 943
976 956
976 963
976 964
976 979
976 981
976 982
976 988
976 989
976 990
976 991
976 994
977 73
977 91
977 187
977 241
977 287
977 353
977 430
977 463
977 470
977 566
977 605
977 650
977 669
977 685
977 739
977 741
977 830
977 861
977 879
977 882
977 893
977 900
977 918
977 920
977 945
977 948
977 957
977 968
977 970
977 973
977 981
977 984
977 988
977 998
977 999
978 15
978 49
978 157
978 235
978 268
978 287
978 302
978 480
978 533
978 575
978 607
978 609
978 751
978 762
978 791
978 810
978 812
978 826
978 840
978 869
978 877
978 880
978 900
978 914
978 953
978 960
978 961
978 963
978 971
978 972
978 975
978 986
978 989
978 990
978 994
978 995
979 65
979 180
979 189
979 286
979 306
979 351
979 352
979 390
979 412
979 456
979 558
979 586
979 662
979 734
979 743
979 770
979 773
979 805
979 806
979 848
979 852
979 857
979 895
979 915
979 941
979 942
979 943
979 945
979 956
979 957
979 974
979 975
979 976
979 981
979 991
979 995
979 997
980 115
980 122
980 198
980 249
980 284
980 304
980 317
980 332
980 339
980 480
980 517
980 583
980 591
980 608
980 646
980 663
980 674
980 675
980 679
980 689
980 702
980 711
980 720
980 788
980 829
980 850
980 865
980 898
980 904
980 921
980 926
980 928
980 929
980 932
980 947
980 970
980 988
980 997
981 149
981 169
981 206
981 217
981 262
981 273
981 320
981 431
981 533
981 550
981 572
981 577
981 615
981 649
981 666
981 703
981 706
981 743
981 762
981 768
981 771
981 817
981 879
981 881
981 918
981 927
981 942
981 949
981 958
981 967
981 973
981 974
981 976
981 977
981 979
981 982
981 992
981 999
982 9
982 151
982 182
982 272
982 295
982 323
982 373
982 379
982 405
982 425
982 519
982 561
982 596
982 604
982 642
982 648
982 656
982 680
982 705
982 717
982 725
982 759
982 763
982 808
982 855
982 927
982 931
982 936
982 940
982 947
982 953
982 959
982 975
982 976
982 981
982 984
982 990
982 994
982 998
983 98
983 108
983 114
983 155
983 191
983 263
983 315
983 460
983 476
983 479
983 648
983 694
983 715
983 727
983 736
983 752
983 764
983 777
983 799
983 809
983 841
983 854
983 879
983 882
983 900
983 904
983 906
983 922
983 923
983 937
983 940
983 947
983 954
983 961
983 968
983 970
983 984
983 985
983 990
984 22
984 70
984 79
984 110
984 125
984 253
984 420
984 465
984 544
984 559
984 565
984 614
984 637
984 714
984 735
984 750
984 753
984 756
984 798
984 803
984 810
984 833
984 840
984 867
984 915
984 929
984 931
984 961
984 968
984 971
984 975
984 977
984 982
984 983
984 988
984 990
984 992
984 996
984 997
984 998
985 15
985 68
985 86
985 93
985 163
985 315
985 407
985 417
985 518
985 528
985 536
985 545
985 616
985 644
985 645
985 649
985 662
985 674
985 695
985 700
985 716
985 726
985 745
985 753
985 799
985 827
985 837
985 866
985 870
985 895
985 899
985 912
985 952
985 962
985 964
985 965
985 983
985 991
985 998
985 999
986 21
986 67
986 103
986 146
986 197
986 265
986 293
986 330
986 403
986 494
986 529
986 562
986 587
986 599
986 601
986 611
986 664
986 666
986 686
986 691
986 743
986 775
986 794
986 807
986 867
986 872
986 880
986 896
986 906
986 921
986 952
986 956
986 966
986 967
986 971
986 973
986 978
986 991
986 992
986 996
987 54
987 121
987 128
987 150
987 167
987 176
987 225
987 226
987 271
987 312
987 361
987 374
987 396
987 402
987 482
987 547
987 609
987 617
987 658
987 663
987 674
987 754
987 762
987 807
987 872
987 873
987 893
987 904
987 908
987 917
987 923
987 929
987 933
987 940
987 949
987 951
987 958
987 971
987 990
987 994
987 997
988 17
988 23
988 103
988 129
988 170
988 182
988 255
988 282
988 324
988 344
988 395
988 403
988 500
988 650
988 671
988 672
988 693
988 715
988 733
988 735
988 737
988 750
988 804
988 817
988 836
988 857
988 880
988 891
988 898
988 920
988 929
988 949
988 951
988 954
988 963
988 969
988 976
988 977
988 980
988 984
988 994
988 999
989 40
989 81
989 105
989 134
989 153
989 186
989 188
989 363
989 370
989 398
989 425
989 501
989 540
989 556
989 581
989 582
989 600
989 634
989 708
989 757
989 820
989 831
989 834
989 879
989 896
989 901
989 936
989 945
989 946
989 949
989 952
989 961
989 966
989 968
989 972
989 973
989 976
989 978
989 990
989 995
989 997
989 998
989 999
990 72
990 81
990 92
990 94
990 227
990 242
990 265
990 355
990 374
990 377
990 424
990 443
990 451
990 587
990 595
990 601
990 653
990 694
990 758
990 759
990 772
990 866
990 868
990 879
990 904
990 914
990 920
990 928
990 941
990 955
990 965
990 976
990 978
990 982
990 983
990 984
990 987
990 989
990 992
990 993
990 994
990 995
990 996
991 71
991 139
991 144
991 272
991 309
991 367
991 449
991 529
991 537
991 589
991 608
991 625
991 626
991 680
991 700
991 701
991 709
991 713
991 728
991 729
991 765
991 777
991 830
991 844
991 848
991 853
991 859
991 892
991 896
991 912
991 919
991 935
991 937
991 955
991 959
991 967
991 973
991 976
991 979
991 985
991 986
991 997
991 998
992 33
992 41
992 61
992 68
992 96
992 108
992 109
992 110
992 132
992 172
992 215
992 421
992 426
992 430
992 461
992 538
992 541
992 627
992 654
992 684
992 747
992 788
992 794
992 800
992 820
992 831
992 855
992 866
992 869
992 870
992 876
992 878
992 889
992 899
992 901
992 943
992 959
992 975
992 981
992 984
992 986
992 990
992 998
993 11
993 17
993 56
993 130
993 171
993 198
993 207
993 211
993 219
993 222
993 229
993 233
993 394
993 463
993 469
993 470
993 550
993 551
993 578
993 579
993 641
993 698
993 705
993 748
993 799
993 821
993 847
993 856
993 889
993 890
993 905
993 906
993 935
993 937
993 945
993 949
993 953
993 966
993 969
993 970
993 975
993 990
993 996
993 999
994 35
994 123
994 161
994 215
994 251
994 253
994 262
994 335
994 338
994 372
994 384
994 504
994 544
994 549
994 554
994 584
994 590
994 657
994 696
994 697
994 702
994 712
994 725
994 769
994 790
994 795
994 809
994 865
994 887
994 906
994 918
994 922
994 925
994 939
994 941
994 953
994 969
994 973
994 974
994 975
994 976
994 978
994 982
994 987
994 988
994 990
995 26
995 31
995 71
995 84
995 97
995 158
995 183
995 197
995 204
995 246
995 384
995 396
995 418
995 472
995 550
995 554
995 559
995 580
995 610
995 645
995 655
995 656
995 683
995 704
995 725
995 726
995 764
995 765
995 790
995 793
995 807
995 850
995 898
995 917
995 925
995 948
995 950
995 959
995 969
995 971
995 972
995 974
995 978
995 979
995 989
995 990
995 998
996 51
996 112
996 206
996 209
996 227
996 290
996 305
996 306
996 307
996 337
996 345
996 376
996 390
996 433
996 470
996 479
996 501
996 540
996 556
996 561
996 576
996 593
996 630
996 702
996 748
996 789
996 816
996 846
996 889
996 899
996 902
996 925
996 927
996 932
996 935
996 937
996 954
996 956
996 962
996 964
996 965
996 972
996 974
996 984
996 986
996 990
996 993
996 997
997 48
997 78
997 182
997 298
997 321
997 335
997 359
997 371
997 413
997 429
997 432
997 516
997 518
997 552
997 590
997 623
997 629
997 639
997 641
997 648
997 655
997 707
997 740
997 755
997 784
997 798
997 802
997 805
997 808
997 851
997 861
997 873
997 874
997 897
997 907
997 915
997 917
997 930
997 958
997 968
997 973
997 979
997 980
997 984
997 987
997 989
997 991
997 996
998 6
998 189
998 193
998 204
998 218
998 220
998 228
998 232
998 260
998 279
998 300
998 346
998 385
998 414
998 467
998 475
998 493
998 551
998 646
998 659
998 679
998 685
998 689
998 693
998 699
998 709
998 739
998 777
998 788
998 803
998 863
998 880
998 891
998 903
998 937
998 959
998 960
998 962
998 967
998 971
998 974
998 977
998 982
998 984
998 985
998 989
998 991
998 992
998 995
999 69
999 71
999 231
999 254
999 299
999 319
999 344
999 358
999 372
999 374
999 377
999 429
999 432
999 455
999 457
999 491
999 515
999 544
999 575
999 592
999 618
999 626
999 628
999 647
999 684
999 688
999 719
999 768
999 793
999 812
999 860
999 893
999 911
999 917
999 919
999 935
999 936
999 945
999 952
999 956
999 961
999 965
999 968
999 970
999 977
999 981
999 985
999 988
999 989
999 993
