0 526
0 659
0 963
1 165
1 796
1 943
2 872
2 941
2 987
3 419
3 867
3 898
4 863
4 964
4 996
5 342
5 872
5 946
6 184
6 860
6 920
7 945
7 954
7 997
8 623
8 663
8 808
9 50
9 80
9 700
10 71
10 671
10 979
11 975
11 986
11 994
12 69
12 873
12 886
13 136
13 921
13 994
14 343
14 445
14 814
15 707
15 803
15 966
16 327
16 803
16 995
17 85
17 955
17 996
18 695
18 808
18 942
19 645
19 981
19 984
20 301
20 456
20 940
21 244
21 753
21 785
22 76
22 856
22 871
23 330
23 877
23 913
24 151
24 898
24 976
25 264
25 911
25 952
26 911
26 968
26 994
27 403
27 770
27 897
28 370
28 985
28 999
29 315
29 913
29 960
30 924
30 946
30 953
31 291
31 858
31 896
32 945
32 969
32 980
33 813
33 951
33 971
34 852
34 910
34 984
35 940
35 963
35 998
36 407
36 948
36 964
37 966
37 976
37 997
38 576
38 788
38 956
39 377
39 782
39 991
40 975
40 976
40 990
41 427
41 976
41 977
42 418
42 936
42 944
43 958
43 993
43 994
44 904
44 927
44 930
45 628
45 802
45 965
46 461
46 798
46 997
47 820
47 835
47 981
48 334
48 798
48 963
49 363
49 685
49 919
50 9
50 636
50 854
51 83
51 866
51 995
52 698
52 981
52 997
53 236
53 872
53 954
54 490
54 877
54 917
55 69
55 742
55 788
56 960
56 964
56 996
57 830
57 910
57 973
58 877
58 893
58 979
59 900
59 943
59 987
60 841
60 884
60 943
61 82
61 638
61 927
62 330
62 643
62 948
63 558
63 560
63 848
64 287
64 409
64 987
65 719
65 863
65 990
66 521
66 886
66 965
67 857
67 909
67 966
68 653
68 957
68 990
69 12
69 55
69 803
70 482
70 817
70 962
71 10
71 630
71 993
72 787
72 880
72 906
73 415
73 622
73 937
74 712
74 849
74 964
75 821
75 902
75 913
76 22
76 719
76 998
77 336
77 795
77 994
78 271
78 856
78 990
79 220
79 981
79 983
80 9
80 793
80 962
81 741
81 831
81 963
82 61
82 859
82 981
83 51
83 338
83 905
84 908
84 969
84 977
85 17
85 541
85 876
86 886
86 902
86 937
87 296
87 938
87 987
88 852
88 953
88 957
89 334
89 900
89 954
90 848
90 953
90 995
91 325
91 752
91 989
92 831
92 991
92 997
93 645
93 651
93 778
94 751
94 821
94 994
95 414
95 556
95 902
96 263
96 814
96 992
97 487
97 920
97 940
98 468
98 968
98 991
99 117
99 895
99 943
100 448
100 833
100 942
101 735
101 837
101 963
102 530
102 933
102 952
103 303
103 964
103 997
104 348
104 858
104 898
105 832
105 935
105 969
106 477
106 755
106 864
107 471
107 599
107 689
108 349
108 874
108 994
109 350
109 910
109 980
110 653
110 761
110 985
111 353
111 942
111 971
112 896
112 937
112 998
113 608
113 964
113 986
114 242
114 756
114 963
115 458
115 793
115 822
116 620
116 912
116 973
117 99
117 303
117 831
118 923
118 956
118 971
119 545
119 661
119 986
120 538
120 966
120 986
121 554
121 586
121 971
122 211
122 936
122 996
123 518
123 969
123 998
124 299
124 439
124 946
125 575
125 961
125 974
126 517
126 963
126 973
127 567
127 878
127 985
128 663
128 869
128 982
129 266
129 704
129 989
130 800
130 857
130 956
131 655
131 902
131 979
132 915
132 977
132 998
133 345
133 947
133 990
134 354
134 747
134 982
135 368
135 603
135 736
136 13
136 897
136 993
137 458
137 621
137 896
138 810
138 891
138 980
139 478
139 815
139 987
140 458
140 938
140 981
141 224
141 705
141 927
142 892
142 945
142 967
143 191
143 833
143 999
144 566
144 799
144 984
145 546
145 946
145 990
146 382
146 503
146 919
147 862
147 976
147 986
148 474
148 924
148 960
149 933
149 972
149 979
150 232
150 952
150 988
151 24
151 959
151 976
152 207
152 405
152 884
153 622
153 682
153 987
154 943
154 945
154 971
155 663
155 894
155 927
156 975
156 994
156 999
157 790
157 914
157 933
158 465
158 570
158 798
159 267
159 591
159 683
160 495
160 876
160 927
161 385
161 798
161 965
162 877
162 970
162 980
163 291
163 932
163 972
164 965
164 979
164 989
165 1
165 906
165 952
166 234
166 291
166 999
167 871
167 980
167 993
168 684
168 787
168 943
169 334
169 747
169 998
170 274
170 934
170 948
171 783
171 812
171 996
172 654
172 660
172 985
173 713
173 794
173 993
174 591
174 667
174 901
175 856
175 971
175 986
176 652
176 733
176 827
177 189
177 648
177 998
178 336
178 899
178 974
179 427
179 966
179 985
180 620
180 692
180 968
181 604
181 872
181 906
182 732
182 873
182 976
183 862
183 966
183 980
184 6
184 922
184 979
185 640
185 867
185 975
186 512
186 938
186 975
187 532
187 769
187 902
188 969
188 991
188 997
189 177
189 648
189 991
190 306
190 335
190 873
191 143
191 850
191 968
192 898
192 930
192 990
193 672
193 809
193 999
194 344
194 843
194 955
195 289
195 585
195 869
196 843
196 943
196 987
197 723
197 913
197 938
198 753
198 859
198 984
199 813
199 996
199 997
200 374
200 703
200 946
201 472
201 947
201 994
202 884
202 897
202 993
203 492
203 661
203 670
204 843
204 940
204 988
205 922
205 938
205 957
206 583
206 588
206 629
207 152
207 988
207 996
208 661
208 930
208 981
209 601
209 749
209 982
210 771
210 951
210 982
211 122
211 973
211 993
212 583
212 786
212 977
213 904
213 926
213 958
214 780
214 842
214 900
215 919
215 935
215 995
216 868
216 885
216 948
217 683
217 967
217 979
218 584
218 765
218 870
219 538
219 711
219 998
220 79
220 945
220 983
221 420
221 745
221 850
222 553
222 962
222 983
223 514
223 861
223 937
224 141
224 288
224 558
225 945
225 954
225 997
226 710
226 857
226 961
227 539
227 887
227 900
228 899
228 951
228 955
229 873
229 919
229 996
230 581
230 669
230 963
231 651
231 923
231 975
232 150
232 332
232 947
233 893
233 971
233 973
234 166
234 963
234 999
235 643
235 949
235 965
236 53
236 486
236 977
237 800
237 856
237 882
238 642
238 816
238 975
239 586
239 671
239 914
240 390
240 488
240 701
241 884
241 893
241 963
242 114
242 951
242 991
243 747
243 847
243 993
244 21
244 447
244 680
245 741
245 744
245 797
246 307
246 869
246 999
247 686
247 922
247 927
248 296
248 541
248 948
249 917
249 962
249 992
250 781
250 887
250 908
251 581
251 649
251 978
252 444
252 957
252 987
253 290
253 993
253 995
254 580
254 968
254 997
255 656
255 922
255 988
256 325
256 623
256 870
257 819
257 832
257 994
258 459
258 918
258 971
259 453
259 604
259 986
260 743
260 911
260 957
261 421
261 946
261 967
262 921
262 959
262 979
263 96
263 326
263 865
264 25
264 735
264 997
265 334
265 743
265 888
266 129
266 911
266 997
267 159
267 339
267 971
268 605
268 848
268 878
269 404
269 887
269 981
270 352
270 932
270 981
271 78
271 676
271 962
272 613
272 888
272 980
273 715
273 846
273 971
274 170
274 883
274 942
275 646
275 928
275 975
276 467
276 913
276 955
277 740
277 846
277 930
278 766
278 857
278 916
279 423
279 896
279 965
280 914
280 953
280 965
281 969
281 985
281 995
282 698
282 739
282 876
282 916
283 864
283 910
283 923
283 965
284 715
284 931
284 993
284 995
285 692
285 757
285 954
285 975
286 845
286 910
286 950
286 976
287 64
287 926
287 935
287 964
288 224
288 429
288 475
288 894
289 195
289 616
289 835
289 965
290 253
290 718
290 925
290 998
291 31
291 163
291 166
291 858
292 630
292 740
292 770
292 994
293 313
293 619
293 863
293 953
294 796
294 893
294 958
294 989
295 676
295 964
295 986
295 989
296 87
296 248
296 953
296 954
297 694
297 849
297 881
297 942
298 302
298 805
298 924
298 925
299 124
299 355
299 864
299 899
300 304
300 493
300 859
300 955
301 20
301 916
301 947
301 988
302 298
302 895
302 940
302 986
303 103
303 117
303 941
303 943
304 300
304 351
304 754
304 870
305 340
305 785
305 899
305 984
306 190
306 513
306 975
306 979
307 246
307 863
307 872
307 984
308 769
308 795
308 935
308 960
309 567
309 911
309 920
309 948
310 349
310 754
310 944
310 946
311 634
311 825
311 865
311 872
312 782
312 880
312 903
312 980
313 293
313 911
313 927
313 934
314 370
314 829
314 904
314 940
315 29
315 690
315 790
315 934
316 536
316 552
316 825
316 949
317 714
317 854
317 976
317 982
318 517
318 734
318 768
318 971
319 630
319 938
319 960
319 992
320 844
320 886
320 901
320 976
321 829
321 903
321 915
321 995
322 521
322 886
322 895
322 945
323 524
323 715
323 818
323 996
324 644
324 771
324 878
324 989
325 91
325 256
325 842
325 942
326 263
326 930
326 960
326 999
327 16
327 786
327 924
327 979
328 825
328 831
328 897
328 986
329 378
329 907
329 918
329 950
330 23
330 62
330 809
330 827
331 533
331 958
331 961
331 962
332 232
332 886
332 890
332 943
333 479
333 912
333 941
333 999
334 48
334 89
334 169
334 265
335 190
335 893
335 968
335 971
336 77
336 178
336 752
336 989
337 463
337 894
337 981
337 991
338 83
338 928
338 985
338 996
339 267
339 555
339 705
339 964
340 305
340 839
340 866
340 928
341 631
341 946
341 948
341 986
342 5
342 829
342 870
342 967
343 14
343 974
343 989
343 992
344 194
344 523
344 709
344 982
345 133
345 507
345 611
345 716
346 383
346 834
346 951
346 983
347 587
347 652
347 841
347 943
348 104
348 451
348 540
348 886
349 108
349 310
349 717
349 875
350 109
350 880
350 933
350 982
351 304
351 651
351 671
351 701
352 270
352 381
352 896
352 977
353 111
353 721
353 991
353 992
354 134
354 716
354 858
354 989
355 299
355 518
355 869
355 973
356 358
356 454
356 613
356 834
357 590
357 770
357 849
357 956
358 356
358 892
358 901
358 990
359 582
359 681
359 745
359 775
360 744
360 939
360 982
360 994
361 363
361 852
361 972
361 975
362 746
362 773
362 869
362 958
363 49
363 361
363 880
363 992
364 480
364 738
364 791
364 881
365 681
365 928
365 995
365 999
366 575
366 771
366 953
366 989
367 676
367 773
367 879
367 971
368 135
368 867
368 950
368 990
369 468
369 927
369 944
369 972
370 28
370 314
370 967
370 994
371 600
371 804
371 884
371 988
372 501
372 822
372 903
372 972
373 490
373 646
373 934
373 955
374 200
374 806
374 904
374 949
375 540
375 853
375 977
375 991
376 485
376 818
376 929
376 979
377 39
377 678
377 866
377 902
378 329
378 590
378 896
378 988
379 722
379 904
379 980
379 987
380 410
380 562
380 702
380 828
381 352
381 386
381 574
381 913
382 146
382 660
382 762
382 953
383 346
383 777
383 955
383 991
384 483
384 704
384 728
384 736
385 161
385 396
385 641
385 853
386 381
386 508
386 968
386 970
387 747
387 858
387 884
387 961
388 531
388 708
388 785
388 858
389 549
389 650
389 764
389 876
390 240
390 938
390 984
390 994
391 950
391 961
391 977
391 991
392 530
392 593
392 661
392 902
393 682
393 867
393 937
393 969
394 511
394 650
394 832
394 970
395 609
395 881
395 982
395 991
396 385
396 628
396 909
396 984
397 615
397 899
397 985
397 987
398 685
398 942
398 944
398 994
399 729
399 909
399 946
399 994
400 844
400 929
400 986
400 999
401 866
401 869
401 991
401 993
402 762
402 889
402 929
402 988
403 27
403 755
403 948
403 994
404 269
404 528
404 802
404 974
405 152
405 675
405 913
405 990
406 437
406 552
406 660
406 826
407 36
407 698
407 753
407 936
408 737
408 834
408 955
408 965
409 64
409 718
409 784
409 902
410 380
410 607
410 798
410 995
411 450
411 599
411 954
411 993
412 662
412 818
412 942
412 976
413 501
413 815
413 856
413 960
414 95
414 536
414 739
414 936
415 73
415 646
415 797
415 889
416 770
416 773
416 797
416 948
417 443
417 840
417 849
417 851
418 42
418 871
418 949
418 999
419 3
419 709
419 952
419 965
420 221
420 650
420 724
420 739
421 261
421 463
421 592
421 869
422 879
422 890
422 947
422 975
423 279
423 870
423 875
423 957
424 668
424 856
424 987
424 991
425 808
425 889
425 905
425 996
426 470
426 854
426 976
426 997
427 41
427 179
427 567
427 789
428 887
428 913
428 932
428 975
429 288
429 814
429 839
429 846
430 617
430 830
430 881
430 922
431 557
431 609
431 851
431 979
432 528
432 928
432 966
432 990
433 840
433 925
433 972
433 978
434 799
434 817
434 890
434 995
435 864
435 919
435 932
435 992
436 502
436 954
436 964
436 997
437 406
437 951
437 964
437 995
438 905
438 930
438 974
438 982
439 124
439 906
439 913
439 991
440 579
440 792
440 819
440 822
441 459
441 477
441 744
441 999
442 786
442 879
442 903
442 982
443 417
443 677
443 986
443 992
444 252
444 749
444 779
444 873
445 14
445 525
445 786
445 937
446 633
446 810
446 918
446 941
447 244
447 773
447 859
447 944
448 100
448 924
448 959
448 980
449 868
449 887
449 890
449 904
450 411
450 703
450 977
450 983
451 348
451 494
451 664
451 882
451 905
452 465
452 640
452 732
452 834
452 930
453 259
453 600
453 649
453 741
453 941
454 356
454 478
454 758
454 801
454 937
455 512
455 643
455 779
455 908
455 943
456 20
456 772
456 816
456 961
456 966
457 764
457 796
457 942
457 984
457 986
458 115
458 137
458 140
458 637
458 668
459 258
459 441
459 816
459 890
459 936
460 578
460 651
460 660
460 743
460 792
461 46
461 739
461 781
461 949
461 966
462 794
462 801
462 877
462 888
462 936
463 337
463 421
463 521
463 733
463 931
464 551
464 656
464 979
464 988
464 994
465 158
465 452
465 597
465 824
465 997
466 522
466 814
466 818
466 908
466 956
467 276
467 808
467 885
467 969
467 995
468 98
468 369
468 934
468 978
468 999
469 937
469 948
469 974
469 975
469 982
470 426
470 540
470 853
470 950
470 972
471 107
471 528
471 681
471 831
471 992
472 201
472 731
472 734
472 871
472 955
473 571
473 784
473 832
473 958
473 986
474 148
474 577
474 711
474 876
474 930
475 288
475 477
475 778
475 890
475 943
476 813
476 951
476 963
476 986
476 991
477 106
477 441
477 475
477 796
477 966
478 139
478 454
478 721
478 808
478 956
479 333
479 615
479 897
479 946
479 958
480 364
480 607
480 774
480 918
480 995
481 484
481 752
481 777
481 896
481 958
482 70
482 762
482 783
482 787
482 804
483 384
483 558
483 866
483 885
483 962
484 481
484 678
484 835
484 916
484 985
485 376
485 644
485 663
485 752
485 970
486 236
486 782
486 928
486 968
486 981
487 97
487 628
487 926
487 939
487 989
488 240
488 642
488 676
488 939
488 974
489 637
489 905
489 931
489 962
489 985
490 54
490 373
490 579
490 639
490 784
491 626
491 926
491 942
491 967
491 991
492 203
492 667
492 836
492 859
492 895
493 300
493 727
493 847
493 881
493 908
494 451
494 706
494 859
494 936
494 975
495 160
495 776
495 881
495 952
495 964
496 741
496 853
496 936
496 984
496 998
497 510
497 666
497 922
497 932
497 950
498 838
498 871
498 955
498 964
498 980
499 582
499 852
499 915
499 962
499 986
500 503
500 870
500 937
500 966
500 986
501 372
501 413
501 584
501 775
501 830
502 436
502 619
502 911
502 932
502 987
503 146
503 500
503 506
503 992
503 996
504 580
504 788
504 920
504 985
504 993
505 706
505 935
505 957
505 974
505 989
506 503
506 556
506 903
506 929
506 979
507 345
507 638
507 895
507 919
507 988
508 386
508 777
508 924
508 940
508 994
509 806
509 971
509 980
509 991
509 998
510 497
510 694
510 846
510 982
510 984
511 394
511 573
511 669
511 914
511 990
512 186
512 455
512 874
512 909
512 946
513 306
513 545
513 914
513 942
513 974
514 223
514 789
514 848
514 969
514 995
515 692
515 730
515 853
515 978
515 989
516 722
516 753
516 818
516 957
516 977
517 126
517 318
517 616
517 799
517 814
518 123
518 355
518 911
518 927
518 984
519 557
519 883
519 900
519 933
519 981
520 626
520 733
520 791
520 906
520 980
521 66
521 322
521 463
521 813
521 969
522 466
522 720
522 879
522 943
522 966
523 344
523 680
523 687
523 899
523 918
524 323
524 829
524 834
524 986
524 998
525 445
525 571
525 849
525 968
525 985
526 0
526 619
526 697
526 939
526 950
527 760
527 947
527 950
527 978
527 986
528 404
528 432
528 471
528 748
528 977
529 550
529 567
529 631
529 764
529 842
530 102
530 392
530 888
530 949
530 963
531 388
531 551
531 735
531 972
531 984
532 187
532 572
532 769
532 933
532 996
533 331
533 751
533 898
533 972
533 989
534 808
534 889
534 929
534 931
534 984
535 582
535 927
535 942
535 987
535 994
536 316
536 414
536 702
536 908
536 934
537 751
537 790
537 942
537 971
537 999
538 120
538 219
538 806
538 975
538 977
539 227
539 869
539 949
539 993
539 995
540 348
540 375
540 470
540 628
540 664
541 85
541 248
541 948
541 955
541 996
542 550
542 780
542 803
542 894
542 999
543 585
543 811
543 906
543 911
543 933
544 640
544 750
544 877
544 949
544 987
545 119
545 513
545 597
545 989
545 996
546 145
546 653
546 841
546 881
546 882
547 800
547 811
547 881
547 988
547 999
548 614
548 816
548 903
548 961
548 985
549 389
549 754
549 875
549 923
549 970
550 529
550 542
550 794
550 810
550 963
551 464
551 531
551 796
551 942
551 982
552 316
552 406
552 687
552 713
552 736
553 222
553 588
553 771
553 798
553 933
554 121
554 839
554 870
554 961
554 969
555 339
555 680
555 821
555 969
555 970
556 95
556 506
556 803
556 811
556 987
557 431
557 519
557 913
557 959
557 992
558 63
558 224
558 483
558 599
558 792
558 957
559 817
559 824
559 924
559 935
559 980
559 998
560 63
560 706
560 882
560 944
560 983
560 986
561 564
561 688
561 725
561 783
561 845
561 863
562 380
562 577
562 657
562 936
562 972
562 976
563 711
563 771
563 868
563 960
563 969
563 982
564 561
564 639
564 807
564 915
564 940
564 972
565 571
565 690
565 876
565 908
565 958
565 982
566 144
566 703
566 918
566 923
566 935
566 959
567 127
567 309
567 427
567 529
567 755
567 926
568 595
568 750
568 819
568 866
568 900
568 980
569 831
569 929
569 963
569 966
569 976
569 995
570 158
570 828
570 892
570 928
570 962
570 990
571 473
571 525
571 565
571 763
571 923
571 928
572 532
572 760
572 862
572 915
572 927
572 958
573 511
573 678
573 867
573 874
573 951
573 959
574 381
574 603
574 861
574 903
574 932
574 969
575 125
575 366
575 791
575 841
575 906
575 913
576 38
576 865
576 900
576 973
576 978
576 981
577 474
577 562
577 702
577 732
577 924
577 979
578 460
578 942
578 947
578 952
578 959
578 982
579 440
579 490
579 633
579 675
579 679
579 970
580 254
580 504
580 918
580 980
580 990
580 992
581 230
581 251
581 813
581 839
581 941
581 948
582 359
582 499
582 535
582 774
582 946
582 961
583 206
583 212
583 821
583 921
583 989
583 997
584 218
584 501
584 664
584 809
584 826
584 885
585 195
585 543
585 675
585 775
585 912
585 943
586 121
586 239
586 728
586 926
586 967
586 987
587 347
587 909
587 915
587 971
587 991
587 998
588 206
588 553
588 760
588 831
588 955
588 972
589 815
589 834
589 933
589 973
589 990
589 992
590 357
590 378
590 634
590 743
590 841
590 986
591 159
591 174
591 658
591 711
591 850
591 961
592 421
592 793
592 801
592 816
592 972
592 988
593 392
593 743
593 853
593 966
593 979
593 994
594 696
594 766
594 801
594 862
594 925
594 998
595 568
595 605
595 657
595 805
595 992
595 997
596 709
596 871
596 872
596 881
596 893
596 994
597 465
597 545
597 794
597 864
597 871
597 969
598 697
598 704
598 925
598 945
598 980
598 996
599 107
599 411
599 558
599 683
599 810
599 972
600 371
600 453
600 726
600 778
600 961
600 973
601 209
601 621
601 871
601 987
601 990
601 996
602 653
602 710
602 734
602 764
602 860
602 934
603 135
603 574
603 744
603 847
603 895
603 953
604 181
604 259
604 610
604 845
604 980
604 987
605 268
605 595
605 707
605 873
605 894
605 953
606 697
606 726
606 801
606 918
606 952
606 972
607 410
607 480
607 946
607 984
607 997
607 999
608 113
608 860
608 965
608 968
608 974
608 996
609 395
609 431
609 778
609 983
609 984
609 999
610 604
610 892
610 903
610 963
610 977
610 978
611 345
611 782
611 788
611 817
611 928
611 937
612 736
612 767
612 776
612 926
612 940
612 982
613 272
613 356
613 750
613 969
613 988
613 999
614 548
614 791
614 831
614 868
614 953
614 982
615 397
615 479
615 800
615 912
615 951
615 988
616 289
616 517
616 655
616 825
616 927
616 989
617 430
617 802
617 886
617 919
617 937
617 971
618 730
618 742
618 937
618 963
618 980
618 986
619 293
619 502
619 526
619 850
619 958
619 967
620 116
620 180
620 664
620 708
620 758
620 884
621 137
621 601
621 851
621 901
621 928
621 982
622 73
622 153
622 739
622 799
622 873
622 978
623 8
623 256
623 871
623 894
623 918
623 964
624 689
624 740
624 759
624 921
624 922
624 944
625 752
625 806
625 836
625 955
625 998
625 999
626 491
626 520
626 846
626 859
626 932
626 938
627 735
627 825
627 970
627 981
627 983
627 996
628 45
628 396
628 487
628 540
628 832
628 916
629 206
629 634
629 689
629 803
629 853
629 915
630 71
630 292
630 319
630 828
630 952
630 957
631 341
631 529
631 681
631 907
631 950
631 976
632 647
632 791
632 891
632 915
632 994
632 998
633 446
633 579
633 648
633 845
633 910
633 990
634 311
634 590
634 629
634 781
634 922
634 933
634 996
635 663
635 812
635 827
635 936
635 947
635 991
635 998
636 50
636 683
636 905
636 912
636 957
636 989
636 997
637 458
637 489
637 654
637 786
637 797
637 950
637 983
638 61
638 507
638 726
638 949
638 955
638 978
638 994
639 490
639 564
639 689
639 839
639 861
639 882
639 964
640 185
640 452
640 544
640 756
640 886
640 906
640 994
641 385
641 645
641 708
641 851
641 932
641 983
641 985
642 238
642 488
642 684
642 792
642 830
642 883
642 992
643 62
643 235
643 455
643 745
643 795
643 968
643 996
644 324
644 485
644 783
644 815
644 822
644 945
644 985
645 19
645 93
645 641
645 848
645 954
645 983
645 985
646 275
646 373
646 415
646 831
646 958
646 973
646 976
647 632
647 793
647 855
647 940
647 968
647 969
647 988
648 177
648 189
648 633
648 701
648 824
648 917
648 988
649 251
649 453
649 885
649 924
649 950
649 960
649 967
650 389
650 394
650 420
650 824
650 898
650 901
650 923
651 93
651 231
651 351
651 460
651 950
651 956
651 999
652 176
652 347
652 780
652 824
652 876
652 934
652 936
653 68
653 110
653 546
653 602
653 737
653 955
653 980
654 172
654 637
654 675
654 790
654 820
654 910
654 969
655 131
655 616
655 795
655 837
655 857
655 923
655 985
656 255
656 464
656 772
656 914
656 964
656 986
656 993
657 562
657 595
657 685
657 749
657 825
657 949
657 999
658 591
658 750
658 820
658 825
658 878
658 891
658 917
659 0
659 666
659 671
659 753
659 792
659 926
659 944
660 172
660 382
660 406
660 460
660 694
660 910
660 955
661 119
661 203
661 208
661 392
661 860
661 976
661 981
662 412
662 740
662 782
662 878
662 889
662 928
662 984
663 8
663 128
663 155
663 485
663 635
663 692
663 998
664 451
664 540
664 584
664 620
664 711
664 836
664 960
665 684
665 707
665 760
665 804
665 941
665 965
665 994
666 497
666 659
666 758
666 847
666 888
666 978
666 996
667 174
667 492
667 819
667 849
667 875
667 983
667 984
668 424
668 458
668 721
668 722
668 809
668 944
668 983
669 230
669 511
669 696
669 884
669 912
669 917
669 954
670 203
670 674
670 709
670 773
670 780
670 944
670 949
671 10
671 239
671 351
671 659
671 801
671 939
671 952
672 193
672 894
672 922
672 965
672 984
672 992
672 999
673 696
673 906
673 912
673 919
673 931
673 983
673 993
674 670
674 875
674 912
674 914
674 941
674 966
674 986
675 405
675 579
675 585
675 654
675 702
675 910
675 968
676 271
676 295
676 367
676 488
676 838
676 938
676 980
677 443
677 701
677 907
677 959
677 980
677 981
677 984
678 377
678 484
678 573
678 737
678 916
678 961
678 962
679 579
679 741
679 976
679 978
679 981
679 997
679 999
680 244
680 523
680 555
680 706
680 959
680 967
680 980
681 359
681 365
681 471
681 631
681 687
681 697
681 944
682 153
682 393
682 684
682 695
682 749
682 882
682 997
683 159
683 217
683 599
683 636
683 723
683 819
683 963
684 168
684 642
684 665
684 682
684 757
684 859
684 868
685 49
685 398
685 657
685 745
685 765
685 891
685 989
686 247
686 768
686 867
686 912
686 919
686 930
686 959
687 523
687 552
687 681
687 774
687 956
687 960
687 968
688 561
688 730
688 919
688 944
688 972
688 983
688 988
689 107
689 624
689 629
689 639
689 782
689 883
689 958
690 315
690 565
690 700
690 730
690 778
690 981
690 985
691 717
691 874
691 916
691 930
691 965
691 975
691 984
692 180
692 285
692 515
692 663
692 773
692 794
692 883
693 716
693 753
693 846
693 862
693 895
693 952
693 987
694 297
694 510
694 660
694 826
694 850
694 865
694 966
695 18
695 682
695 788
695 824
695 888
695 957
695 959
695 990
696 594
696 669
696 673
696 700
696 912
696 916
696 919
696 994
697 526
697 598
697 606
697 681
697 943
697 980
697 981
697 998
698 52
698 282
698 407
698 822
698 872
698 936
698 958
698 997
699 758
699 779
699 849
699 857
699 887
699 931
699 942
699 958
700 9
700 690
700 696
700 729
700 910
700 931
700 959
700 982
701 240
701 351
701 648
701 677
701 787
701 875
701 970
701 987
702 380
702 536
702 577
702 675
702 752
702 936
702 939
702 993
703 200
703 450
703 566
703 828
703 880
703 925
703 960
703 981
704 129
704 384
704 598
704 934
704 935
704 959
704 974
704 980
705 141
705 339
705 774
705 790
705 856
705 925
705 983
705 984
706 494
706 505
706 560
706 680
706 935
706 951
706 978
706 983
707 15
707 605
707 665
707 815
707 929
707 941
707 985
707 998
708 388
708 620
708 641
708 740
708 836
708 888
708 980
708 998
709 344
709 419
709 596
709 670
709 711
709 924
709 971
709 982
710 226
710 602
710 840
710 879
710 907
710 918
710 953
710 954
711 219
711 474
711 563
711 591
711 664
711 709
711 872
711 899
712 74
712 777
712 878
712 938
712 952
712 967
712 970
712 977
713 173
713 552
713 749
713 827
713 939
713 945
713 961
713 978
714 317
714 845
714 944
714 974
714 979
714 983
714 990
714 992
715 273
715 284
715 323
715 784
715 822
715 957
715 997
715 999
716 345
716 354
716 693
716 947
716 956
716 957
716 992
716 996
717 349
717 691
717 741
717 947
717 963
717 967
717 974
717 994
718 290
718 409
718 869
718 897
718 899
718 927
718 961
718 983
719 65
719 76
719 760
719 950
719 969
719 976
719 979
719 994
720 522
720 823
720 898
720 902
720 947
720 988
720 992
720 995
721 353
721 478
721 668
721 761
721 800
721 928
721 949
721 982
722 379
722 516
722 668
722 829
722 904
722 918
722 935
722 981
723 197
723 683
723 742
723 872
723 898
723 969
723 988
723 995
724 420
724 796
724 859
724 937
724 947
724 949
724 972
724 988
725 561
725 829
725 836
725 865
725 889
725 957
725 994
725 998
726 600
726 606
726 638
726 883
726 892
726 936
726 949
726 997
727 493
727 810
727 863
727 874
727 885
727 912
727 924
727 992
728 384
728 586
728 842
728 843
728 886
728 932
728 974
728 993
729 399
729 700
729 766
729 769
729 844
729 930
729 974
729 992
730 515
730 618
730 688
730 690
730 821
730 839
730 877
730 913
731 472
731 766
731 879
731 917
731 932
731 944
731 992
731 996
732 182
732 452
732 577
732 883
732 895
732 916
732 995
732 998
733 176
733 463
733 520
733 876
733 922
733 923
733 942
733 989
734 318
734 472
734 602
734 766
734 892
734 951
734 952
734 960
735 101
735 264
735 531
735 627
735 852
735 929
735 963
735 984
736 135
736 384
736 552
736 612
736 737
736 916
736 993
736 995
737 408
737 653
737 678
737 736
737 741
737 950
737 989
737 991
737 998
738 364
738 752
738 806
738 817
738 821
738 877
738 951
738 977
738 998
739 282
739 414
739 420
739 461
739 622
739 770
739 835
739 852
739 988
740 277
740 292
740 624
740 662
740 708
740 782
740 897
740 928
740 997
741 81
741 245
741 453
741 496
741 679
741 717
741 737
741 817
741 950
742 55
742 618
742 723
742 825
742 909
742 914
742 922
742 928
742 937
743 260
743 265
743 460
743 590
743 593
743 799
743 911
743 975
743 978
744 245
744 360
744 441
744 603
744 750
744 819
744 869
744 938
744 985
745 221
745 359
745 643
745 685
745 798
745 835
745 975
745 991
745 999
746 362
746 854
746 900
746 914
746 919
746 937
746 973
746 982
746 986
747 134
747 169
747 243
747 387
747 748
747 754
747 977
747 995
747 999
748 528
748 747
748 756
748 829
748 882
748 903
748 937
748 958
748 993
749 209
749 444
749 657
749 682
749 713
749 838
749 906
749 944
749 958
750 544
750 568
750 613
750 658
750 744
750 833
750 871
750 928
750 983
751 94
751 533
751 537
751 764
751 887
751 922
751 972
751 975
751 977
752 91
752 336
752 481
752 485
752 625
752 702
752 738
752 948
752 987
753 21
753 198
753 407
753 516
753 659
753 693
753 785
753 880
753 883
754 304
754 310
754 549
754 747
754 827
754 909
754 914
754 920
754 988
755 106
755 403
755 567
755 819
755 824
755 921
755 969
755 983
755 992
756 114
756 640
756 748
756 865
756 888
756 895
756 951
756 963
756 994
757 285
757 684
757 821
757 853
757 888
757 939
757 945
757 980
757 984
758 454
758 620
758 666
758 699
758 785
758 842
758 866
758 883
758 955
759 624
759 775
759 885
759 921
759 922
759 974
759 980
759 983
759 998
760 527
760 572
760 588
760 665
760 719
760 789
760 815
760 851
760 967
761 110
761 721
761 866
761 916
761 920
761 944
761 962
761 970
761 993
762 382
762 402
762 482
762 819
762 840
762 926
762 931
762 979
762 999
763 571
763 828
763 832
763 866
763 923
763 927
763 948
763 953
763 979
764 389
764 457
764 529
764 602
764 751
764 820
764 930
764 991
764 998
765 218
765 685
765 820
765 828
765 836
765 853
765 911
765 923
765 997
766 278
766 594
766 729
766 731
766 734
766 920
766 957
766 970
766 992
767 612
767 769
767 800
767 801
767 847
767 972
767 988
767 991
767 995
768 318
768 686
768 776
768 854
768 904
768 917
768 954
768 978
768 996
769 187
769 308
769 532
769 729
769 767
769 959
769 980
769 981
769 993
770 27
770 292
770 357
770 416
770 739
770 772
770 853
770 866
770 994
771 210
771 324
771 366
771 553
771 563
771 774
771 823
771 958
771 968
772 456
772 656
772 770
772 823
772 865
772 910
772 924
772 933
772 957
772 978
773 362
773 367
773 416
773 447
773 670
773 692
773 803
773 854
773 899
773 995
774 480
774 582
774 687
774 705
774 771
774 795
774 844
774 847
774 864
774 918
775 359
775 501
775 585
775 759
775 811
775 817
775 842
775 850
775 912
775 964
776 495
776 612
776 768
776 830
776 850
776 865
776 903
776 944
776 987
776 994
777 383
777 481
777 508
777 712
777 796
777 812
777 894
777 920
777 956
777 962
778 93
778 475
778 600
778 609
778 690
778 809
778 875
778 916
778 982
778 991
779 444
779 455
779 699
779 842
779 877
779 917
779 920
779 976
779 985
779 996
780 214
780 542
780 652
780 670
780 803
780 815
780 872
780 967
780 994
780 995
781 250
781 461
781 634
781 818
781 834
781 846
781 905
781 910
781 917
781 996
782 39
782 312
782 486
782 611
782 662
782 689
782 740
782 847
782 967
782 986
783 171
783 482
783 561
783 644
783 785
783 845
783 866
783 900
783 905
783 986
784 409
784 473
784 490
784 715
784 804
784 805
784 807
784 812
784 949
784 954
785 21
785 305
785 388
785 753
785 758
785 783
785 864
785 933
785 945
785 997
786 212
786 327
786 442
786 445
786 637
786 788
786 813
786 843
786 894
786 896
787 72
787 168
787 482
787 701
787 823
787 932
787 936
787 958
787 973
787 977
788 38
788 55
788 504
788 611
788 695
788 786
788 927
788 938
788 946
788 954
789 427
789 514
789 760
789 802
789 830
789 893
789 909
789 950
789 971
789 997
790 157
790 315
790 537
790 654
790 705
790 793
790 822
790 918
790 963
790 970
791 364
791 520
791 575
791 614
791 632
791 849
791 890
791 913
791 990
791 993
792 440
792 460
792 558
792 642
792 659
792 883
792 888
792 895
792 929
792 941
793 80
793 115
793 592
793 647
793 790
793 827
793 917
793 965
793 983
793 991
794 173
794 462
794 550
794 597
794 692
794 852
794 883
794 888
794 923
794 984
795 77
795 308
795 643
795 655
795 774
795 933
795 938
795 940
795 961
795 962
796 1
796 294
796 457
796 477
796 551
796 724
796 777
796 844
796 864
796 897
797 245
797 415
797 416
797 637
797 835
797 891
797 915
797 943
797 959
797 987
798 46
798 48
798 158
798 161
798 410
798 553
798 745
798 801
798 861
798 960
799 144
799 434
799 517
799 622
799 743
799 835
799 847
799 862
799 964
799 999
800 130
800 237
800 547
800 615
800 721
800 767
800 927
800 945
800 982
800 995
801 454
801 462
801 592
801 594
801 606
801 671
801 767
801 798
801 897
801 993
802 45
802 404
802 617
802 789
802 809
802 840
802 893
802 968
802 971
802 989
803 15
803 16
803 69
803 542
803 556
803 629
803 773
803 780
803 807
803 984
804 371
804 482
804 665
804 784
804 807
804 810
804 851
804 946
804 954
804 961
805 298
805 595
805 784
805 892
805 907
805 920
805 925
805 941
805 985
805 991
806 374
806 509
806 538
806 625
806 738
806 884
806 945
806 949
806 972
806 995
807 564
807 784
807 803
807 804
807 811
807 892
807 953
807 954
807 968
807 988
808 8
808 18
808 425
808 467
808 478
808 534
808 923
808 941
808 964
808 986
808 993
809 193
809 330
809 584
809 668
809 778
809 802
809 824
809 959
809 983
809 985
809 989
810 138
810 446
810 550
810 599
810 727
810 804
810 823
810 931
810 949
810 950
810 988
811 543
811 547
811 556
811 775
811 807
811 861
811 867
811 874
811 905
811 909
811 919
812 171
812 635
812 777
812 784
812 840
812 881
812 908
812 946
812 953
812 954
812 991
813 33
813 199
813 476
813 521
813 581
813 786
813 909
813 977
813 979
813 985
813 994
814 14
814 96
814 429
814 466
814 517
814 817
814 833
814 850
814 966
814 968
814 978
815 139
815 413
815 589
815 644
815 707
815 760
815 780
815 842
815 868
815 940
815 941
816 238
816 456
816 459
816 548
816 592
816 839
816 848
816 874
816 942
816 962
816 973
817 70
817 434
817 559
817 611
817 738
817 741
817 775
817 814
817 879
817 890
817 943
818 323
818 376
818 412
818 466
818 516
818 781
818 825
818 840
818 841
818 980
818 992
819 257
819 440
819 568
819 667
819 683
819 744
819 755
819 762
819 975
819 985
819 996
820 47
820 654
820 658
820 764
820 765
820 862
820 867
820 868
820 887
820 901
820 942
821 75
821 94
821 555
821 583
821 730
821 738
821 757
821 880
821 942
821 989
821 996
822 115
822 372
822 440
822 644
822 698
822 715
822 790
822 877
822 927
822 951
822 963
823 720
823 771
823 772
823 787
823 810
823 842
823 859
823 904
823 915
823 992
823 996
824 465
824 559
824 648
824 650
824 652
824 695
824 755
824 809
824 841
824 860
824 921
824 992
825 311
825 316
825 328
825 616
825 627
825 657
825 658
825 742
825 818
825 869
825 910
825 920
826 406
826 584
826 694
826 878
826 900
826 911
826 932
826 941
826 966
826 986
826 997
826 999
827 176
827 330
827 635
827 713
827 754
827 793
827 910
827 965
827 982
827 983
827 984
827 991
828 380
828 570
828 630
828 703
828 763
828 765
828 834
828 915
828 938
828 959
828 961
828 981
829 314
829 321
829 342
829 524
829 722
829 725
829 748
829 830
829 846
829 950
829 973
829 989
830 57
830 430
830 501
830 642
830 776
830 789
830 829
830 835
830 893
830 902
830 971
830 985
831 81
831 92
831 117
831 328
831 471
831 569
831 588
831 614
831 646
831 906
831 939
831 975
832 105
832 257
832 394
832 473
832 628
832 763
832 833
832 845
832 895
832 923
832 933
832 976
833 100
833 143
833 750
833 814
833 832
833 902
833 903
833 915
833 921
833 945
833 969
833 999
834 346
834 356
834 408
834 452
834 524
834 589
834 781
834 828
834 850
834 977
834 981
834 994
835 47
835 289
835 484
835 739
835 745
835 797
835 799
835 830
835 843
835 968
835 976
835 991
836 492
836 625
836 664
836 708
836 725
836 765
836 931
836 943
836 944
836 966
836 989
836 999
837 101
837 655
837 848
837 854
837 913
837 956
837 968
837 990
837 991
837 994
837 996
837 998
838 498
838 676
838 749
838 839
838 890
838 935
838 938
838 940
838 959
838 978
838 986
838 990
839 340
839 429
839 554
839 581
839 639
839 730
839 816
839 838
839 921
839 956
839 973
839 987
840 417
840 433
840 710
840 762
840 802
840 812
840 818
840 868
840 943
840 946
840 954
840 987
841 60
841 347
841 546
841 575
841 590
841 818
841 824
841 848
841 901
841 946
841 955
841 990
841 998
842 214
842 325
842 529
842 728
842 758
842 775
842 779
842 815
842 823
842 885
842 963
842 973
842 992
843 194
843 196
843 204
843 728
843 786
843 835
843 847
843 890
843 908
843 913
843 954
843 963
843 979
844 320
844 400
844 729
844 774
844 796
844 862
844 898
844 907
844 940
844 970
844 973
844 993
844 996
845 286
845 561
845 604
845 633
845 714
845 783
845 832
845 850
845 878
845 904
845 910
845 956
845 990
846 273
846 277
846 429
846 510
846 626
846 693
846 781
846 829
846 847
846 851
846 970
846 973
846 977
847 243
847 493
847 603
847 666
847 767
847 774
847 782
847 799
847 843
847 846
847 881
847 918
847 979
848 63
848 90
848 268
848 514
848 645
848 816
848 837
848 841
848 898
848 920
848 922
848 925
848 955
849 74
849 297
849 357
849 417
849 525
849 667
849 699
849 791
849 866
849 871
849 887
849 932
849 942
850 191
850 221
850 591
850 619
850 694
850 775
850 776
850 814
850 834
850 845
850 875
850 948
850 950
851 417
851 431
851 621
851 641
851 760
851 804
851 846
851 860
851 879
851 899
851 990
851 992
851 996
852 34
852 88
852 361
852 499
852 735
852 739
852 794
852 929
852 941
852 952
852 956
852 960
852 991
853 375
853 385
853 470
853 496
853 515
853 593
853 629
853 757
853 765
853 770
853 964
853 974
853 979
854 50
854 317
854 426
854 746
854 768
854 773
854 837
854 856
854 939
854 975
854 985
854 988
854 994
855 647
855 858
855 865
855 887
855 904
855 917
855 944
855 972
855 974
855 980
855 990
855 995
855 996
856 22
856 78
856 175
856 237
856 413
856 424
856 705
856 854
856 882
856 944
856 952
856 983
856 984
857 67
857 130
857 226
857 278
857 655
857 699
857 891
857 892
857 911
857 936
857 943
857 962
857 971
858 31
858 104
858 291
858 354
858 387
858 388
858 855
858 891
858 925
858 961
858 965
858 970
858 993
859 82
859 198
859 300
859 447
859 492
859 494
859 626
859 684
859 724
859 823
859 905
859 947
859 992
859 997
860 6
860 602
860 608
860 661
860 824
860 851
860 862
860 879
860 882
860 918
860 930
860 969
860 983
860 984
861 223
861 574
861 639
861 798
861 811
861 863
861 885
861 894
861 905
861 909
861 927
861 928
861 929
861 982
862 147
862 183
862 572
862 594
862 693
862 799
862 820
862 844
862 860
862 898
862 913
862 978
862 989
862 997
863 4
863 65
863 293
863 307
863 561
863 727
863 861
863 870
863 897
863 906
863 959
863 960
863 971
863 982
864 106
864 283
864 299
864 435
864 597
864 774
864 785
864 796
864 917
864 918
864 925
864 933
864 936
864 979
865 263
865 311
865 576
865 694
865 725
865 756
865 772
865 776
865 855
865 903
865 930
865 950
865 988
865 998
866 51
866 340
866 377
866 401
866 483
866 568
866 758
866 761
866 763
866 770
866 783
866 849
866 972
866 973
867 3
867 185
867 368
867 393
867 573
867 686
867 811
867 820
867 874
867 891
867 919
867 923
867 948
867 972
867 979
868 216
868 449
868 563
868 614
868 684
868 815
868 820
868 840
868 946
868 951
868 953
868 954
868 972
868 978
868 996
869 128
869 195
869 246
869 355
869 362
869 401
869 421
869 539
869 718
869 744
869 825
869 877
869 910
869 952
869 976
870 218
870 256
870 304
870 342
870 423
870 500
870 554
870 863
870 891
870 901
870 907
870 949
870 950
870 951
870 988
871 22
871 167
871 418
871 472
871 498
871 596
871 597
871 601
871 623
871 750
871 849
871 873
871 921
871 952
871 965
872 2
872 5
872 53
872 181
872 307
872 311
872 596
872 698
872 711
872 723
872 780
872 876
872 880
872 881
872 936
873 12
873 182
873 190
873 229
873 444
873 605
873 622
873 871
873 894
873 899
873 949
873 952
873 954
873 958
873 995
874 108
874 512
874 573
874 691
874 727
874 811
874 816
874 867
874 879
874 881
874 912
874 916
874 919
874 959
874 999
875 349
875 423
875 549
875 667
875 674
875 701
875 778
875 850
875 889
875 893
875 929
875 930
875 957
875 965
875 983
876 85
876 160
876 282
876 389
876 474
876 565
876 652
876 733
876 872
876 891
876 936
876 950
876 968
876 995
876 997
877 23
877 54
877 58
877 162
877 462
877 544
877 730
877 738
877 779
877 822
877 869
877 880
877 952
877 961
877 975
878 127
878 268
878 324
878 658
878 662
878 712
878 826
878 845
878 880
878 924
878 931
878 951
878 955
878 976
878 987
879 367
879 422
879 442
879 522
879 710
879 731
879 817
879 851
879 860
879 874
879 890
879 906
879 943
879 973
879 988
880 72
880 312
880 350
880 363
880 703
880 753
880 821
880 872
880 877
880 878
880 883
880 906
880 931
880 978
880 988
881 297
881 364
881 395
881 430
881 493
881 495
881 546
881 547
881 596
881 812
881 847
881 872
881 874
881 958
881 990
882 237
882 451
882 546
882 560
882 639
882 682
882 748
882 856
882 860
882 885
882 921
882 930
882 941
882 954
882 985
883 274
883 519
883 642
883 689
883 692
883 726
883 732
883 753
883 758
883 792
883 794
883 880
883 915
883 978
883 999
884 60
884 152
884 202
884 241
884 371
884 387
884 620
884 669
884 806
884 889
884 898
884 939
884 964
884 989
884 996
885 216
885 467
885 483
885 584
885 649
885 727
885 759
885 842
885 861
885 882
885 889
885 907
885 931
885 975
885 976
885 992
886 12
886 66
886 86
886 320
886 322
886 332
886 348
886 617
886 640
886 728
886 890
886 897
886 914
886 981
886 987
886 993
887 227
887 250
887 269
887 428
887 449
887 699
887 751
887 820
887 849
887 855
887 911
887 920
887 928
887 956
887 962
887 974
888 265
888 272
888 462
888 530
888 666
888 695
888 708
888 756
888 757
888 792
888 794
888 908
888 914
888 949
888 982
888 996
889 402
889 415
889 425
889 534
889 662
889 725
889 875
889 884
889 885
889 898
889 905
889 929
889 939
889 977
889 989
889 995
890 332
890 422
890 434
890 449
890 459
890 475
890 791
890 817
890 838
890 843
890 879
890 886
890 895
890 897
890 898
890 911
891 138
891 632
891 658
891 685
891 797
891 857
891 858
891 867
891 870
891 876
891 940
891 951
891 974
891 976
891 983
891 995
892 142
892 358
892 570
892 610
892 726
892 734
892 805
892 807
892 857
892 893
892 895
892 902
892 925
892 961
892 993
892 996
893 58
893 233
893 241
893 294
893 335
893 596
893 789
893 802
893 830
893 875
893 892
893 906
893 945
893 948
893 971
893 985
894 155
894 288
894 337
894 542
894 605
894 623
894 672
894 777
894 786
894 861
894 873
894 901
894 932
894 955
894 982
894 997
895 99
895 302
895 322
895 492
895 507
895 603
895 693
895 732
895 756
895 792
895 832
895 890
895 892
895 926
895 962
895 981
896 31
896 112
896 137
896 279
896 352
896 378
896 481
896 786
896 897
896 907
896 916
896 922
896 960
896 970
896 976
896 990
896 998
897 27
897 136
897 202
897 328
897 479
897 718
897 740
897 796
897 801
897 863
897 886
897 890
897 896
897 901
897 982
897 983
897 987
898 3
898 24
898 104
898 192
898 533
898 650
898 720
898 723
898 844
898 848
898 862
898 884
898 889
898 890
898 915
898 918
898 966
899 178
899 228
899 299
899 305
899 397
899 523
899 711
899 718
899 773
899 851
899 873
899 945
899 947
899 957
899 978
899 989
899 992
900 59
900 89
900 214
900 227
900 519
900 568
900 576
900 746
900 783
900 826
900 908
900 931
900 944
900 952
900 953
900 975
900 998
901 174
901 320
901 358
901 621
901 650
901 820
901 841
901 870
901 894
901 897
901 904
901 905
901 921
901 970
901 984
901 985
901 986
902 75
902 86
902 95
902 131
902 187
902 377
902 392
902 409
902 720
902 830
902 833
902 892
902 931
902 966
902 970
902 973
902 995
903 312
903 321
903 372
903 442
903 506
903 548
903 574
903 610
903 748
903 776
903 833
903 865
903 967
903 968
903 987
903 989
903 996
904 44
904 213
904 314
904 374
904 379
904 449
904 722
904 768
904 823
904 845
904 855
904 901
904 913
904 921
904 933
904 938
904 997
905 83
905 425
905 438
905 451
905 489
905 636
905 781
905 783
905 811
905 859
905 861
905 889
905 901
905 941
905 973
905 978
905 989
905 999
906 72
906 165
906 181
906 439
906 520
906 543
906 575
906 640
906 673
906 749
906 831
906 863
906 879
906 880
906 893
906 913
906 948
906 994
907 329
907 631
907 677
907 710
907 805
907 844
907 870
907 885
907 896
907 930
907 931
907 948
907 949
907 971
907 976
907 978
907 985
907 991
908 84
908 250
908 455
908 466
908 493
908 536
908 565
908 812
908 843
908 888
908 900
908 955
908 959
908 960
908 963
908 982
908 988
908 998
909 67
909 396
909 399
909 512
909 587
909 742
909 754
909 789
909 811
909 813
909 861
909 932
909 935
909 951
909 969
909 970
909 972
909 989
910 34
910 57
910 109
910 283
910 286
910 633
910 654
910 660
910 675
910 700
910 772
910 781
910 825
910 827
910 845
910 869
910 965
910 994
911 25
911 26
911 260
911 266
911 309
911 313
911 502
911 518
911 543
911 743
911 765
911 826
911 857
911 887
911 890
911 932
911 975
911 995
912 116
912 333
912 585
912 615
912 636
912 669
912 673
912 674
912 686
912 696
912 727
912 775
912 874
912 921
912 922
912 924
912 933
912 961
913 23
913 29
913 75
913 197
913 276
913 381
913 405
913 428
913 439
913 557
913 575
913 730
913 791
913 837
913 843
913 862
913 904
913 906
913 930
914 157
914 239
914 280
914 511
914 513
914 656
914 674
914 742
914 746
914 754
914 886
914 888
914 935
914 937
914 941
914 948
914 974
914 980
914 986
915 132
915 321
915 499
915 564
915 572
915 587
915 629
915 632
915 797
915 823
915 828
915 833
915 883
915 898
915 929
915 951
915 972
915 983
915 995
916 278
916 282
916 301
916 484
916 628
916 678
916 691
916 696
916 732
916 736
916 761
916 778
916 874
916 896
916 931
916 939
916 975
916 976
916 985
917 54
917 249
917 648
917 658
917 669
917 731
917 768
917 779
917 781
917 793
917 855
917 864
917 938
917 943
917 963
917 974
917 982
917 990
917 996
918 258
918 329
918 446
918 480
918 523
918 566
918 580
918 606
918 623
918 710
918 722
918 774
918 790
918 847
918 860
918 864
918 898
918 957
918 960
919 49
919 146
919 215
919 229
919 435
919 507
919 617
919 673
919 686
919 688
919 696
919 746
919 811
919 867
919 874
919 938
919 954
919 961
919 962
920 6
920 97
920 309
920 504
920 754
920 761
920 766
920 777
920 779
920 805
920 825
920 848
920 887
920 927
920 928
920 934
920 952
920 969
920 975
920 987
921 13
921 262
921 583
921 624
921 755
921 759
921 824
921 833
921 839
921 871
921 882
921 901
921 904
921 912
921 929
921 933
921 935
921 974
921 982
921 990
922 184
922 205
922 247
922 255
922 430
922 497
922 624
922 634
922 672
922 733
922 742
922 751
922 759
922 848
922 896
922 912
922 923
922 926
922 934
922 956
923 118
923 231
923 283
923 549
923 566
923 571
923 650
923 655
923 733
923 763
923 765
923 794
923 808
923 832
923 867
923 922
923 934
923 991
923 994
923 999
924 30
924 148
924 298
924 327
924 448
924 508
924 559
924 577
924 649
924 709
924 727
924 772
924 878
924 912
924 931
924 935
924 943
924 953
924 964
924 985
924 992
925 290
925 298
925 433
925 594
925 598
925 703
925 705
925 805
925 848
925 858
925 864
925 892
925 926
925 954
925 955
925 956
925 962
925 982
925 992
925 995
925 998
926 213
926 287
926 487
926 491
926 567
926 586
926 612
926 659
926 762
926 895
926 922
926 925
926 934
926 936
926 955
926 960
926 968
926 970
926 974
926 992
926 993
926 998
927 44
927 61
927 141
927 155
927 160
927 247
927 313
927 369
927 518
927 535
927 572
927 616
927 718
927 763
927 788
927 800
927 822
927 861
927 920
927 940
927 960
927 975
928 275
928 338
928 340
928 365
928 432
928 486
928 570
928 571
928 611
928 621
928 662
928 721
928 740
928 742
928 750
928 861
928 887
928 920
928 946
928 952
928 993
928 996
929 376
929 400
929 402
929 506
929 534
929 569
929 707
929 735
929 792
929 852
929 861
929 875
929 889
929 915
929 921
929 932
929 935
929 936
929 939
929 947
929 982
929 988
929 999
930 44
930 192
930 208
930 277
930 326
930 438
930 452
930 474
930 686
930 691
930 729
930 764
930 860
930 865
930 875
930 882
930 907
930 913
930 958
930 960
930 983
930 984
930 995
931 284
931 463
931 489
931 534
931 673
931 699
931 700
931 762
931 810
931 836
931 878
931 880
931 885
931 900
931 902
931 907
931 916
931 924
931 968
931 975
931 977
931 978
931 985
932 163
932 270
932 428
932 435
932 497
932 502
932 574
932 626
932 641
932 728
932 731
932 787
932 826
932 849
932 894
932 909
932 911
932 929
932 945
932 967
932 978
932 989
932 997
933 102
933 149
933 157
933 350
933 519
933 532
933 543
933 553
933 589
933 634
933 772
933 785
933 795
933 832
933 864
933 904
933 912
933 921
933 952
933 954
933 956
933 957
933 990
934 170
934 313
934 315
934 373
934 468
934 536
934 602
934 652
934 704
934 920
934 922
934 923
934 926
934 939
934 940
934 956
934 961
934 969
934 971
934 979
934 988
934 991
934 998
935 105
935 215
935 287
935 308
935 505
935 559
935 566
935 704
935 706
935 722
935 838
935 909
935 914
935 921
935 924
935 929
935 952
935 954
935 959
935 960
935 981
935 985
935 993
935 999
936 42
936 122
936 407
936 414
936 459
936 462
936 494
936 496
936 562
936 635
936 652
936 698
936 702
936 726
936 787
936 857
936 864
936 872
936 876
936 926
936 929
936 955
936 966
936 991
937 73
937 86
937 112
937 223
937 393
937 445
937 454
937 469
937 500
937 611
937 617
937 618
937 724
937 742
937 746
937 748
937 914
937 948
937 956
937 964
937 981
937 986
937 995
937 997
938 87
938 140
938 186
938 197
938 205
938 319
938 390
938 626
938 676
938 712
938 744
938 788
938 795
938 828
938 838
938 904
938 917
938 919
938 939
938 958
938 959
938 980
938 981
938 999
939 360
939 487
939 488
939 526
939 671
939 702
939 713
939 757
939 831
939 854
939 884
939 889
939 916
939 929
939 934
939 938
939 945
939 947
939 964
939 976
939 990
939 995
939 997
939 999
940 20
940 35
940 97
940 204
940 302
940 314
940 508
940 564
940 612
940 647
940 795
940 815
940 838
940 844
940 891
940 927
940 934
940 947
940 956
940 962
940 967
940 970
940 977
940 993
941 2
941 303
941 333
941 446
941 453
941 581
941 665
941 674
941 707
941 792
941 805
941 808
941 815
941 826
941 852
941 882
941 905
941 914
941 944
941 948
941 950
941 964
941 980
941 992
942 18
942 100
942 111
942 274
942 297
942 325
942 398
942 412
942 457
942 491
942 513
942 535
942 537
942 551
942 578
942 699
942 733
942 816
942 820
942 821
942 849
942 952
942 960
942 996
943 1
943 59
943 60
943 99
943 154
943 168
943 196
943 303
943 332
943 347
943 455
943 475
943 522
943 585
943 697
943 797
943 817
943 836
943 840
943 857
943 879
943 917
943 924
943 964
943 968
944 42
944 310
944 369
944 398
944 447
944 560
944 624
944 659
944 668
944 670
944 681
944 688
944 714
944 731
944 749
944 761
944 776
944 836
944 855
944 856
944 900
944 941
944 951
944 988
944 995
945 7
945 32
945 142
945 154
945 220
945 225
945 322
945 598
945 644
945 713
945 757
945 785
945 800
945 806
945 833
945 893
945 899
945 932
945 939
945 957
945 958
945 964
945 978
945 979
945 990
945 997
946 5
946 30
946 124
946 145
946 200
946 261
946 310
946 341
946 399
946 479
946 512
946 582
946 607
946 788
946 804
946 812
946 840
946 841
946 868
946 928
946 953
946 954
946 967
946 973
946 983
946 985
947 133
947 201
947 232
947 301
947 422
947 527
947 578
947 635
947 716
947 717
947 720
947 724
947 859
947 899
947 929
947 939
947 940
947 953
947 959
947 972
947 977
947 978
947 989
947 990
947 997
947 999
948 36
948 62
948 170
948 216
948 248
948 309
948 341
948 403
948 416
948 469
948 541
948 581
948 752
948 763
948 850
948 867
948 893
948 906
948 907
948 914
948 937
948 941
948 964
948 986
948 997
948 998
949 235
949 316
949 374
949 418
949 461
949 530
949 539
949 544
949 638
949 657
949 670
949 721
949 724
949 726
949 784
949 806
949 810
949 870
949 873
949 888
949 907
949 951
949 967
949 974
949 987
949 989
949 990
950 286
950 329
950 368
950 391
950 470
950 497
950 526
950 527
950 631
950 637
950 649
950 651
950 719
950 737
950 741
950 789
950 810
950 829
950 850
950 865
950 870
950 876
950 941
950 953
950 989
950 993
950 994
951 33
951 210
951 228
951 242
951 346
951 437
951 476
951 573
951 615
951 706
951 734
951 738
951 756
951 822
951 868
951 870
951 878
951 891
951 909
951 915
951 944
951 949
951 952
951 969
951 988
951 991
951 993
952 25
952 102
952 150
952 165
952 419
952 495
952 578
952 606
952 630
952 671
952 693
952 712
952 734
952 852
952 856
952 869
952 871
952 873
952 877
952 900
952 920
952 928
952 933
952 935
952 942
952 951
952 963
953 30
953 88
953 90
953 280
953 293
953 296
953 366
953 382
953 603
953 605
953 614
953 710
953 763
953 807
953 812
953 868
953 900
953 924
953 946
953 947
953 950
953 954
953 962
953 966
953 971
953 977
953 992
954 7
954 53
954 89
954 225
954 285
954 296
954 411
954 436
954 645
954 669
954 710
954 768
954 784
954 788
954 804
954 807
954 812
954 840
954 843
954 868
954 873
954 882
954 919
954 925
954 933
954 935
954 946
954 953
955 17
955 194
955 228
955 276
955 300
955 373
955 383
955 408
955 472
955 498
955 541
955 588
955 625
955 638
955 653
955 660
955 758
955 841
955 848
955 878
955 894
955 908
955 925
955 926
955 936
955 968
955 974
955 978
956 38
956 118
956 130
956 357
956 466
956 478
956 651
956 687
956 716
956 777
956 837
956 839
956 845
956 852
956 887
956 922
956 925
956 933
956 934
956 937
956 940
956 960
956 966
956 968
956 981
956 991
956 997
956 998
957 68
957 88
957 205
957 252
957 260
957 423
957 505
957 516
957 558
957 630
957 636
957 695
957 715
957 716
957 725
957 766
957 772
957 875
957 899
957 918
957 933
957 945
957 967
957 974
957 978
957 992
957 996
957 999
958 43
958 213
958 294
958 331
958 362
958 473
958 479
958 481
958 565
958 572
958 619
958 646
958 689
958 698
958 699
958 748
958 749
958 771
958 787
958 873
958 881
958 930
958 938
958 945
958 960
958 969
958 970
958 973
959 151
959 262
959 448
959 557
959 566
959 573
959 578
959 677
959 680
959 686
959 695
959 700
959 704
959 769
959 797
959 809
959 828
959 838
959 863
959 874
959 908
959 935
959 938
959 947
959 980
959 989
959 990
959 992
960 29
960 56
960 148
960 308
960 319
960 326
960 413
960 563
960 649
960 664
960 687
960 703
960 734
960 798
960 852
960 863
960 896
960 908
960 918
960 926
960 927
960 930
960 935
960 942
960 956
960 958
960 965
960 979
960 997
961 125
961 226
961 331
961 387
961 391
961 456
961 548
961 554
961 582
961 591
961 600
961 678
961 713
961 718
961 795
961 804
961 828
961 858
961 877
961 892
961 912
961 919
961 934
961 962
961 977
961 984
961 988
961 991
961 993
962 70
962 80
962 222
962 249
962 271
962 331
962 483
962 489
962 499
962 570
962 678
962 761
962 777
962 795
962 816
962 857
962 887
962 895
962 919
962 925
962 940
962 953
962 961
962 967
962 968
962 973
962 983
962 989
962 991
963 0
963 35
963 48
963 81
963 101
963 114
963 126
963 230
963 234
963 241
963 476
963 530
963 550
963 569
963 610
963 618
963 683
963 717
963 735
963 756
963 790
963 822
963 842
963 843
963 908
963 917
963 952
963 973
963 979
963 986
964 4
964 36
964 56
964 74
964 103
964 113
964 287
964 295
964 339
964 436
964 437
964 495
964 498
964 623
964 639
964 656
964 775
964 799
964 808
964 853
964 884
964 924
964 937
964 939
964 941
964 943
964 945
964 948
964 966
964 977
965 45
965 66
965 161
965 164
965 235
965 279
965 280
965 283
965 289
965 408
965 419
965 608
965 665
965 672
965 691
965 793
965 827
965 858
965 871
965 875
965 910
965 960
965 967
965 977
965 983
965 984
965 989
965 990
965 991
965 996
966 15
966 37
966 67
966 120
966 179
966 183
966 432
966 456
966 461
966 477
966 500
966 522
966 569
966 593
966 674
966 694
966 814
966 826
966 836
966 898
966 902
966 936
966 953
966 956
966 964
966 969
966 978
966 989
966 995
966 997
967 142
967 217
967 261
967 342
967 370
967 491
967 586
967 619
967 649
967 680
967 712
967 717
967 760
967 780
967 782
967 903
967 932
967 940
967 946
967 949
967 957
967 962
967 965
967 970
967 971
967 972
967 979
967 984
967 987
967 993
968 26
968 98
968 180
968 191
968 254
968 335
968 386
968 486
968 525
968 608
968 643
968 647
968 675
968 687
968 771
968 802
968 807
968 814
968 835
968 837
968 876
968 903
968 926
968 931
968 943
968 955
968 956
968 962
968 970
968 974
968 998
969 32
969 84
969 105
969 123
969 188
969 281
969 393
969 467
969 514
969 521
969 554
969 555
969 563
969 574
969 597
969 613
969 647
969 654
969 719
969 723
969 755
969 833
969 860
969 909
969 920
969 934
969 951
969 958
969 966
969 974
969 998
970 162
970 386
970 394
970 485
970 549
970 555
970 579
970 627
970 701
970 712
970 761
970 766
970 790
970 844
970 846
970 858
970 896
970 901
970 902
970 909
970 926
970 940
970 958
970 967
970 968
970 972
970 973
970 975
970 983
970 984
970 987
971 33
971 111
971 118
971 121
971 154
971 175
971 233
971 258
971 267
971 273
971 318
971 335
971 367
971 509
971 537
971 587
971 617
971 709
971 789
971 802
971 830
971 857
971 863
971 893
971 907
971 934
971 953
971 967
971 974
971 975
971 981
971 993
972 149
972 163
972 361
972 369
972 372
972 433
972 470
972 531
972 533
972 562
972 564
972 588
972 592
972 599
972 606
972 688
972 724
972 751
972 767
972 806
972 855
972 866
972 867
972 868
972 909
972 915
972 947
972 967
972 970
972 973
972 990
972 995
973 57
973 116
973 126
973 211
973 233
973 355
973 576
973 589
973 600
973 646
973 746
973 787
973 816
973 829
973 839
973 842
973 844
973 846
973 866
973 879
973 902
973 905
973 946
973 958
973 962
973 963
973 970
973 972
973 976
973 977
973 979
973 987
973 993
974 125
974 178
974 343
974 404
974 438
974 469
974 488
974 505
974 513
974 608
974 704
974 714
974 717
974 728
974 729
974 759
974 853
974 855
974 887
974 891
974 914
974 917
974 921
974 926
974 949
974 955
974 957
974 968
974 969
974 971
974 975
974 990
974 992
974 999
975 11
975 40
975 156
975 185
975 186
975 231
975 238
975 275
975 285
975 306
975 361
975 422
975 428
975 469
975 494
975 538
975 691
975 743
975 745
975 751
975 819
975 831
975 854
975 877
975 885
975 900
975 911
975 916
975 920
975 927
975 931
975 970
975 971
975 974
975 992
976 24
976 37
976 40
976 41
976 147
976 151
976 182
976 286
976 317
976 320
976 412
976 426
976 562
976 569
976 631
976 646
976 661
976 679
976 719
976 779
976 832
976 835
976 869
976 878
976 885
976 891
976 896
976 907
976 916
976 939
976 973
976 980
976 986
976 998
976 999
977 41
977 84
977 132
977 212
977 236
977 352
977 375
977 391
977 450
977 516
977 528
977 538
977 610
977 712
977 738
977 747
977 751
977 787
977 813
977 834
977 846
977 889
977 931
977 940
977 947
977 953
977 961
977 964
977 965
977 973
977 978
977 987
977 992
977 998
977 999
978 251
978 433
978 468
978 515
978 527
978 576
978 610
978 622
978 638
978 666
978 679
978 706
978 713
978 743
978 768
978 772
978 814
978 838
978 862
978 868
978 880
978 883
978 899
978 905
978 907
978 931
978 932
978 945
978 947
978 955
978 957
978 966
978 977
978 992
978 995
978 998
979 10
979 58
979 131
979 149
979 164
979 184
979 217
979 262
979 306
979 327
979 376
979 431
979 464
979 506
979 577
979 593
979 714
979 719
979 762
979 763
979 813
979 843
979 847
979 853
979 864
979 867
979 934
979 945
979 960
979 963
979 967
979 973
979 983
979 984
979 990
979 997
979 999
980 32
980 109
980 138
980 162
980 167
980 183
980 272
980 312
980 379
980 448
980 498
980 509
980 520
980 559
980 568
980 580
980 598
980 604
980 618
980 653
980 676
980 677
980 680
980 697
980 704
980 708
980 757
980 759
980 769
980 818
980 855
980 914
980 938
980 941
980 959
980 976
980 981
980 982
981 19
981 47
981 52
981 79
981 82
981 140
981 208
981 269
981 270
981 337
981 486
981 519
981 576
981 627
981 661
981 677
981 679
981 690
981 697
981 703
981 722
981 769
981 828
981 834
981 886
981 895
981 935
981 937
981 938
981 956
981 971
981 980
981 984
981 985
981 988
981 993
981 994
981 998
982 128
982 134
982 209
982 210
982 317
982 344
982 350
982 360
982 395
982 438
982 442
982 469
982 510
982 551
982 563
982 565
982 578
982 612
982 614
982 621
982 700
982 709
982 721
982 746
982 778
982 800
982 827
982 861
982 863
982 888
982 894
982 897
982 908
982 917
982 921
982 925
982 929
982 980
982 988
983 79
983 220
983 222
983 346
983 450
983 560
983 609
983 627
983 637
983 641
983 645
983 667
983 668
983 673
983 688
983 705
983 706
983 714
983 718
983 750
983 755
983 759
983 793
983 809
983 827
983 856
983 860
983 875
983 891
983 897
983 915
983 930
983 946
983 962
983 965
983 970
983 979
983 987
983 997
984 19
984 34
984 144
984 198
984 305
984 307
984 390
984 396
984 457
984 496
984 510
984 518
984 531
984 534
984 607
984 609
984 662
984 667
984 672
984 677
984 691
984 705
984 735
984 757
984 794
984 803
984 827
984 856
984 860
984 901
984 930
984 961
984 965
984 967
984 970
984 979
984 981
984 988
984 993
984 997
985 28
985 110
985 127
985 172
985 179
985 281
985 338
985 397
985 484
985 489
985 504
985 525
985 548
985 641
985 644
985 645
985 655
985 690
985 707
985 744
985 779
985 805
985 809
985 813
985 819
985 830
985 854
985 882
985 893
985 901
985 907
985 916
985 924
985 931
985 935
985 946
985 981
985 986
985 994
985 995
986 11
986 113
986 119
986 120
986 147
986 175
986 259
986 295
986 302
986 328
986 341
986 400
986 443
986 457
986 473
986 476
986 499
986 500
986 524
986 527
986 560
986 590
986 618
986 656
986 674
986 746
986 782
986 783
986 808
986 826
986 838
986 901
986 914
986 937
986 948
986 963
986 976
986 985
986 988
986 995
987 2
987 59
987 64
987 87
987 139
987 153
987 196
987 252
987 379
987 397
987 424
987 502
987 535
987 544
987 556
987 586
987 601
987 604
987 693
987 701
987 752
987 776
987 797
987 839
987 840
987 878
987 886
987 897
987 903
987 920
987 949
987 967
987 970
987 973
987 977
987 983
987 990
987 991
987 996
987 997
987 998
988 150
988 204
988 207
988 255
988 301
988 371
988 378
988 402
988 464
988 507
988 547
988 592
988 613
988 615
988 647
988 648
988 688
988 720
988 723
988 724
988 739
988 754
988 767
988 807
988 810
988 854
988 865
988 870
988 879
988 880
988 908
988 929
988 934
988 944
988 951
988 961
988 981
988 982
988 984
988 986
988 989
988 994
989 91
989 129
989 164
989 294
989 295
989 324
989 336
989 343
989 354
989 366
989 487
989 505
989 515
989 533
989 545
989 583
989 616
989 636
989 685
989 733
989 737
989 802
989 809
989 821
989 829
989 836
989 862
989 884
989 889
989 899
989 903
989 905
989 909
989 932
989 947
989 949
989 950
989 959
989 962
989 965
989 966
989 988
989 999
990 40
990 65
990 68
990 78
990 133
990 145
990 192
990 358
990 368
990 405
990 432
990 511
990 570
990 580
990 589
990 601
990 633
990 695
990 714
990 791
990 837
990 838
990 841
990 845
990 851
990 855
990 881
990 896
990 917
990 921
990 933
990 939
990 945
990 947
990 949
990 959
990 965
990 972
990 974
990 979
990 987
990 997
990 999
991 39
991 92
991 98
991 188
991 189
991 242
991 337
991 353
991 375
991 383
991 391
991 395
991 401
991 424
991 439
991 476
991 491
991 509
991 587
991 635
991 737
991 745
991 764
991 767
991 778
991 793
991 805
991 812
991 827
991 835
991 837
991 852
991 907
991 923
991 934
991 936
991 951
991 956
991 961
991 962
991 965
991 987
991 998
992 96
992 249
992 319
992 343
992 353
992 363
992 435
992 443
992 471
992 503
992 557
992 580
992 589
992 595
992 642
992 672
992 714
992 716
992 720
992 727
992 729
992 731
992 755
992 766
992 818
992 823
992 824
992 842
992 851
992 859
992 885
992 899
992 924
992 925
992 926
992 941
992 953
992 957
992 959
992 974
992 975
992 977
992 978
993 43
993 71
993 136
993 167
993 173
993 202
993 211
993 243
993 253
993 284
993 401
993 411
993 504
993 539
993 656
993 673
993 702
993 728
993 736
993 748
993 761
993 769
993 791
993 801
993 808
993 844
993 858
993 886
993 892
993 926
993 928
993 935
993 940
993 950
993 951
993 961
993 967
993 971
993 973
993 981
993 984
993 995
993 996
993 998
994 11
994 13
994 26
994 43
994 77
994 94
994 108
994 156
994 201
994 257
994 292
994 360
994 370
994 390
994 398
994 399
994 403
994 464
994 508
994 535
994 593
994 596
994 632
994 638
994 640
994 665
994 696
994 717
994 719
994 725
994 756
994 770
994 776
994 780
994 813
994 834
994 837
994 854
994 906
994 910
994 923
994 950
994 981
994 985
994 988
994 995
995 16
995 51
995 90
995 215
995 253
995 281
995 284
995 321
995 365
995 410
995 434
995 437
995 467
995 480
995 514
995 539
995 569
995 720
995 723
995 732
995 736
995 747
995 767
995 773
995 780
995 800
995 806
995 855
995 873
995 876
995 889
995 891
995 902
995 911
995 915
995 925
995 930
995 937
995 939
995 944
995 966
995 972
995 978
995 985
995 986
995 993
995 994
996 4
996 17
996 56
996 122
996 171
996 199
996 207
996 229
996 323
996 338
996 425
996 503
996 532
996 541
996 545
996 598
996 601
996 608
996 627
996 634
996 643
996 666
996 716
996 731
996 768
996 779
996 781
996 819
996 821
996 823
996 837
996 844
996 851
996 855
996 868
996 884
996 888
996 892
996 903
996 917
996 928
996 942
996 957
996 965
996 987
996 993
996 998
996 999
997 7
997 37
997 46
997 52
997 92
997 103
997 188
997 199
997 225
997 254
997 264
997 266
997 426
997 436
997 465
997 583
997 595
997 607
997 636
997 679
997 682
997 698
997 715
997 726
997 740
997 765
997 785
997 789
997 826
997 859
997 862
997 876
997 894
997 904
997 932
997 937
997 939
997 945
997 947
997 948
997 956
997 960
997 966
997 979
997 983
997 984
997 987
997 990
998 35
998 76
998 112
998 123
998 132
998 169
998 177
998 219
998 290
998 496
998 509
998 524
998 559
998 587
998 594
998 625
998 632
998 635
998 663
998 697
998 707
998 708
998 725
998 732
998 737
998 738
998 759
998 764
998 837
998 841
998 865
998 896
998 900
998 908
998 925
998 926
998 934
998 948
998 956
998 968
998 969
998 976
998 977
998 978
998 981
998 987
998 991
998 993
998 996
999 28
999 143
999 156
999 166
999 193
999 234
999 246
999 326
999 333
999 365
999 400
999 418
999 441
999 468
999 537
999 542
999 547
999 607
999 609
999 613
999 625
999 651
999 657
999 672
999 679
999 715
999 745
999 747
999 762
999 799
999 826
999 833
999 836
999 874
999 883
999 905
999 923
999 929
999 935
999 938
999 939
999 947
999 957
999 974
999 976
999 977
999 979
999 989
999 990
999 996
