0 5
1 5
2 2
3 5
4 5
5 5
6 5
7 5
8 5
9 5
10 5
11 5
12 5
13 5
14 5
15 2
16 5
17 4
18 5
19 5
20 5
21 5
22 5
23 5
24 5
25 5
26 5
27 5
28 5
29 5
30 5
31 5
32 5
33 5
34 5
35 5
36 5
37 5
38 5
39 5
40 5
41 5
42 5
43 5
44 5
45 5
46 5
47 5
48 5
49 5
50 5
51 5
52 5
53 5
54 5
55 6
56 5
57 5
58 5
59 5
60 5
61 2
62 5
63 5
64 5
65 5
66 3
67 6
68 5
69 5
70 5
71 5
72 5
73 5
74 5
75 2
76 5
77 5
78 5
79 5
80 5
81 5
82 5
83 4
84 6
85 5
86 5
87 5
88 5
89 5
90 5
91 5
92 5
93 5
94 5
95 5
96 5
97 5
98 5
99 5
100 5
101 5
102 5
103 5
104 2
105 5
106 5
107 5
108 5
109 5
110 5
111 5
112 5
113 5
114 5
115 5
116 5
117 5
118 5
119 5
120 5
121 5
122 5
123 5
124 5
125 5
126 5
127 5
128 5
129 5
130 5
131 5
132 5
133 5
134 5
135 5
136 5
137 5
138 5
139 5
140 5
141 5
142 5
143 5
144 5
145 5
146 5
147 5
148 5
149 5
150 5
151 5
152 5
153 5
154 5
155 5
156 5
157 5
158 3
159 5
160 5
161 5
162 6
163 5
164 5
165 5
166 5
167 5
168 5
169 5
170 6
171 6
172 6
173 6
174 6
175 6
176 6
177 6
178 6
179 6
180 6
181 2
182 6
183 6
184 6
185 6
186 6
187 6
188 0
189 6
190 6
191 6
192 6
193 6
194 6
195 6
196 6
197 6
198 6
199 6
200 6
201 6
202 6
203 6
204 6
205 6
206 6
207 6
208 6
209 6
210 6
211 6
212 6
213 6
214 0
215 0
216 6
217 0
218 6
219 6
220 6
221 6
222 6
223 6
224 6
225 6
226 6
227 6
228 6
229 6
230 6
231 1
232 2
233 3
234 3
235 2
236 3
237 3
238 0
239 0
240 0
241 0
242 0
243 0
244 3
245 6
246 6
247 6
248 6
249 6
250 2
251 3
252 5
253 6
254 4
255 2
256 2
257 4
258 3
259 5
260 6
261 6
262 6
263 6
264 5
265 2
266 2
267 2
268 2
269 2
270 2
271 2
272 2
273 2
274 2
275 2
276 2
277 2
278 2
279 2
280 2
281 2
282 2
283 2
284 2
285 2
286 2
287 0
288 2
289 2
290 2
291 2
292 2
293 2
294 2
295 2
296 2
297 2
298 2
299 2
300 2
301 5
302 2
303 2
304 2
305 2
306 2
307 2
308 2
309 3
310 3
311 3
312 3
313 3
314 3
315 3
316 3
317 3
318 3
319 3
320 3
321 3
322 3
323 3
324 5
325 5
326 5
327 5
328 5
329 5
330 5
331 6
332 5
333 1
334 1
335 1
336 1
337 2
338 2
339 4
340 2
341 6
342 4
343 4
344 4
345 4
346 4
347 3
348 4
349 2
350 3
351 4
352 4
353 4
354 4
355 4
356 1
357 4
358 2
359 1
360 3
361 4
362 4
363 5
364 1
365 1
366 4
367 2
368 1
369 4
370 4
371 1
372 1
373 4
374 1
375 1
376 3
377 2
378 2
379 2
380 6
381 2
382 2
383 2
384 2
385 2
386 2
387 4
388 2
389 6
390 2
391 2
392 2
393 2
394 2
395 2
396 2
397 6
398 2
399 2
400 2
401 2
402 2
403 2
404 2
405 2
406 4
407 2
408 2
409 2
410 2
411 2
412 2
413 2
414 2
415 6
416 2
417 2
418 2
419 2
420 2
421 2
422 2
423 2
424 2
425 2
426 2
427 6
428 2
429 2
430 2
431 2
432 2
433 2
434 2
435 2
436 2
437 2
438 2
439 2
440 2
441 2
442 2
443 2
444 2
445 2
446 3
447 3
448 3
449 3
450 3
451 3
452 3
453 3
454 1
455 3
456 3
457 3
458 3
459 3
460 3
461 3
462 5
463 5
464 5
465 5
466 5
467 0
468 0
469 0
470 0
471 4
472 2
473 1
474 2
475 5
476 5
477 0
478 0
479 3
480 3
481 3
482 3
483 3
484 3
485 3
486 3
487 3
488 3
489 3
490 3
491 3
492 3
493 3
494 1
495 1
496 1
497 1
498 3
499 3
500 3
501 3
502 3
503 3
504 3
505 0
506 4
507 4
508 2
509 0
510 0
511 0
512 0
513 4
514 0
515 4
516 0
517 3
518 0
519 4
520 4
521 4
522 4
523 4
524 3
525 3
526 4
527 4
528 1
529 1
530 1
531 1
532 1
533 1
534 1
535 1
536 1
537 1
538 1
539 1
540 1
541 1
542 1
543 1
544 1
545 1
546 1
547 4
548 1
549 1
550 1
551 4
552 4
553 4
554 4
555 4
556 4
557 4
558 4
559 4
560 4
561 2
562 4
563 4
564 4
565 4
566 4
567 4
568 4
569 4
570 2
571 4
572 2
573 4
574 4
575 4
576 4
577 4
578 4
579 2
580 2
581 2
582 2
583 0
584 2
585 2
586 2
587 2
588 2
589 2
590 0
591 2
592 2
593 2
594 2
595 2
596 2
597 2
598 2
599 2
600 2
601 2
602 2
603 2
604 2
605 2
606 2
607 2
608 2
609 2
610 2
611 2
612 2
613 2
614 2
615 2
616 2
617 2
618 2
619 2
620 2
621 2
622 2
623 2
624 2
625 2
626 2
627 2
628 2
629 2
630 2
631 2
632 2
633 3
634 3
635 3
636 3
637 3
638 3
639 2
640 2
641 3
642 3
643 3
644 3
645 3
646 3
647 3
648 3
649 3
650 3
651 3
652 3
653 3
654 0
655 0
656 0
657 0
658 0
659 0
660 2
661 0
662 0
663 0
664 0
665 0
666 0
667 0
668 0
669 0
670 0
671 0
672 4
673 0
674 1
675 4
676 1
677 1
678 3
679 4
680 4
681 4
682 1
683 1
684 3
685 3
686 1
687 1
688 3
689 1
690 2
691 2
692 3
693 3
694 2
695 3
696 3
697 3
698 3
699 4
700 3
701 3
702 3
703 3
704 3
705 4
706 3
707 3
708 4
709 0
710 0
711 0
712 0
713 4
714 2
715 2
716 2
717 2
718 5
719 2
720 2
721 5
722 6
723 2
724 2
725 2
726 2
727 2
728 2
729 2
730 2
731 2
732 2
733 6
734 2
735 2
736 0
737 2
738 2
739 2
740 3
741 2
742 2
743 2
744 6
745 0
746 0
747 2
748 2
749 2
750 0
751 6
752 2
753 5
754 2
755 2
756 5
757 2
758 2
759 2
760 4
761 4
762 3
763 3
764 2
765 3
766 2
767 1
768 4
769 1
770 2
771 4
772 2
773 0
774 2
775 4
776 3
777 3
778 4
779 4
780 1
781 4
782 3
783 4
784 4
785 3
786 0
787 4
788 4
789 4
790 4
791 0
792 4
793 1
794 4
795 3
796 3
797 4
798 4
799 3
800 6
801 2
802 2
803 4
804 2
805 3
806 3
807 3
808 1
809 3
810 4
811 0
812 0
813 2
814 2
815 2
816 0
817 0
818 0
819 2
820 2
821 0
822 2
823 2
824 2
825 2
826 0
827 2
828 2
829 2
830 2
831 6
832 2
833 0
834 2
835 2
836 2
837 2
838 2
839 2
840 0
841 0
842 0
843 0
844 2
845 0
846 4
847 0
848 4
849 0
850 0
851 4
852 1
853 3
854 6
855 6
856 6
857 2
858 6
859 4
860 6
861 6
862 6
863 4
864 4
865 1
866 1
867 1
868 1
869 1
870 1
871 1
872 1
873 4
874 4
875 4
876 4
877 2
878 4
879 0
880 4
881 4
882 4
883 4
884 4
885 4
886 4
887 4
888 5
889 3
890 4
891 3
892 3
893 3
894 3
895 3
896 3
897 3
898 0
899 0
900 0
901 0
902 0
903 4
904 2
905 2
906 2
907 2
908 2
909 2
910 2
911 2
912 2
913 2
914 2
915 3
916 3
917 3
918 3
919 4
920 4
921 4
922 5
923 4
924 4
925 4
926 4
927 2
928 2
929 2
930 2
931 2
932 6
933 6
934 2
935 6
936 6
937 6
938 6
939 5
940 6
941 6
942 6
943 6
944 2
945 6
946 2
947 6
948 6
949 6
950 6
951 3
952 6
953 6
954 6
955 2
956 5
957 6
958 6
959 6
960 6
961 6
962 6
963 6
964 6
965 6
966 6
967 6
968 6
969 6
970 6
971 6
972 6
973 6
974 6
975 4
976 6
977 2
978 6
979 6
980 6
981 2
982 6
983 6
984 3
985 6
986 6
987 6
988 6
989 6
990 4
991 4
992 0
993 4
994 4
995 4
996 4
997 3
998 3
999 3
1000 3
1001 3
1002 3
1003 3
1004 3
1005 3
1006 3
1007 3
1008 4
1009 3
1010 2
1011 3
1012 3
1013 2
1014 6
1015 6
1016 6
1017 6
1018 6
1019 4
1020 2
1021 1
1022 1
1023 1
1024 4
1025 3
1026 4
1027 4
1028 1
1029 1
1030 5
1031 3
1032 3
1033 2
1034 2
1035 2
1036 2
1037 4
1038 2
1039 2
1040 2
1041 2
1042 0
1043 0
1044 0
1045 2
1046 0
1047 0
1048 0
1049 0
1050 0
1051 0
1052 0
1053 0
1054 0
1055 0
1056 0
1057 2
1058 2
1059 2
1060 2
1061 0
1062 2
1063 2
1064 2
1065 2
1066 2
1067 0
1068 2
1069 2
1070 0
1071 0
1072 0
1073 0
1074 0
1075 1
1076 1
1077 1
1078 1
1079 4
1080 4
1081 1
1082 4
1083 4
1084 1
1085 1
1086 1
1087 1
1088 1
1089 4
1090 4
1091 2
1092 2
1093 6
1094 2
1095 4
1096 4
1097 2
1098 2
1099 2
1100 2
1101 2
1102 6
1103 6
1104 6
1105 6
1106 2
1107 2
1108 2
1109 2
1110 2
1111 2
1112 2
1113 2
1114 2
1115 2
1116 3
1117 5
1118 4
1119 4
1120 4
1121 1
1122 4
1123 1
1124 2
1125 4
1126 0
1127 1
1128 1
1129 1
1130 2
1131 4
1132 1
1133 1
1134 3
1135 4
1136 2
1137 2
1138 2
1139 1
1140 1
1141 1
1142 1
1143 1
1144 1
1145 1
1146 1
1147 1
1148 2
1149 2
1150 2
1151 2
1152 1
1153 4
1154 1
1155 4
1156 3
1157 0
1158 0
1159 1
1160 3
1161 4
1162 3
1163 3
1164 5
1165 5
1166 5
1167 5
1168 6
1169 5
1170 6
1171 5
1172 5
1173 5
1174 5
1175 5
1176 5
1177 6
1178 4
1179 4
1180 4
1181 4
1182 1
1183 1
1184 1
1185 0
1186 0
1187 0
1188 5
1189 2
1190 2
1191 2
1192 4
1193 4
1194 4
1195 0
1196 4
1197 3
1198 2
1199 3
1200 4
1201 4
1202 4
1203 4
1204 4
1205 4
1206 4
1207 4
1208 4
1209 4
1210 4
1211 3
1212 3
1213 3
1214 3
1215 3
1216 3
1217 3
1218 3
1219 3
1220 3
1221 3
1222 3
1223 2
1224 2
1225 4
1226 2
1227 2
1228 2
1229 2
1230 2
1231 2
1232 2
1233 2
1234 3
1235 2
1236 6
1237 3
1238 3
1239 4
1240 3
1241 1
1242 2
1243 2
1244 1
1245 1
1246 1
1247 1
1248 1
1249 4
1250 4
1251 1
1252 4
1253 1
1254 3
1255 4
1256 4
1257 4
1258 4
1259 4
1260 4
1261 4
1262 4
1263 4
1264 4
1265 4
1266 4
1267 4
1268 4
1269 4
1270 4
1271 4
1272 4
1273 4
1274 4
1275 4
1276 4
1277 0
1278 4
1279 4
1280 4
1281 4
1282 4
1283 4
1284 4
1285 4
1286 4
1287 4
1288 4
1289 4
1290 4
1291 2
1292 2
1293 2
1294 2
1295 2
1296 2
1297 2
1298 2
1299 2
1300 2
1301 2
1302 4
1303 4
1304 4
1305 4
1306 4
1307 2
1308 6
1309 5
1310 5
1311 5
1312 5
1313 5
1314 5
1315 5
1316 5
1317 5
1318 3
1319 5
1320 2
1321 2
1322 1
1323 1
1324 6
1325 6
1326 6
1327 6
1328 2
1329 2
1330 6
1331 4
1332 2
1333 6
1334 0
1335 2
1336 2
1337 2
1338 2
1339 2
1340 2
1341 2
1342 2
1343 2
1344 1
1345 1
1346 6
1347 6
1348 6
1349 4
1350 4
1351 5
1352 5
1353 5
1354 5
1355 5
1356 2
1357 2
1358 0
1359 0
1360 0
1361 0
1362 0
1363 0
1364 0
1365 0
1366 0
1367 0
1368 0
1369 3
1370 3
1371 3
1372 3
1373 1
1374 3
1375 3
1376 1
1377 3
1378 2
1379 4
1380 4
1381 2
1382 2
1383 2
1384 4
1385 4
1386 4
1387 4
1388 4
1389 4
1390 4
1391 5
1392 3
1393 3
1394 3
1395 3
1396 3
1397 0
1398 0
1399 0
1400 0
1401 0
1402 0
1403 0
1404 0
1405 0
1406 0
1407 2
1408 2
1409 2
1410 2
1411 2
1412 2
1413 2
1414 2
1415 2
1416 4
1417 2
1418 2
1419 2
1420 2
1421 2
1422 2
1423 0
1424 0
1425 0
1426 0
1427 0
1428 0
1429 0
1430 0
1431 0
1432 0
1433 0
1434 0
1435 0
1436 0
1437 0
1438 6
1439 0
1440 6
1441 6
1442 0
1443 0
1444 2
1445 5
1446 6
1447 5
1448 5
1449 6
1450 6
1451 3
1452 6
1453 2
1454 2
1455 2
1456 2
1457 2
1458 1
1459 0
1460 0
1461 0
1462 0
1463 0
1464 0
1465 0
1466 0
1467 0
1468 0
1469 0
1470 0
1471 0
1472 0
1473 4
1474 0
1475 0
1476 4
1477 0
1478 0
1479 0
1480 3
1481 6
1482 6
1483 6
1484 6
1485 5
1486 5
1487 5
1488 4
1489 4
1490 4
1491 4
1492 4
1493 2
1494 2
1495 2
1496 2
1497 5
1498 2
1499 2
1500 2
1501 2
1502 2
1503 2
1504 2
1505 4
1506 3
1507 3
1508 3
1509 3
1510 3
1511 3
1512 3
1513 3
1514 3
1515 3
1516 3
1517 3
1518 3
1519 3
1520 3
1521 3
1522 3
1523 3
1524 3
1525 4
1526 3
1527 3
1528 3
1529 3
1530 3
1531 2
1532 2
1533 4
1534 2
1535 4
1536 4
1537 4
1538 1
1539 1
1540 0
1541 0
1542 0
1543 0
1544 0
1545 0
1546 4
1547 5
1548 5
1549 5
1550 5
1551 5
1552 5
1553 5
1554 5
1555 5
1556 3
1557 3
1558 3
1559 4
1560 4
1561 3
1562 3
1563 4
1564 2
1565 2
1566 2
1567 3
1568 3
1569 3
1570 3
1571 4
1572 3
1573 3
1574 0
1575 0
1576 0
1577 0
1578 0
1579 0
1580 0
1581 0
1582 4
1583 0
1584 0
1585 2
1586 1
1587 4
1588 4
1589 0
1590 4
1591 0
1592 2
1593 2
1594 2
1595 0
1596 0
1597 0
1598 6
1599 4
1600 2
1601 2
1602 2
1603 2
1604 2
1605 2
1606 2
1607 2
1608 2
1609 4
1610 2
1611 2
1612 0
1613 0
1614 2
1615 2
1616 2
1617 2
1618 0
1619 2
1620 2
1621 5
1622 2
1623 2
1624 0
1625 4
1626 3
1627 2
1628 2
1629 2
1630 2
1631 4
1632 4
1633 4
1634 4
1635 4
1636 4
1637 4
1638 2
1639 5
1640 2
1641 2
1642 2
1643 2
1644 1
1645 2
1646 2
1647 2
1648 2
1649 6
1650 6
1651 2
1652 2
1653 4
1654 4
1655 6
1656 0
1657 6
1658 3
1659 3
1660 6
1661 2
1662 5
1663 5
1664 6
1665 6
1666 6
1667 6
1668 6
1669 6
1670 6
1671 6
1672 6
1673 6
1674 6
1675 4
1676 2
1677 6
1678 6
1679 4
1680 4
1681 4
1682 5
1683 5
1684 0
1685 0
1686 0
1687 3
1688 2
1689 2
1690 2
1691 2
1692 2
1693 2
1694 2
1695 0
1696 0
1697 0
1698 2
1699 3
1700 2
1701 4
1702 4
1703 2
1704 2
1705 2
1706 2
1707 2
1708 4
1709 2
1710 2
1711 2
1712 2
1713 2
1714 2
1715 0
1716 0
1717 0
1718 0
1719 0
1720 0
1721 0
1722 0
1723 0
1724 0
1725 0
1726 2
1727 2
1728 0
1729 4
1730 0
1731 2
1732 2
1733 2
1734 2
1735 2
1736 5
1737 2
1738 4
1739 4
1740 4
1741 2
1742 0
1743 0
1744 3
1745 4
1746 4
1747 2
1748 2
1749 2
1750 2
1751 2
1752 2
1753 2
1754 5
1755 5
1756 2
1757 2
1758 2
1759 2
1760 2
1761 2
1762 2
1763 2
1764 2
1765 2
1766 2
1767 2
1768 2
1769 5
1770 5
1771 2
1772 2
1773 2
1774 3
1775 3
1776 0
1777 0
1778 0
1779 0
1780 5
1781 2
1782 2
1783 2
1784 6
1785 6
1786 4
1787 0
1788 0
1789 0
1790 2
1791 0
1792 0
1793 4
1794 4
1795 0
1796 0
1797 0
1798 0
1799 0
1800 0
1801 0
1802 3
1803 4
1804 4
1805 0
1806 5
1807 5
1808 5
1809 5
1810 5
1811 5
1812 5
1813 5
1814 5
1815 0
1816 0
1817 0
1818 0
1819 0
1820 0
1821 2
1822 2
1823 3
1824 1
1825 1
1826 1
1827 1
1828 1
1829 1
1830 1
1831 1
1832 1
1833 2
1834 2
1835 0
1836 0
1837 0
1838 0
1839 0
1840 0
1841 0
1842 0
1843 0
1844 0
1845 2
1846 6
1847 2
1848 4
1849 0
1850 2
1851 2
1852 3
1853 3
1854 4
1855 5
1856 5
1857 5
1858 2
1859 2
1860 2
1861 4
1862 4
1863 5
1864 2
1865 2
1866 2
1867 2
1868 2
1869 1
1870 1
1871 0
1872 0
1873 5
1874 2
1875 2
1876 5
1877 0
1878 0
1879 4
1880 2
1881 4
1882 4
1883 2
1884 2
1885 6
1886 2
1887 5
1888 5
1889 1
1890 4
1891 4
1892 1
1893 4
1894 4
1895 4
1896 4
1897 2
1898 2
1899 2
1900 3
1901 3
1902 6
1903 0
1904 2
1905 6
1906 6
1907 5
1908 5
1909 5
1910 5
1911 2
1912 2
1913 0
1914 0
1915 0
1916 2
1917 2
1918 2
1919 5
1920 5
1921 2
1922 3
1923 3
1924 0
1925 0
1926 0
1927 0
1928 2
1929 2
1930 2
1931 2
1932 2
1933 2
1934 2
1935 0
1936 4
1937 5
1938 5
1939 5
1940 5
1941 5
1942 5
1943 5
1944 5
1945 5
1946 5
1947 5
1948 5
1949 5
1950 5
1951 5
1952 5
1953 5
1954 5
1955 5
1956 4
1957 3
1958 3
1959 5
1960 3
1961 3
1962 6
1963 5
1964 5
1965 4
1966 1
1967 1
1968 1
1969 2
1970 3
1971 5
1972 5
1973 5
1974 2
1975 2
1976 5
1977 5
1978 5
1979 4
1980 5
1981 2
1982 2
1983 5
1984 5
1985 1
1986 1
1987 1
1988 5
1989 2
1990 5
1991 5
1992 5
1993 5
1994 2
1995 3
1996 0
1997 1
1998 1
1999 2
2000 2
2001 1
2002 3
2003 1
2004 3
2005 4
2006 0
2007 0
2008 0
2009 0
2010 0
2011 0
2012 0
2013 0
2014 4
2015 5
2016 5
2017 1
2018 1
2019 4
2020 2
2021 4
2022 4
2023 4
2024 4
2025 2
2026 2
2027 5
2028 5
2029 6
2030 2
2031 4
2032 0
2033 0
2034 0
2035 0
2036 3
2037 3
2038 2
2039 2
2040 2
2041 2
2042 3
2043 6
2044 5
2045 5
2046 2
2047 0
2048 2
2049 2
2050 2
2051 6
2052 1
2053 1
2054 1
2055 0
2056 0
2057 0
2058 0
2059 0
2060 3
2061 3
2062 2
2063 2
2064 0
2065 0
2066 2
2067 0
2068 0
2069 0
2070 2
2071 3
2072 3
2073 3
2074 2
2075 2
2076 2
2077 6
2078 6
2079 1
2080 1
2081 2
2082 2
2083 4
2084 4
2085 0
2086 0
2087 0
2088 0
2089 2
2090 5
2091 2
2092 2
2093 2
2094 0
2095 0
2096 0
2097 2
2098 2
2099 3
2100 3
2101 5
2102 5
2103 5
2104 5
2105 5
2106 2
2107 2
2108 4
2109 5
2110 4
2111 2
2112 2
2113 5
2114 2
2115 4
2116 6
2117 2
2118 0
2119 3
2120 3
2121 0
2122 2
2123 4
2124 4
2125 0
2126 0
2127 0
2128 4
2129 2
2130 2
2131 2
2132 2
2133 2
2134 4
2135 2
2136 5
2137 5
2138 5
2139 3
2140 6
2141 6
2142 6
2143 3
2144 3
2145 5
2146 5
2147 5
2148 2
2149 2
2150 3
2151 3
2152 4
2153 5
2154 2
2155 2
2156 5
2157 5
2158 3
2159 3
2160 0
2161 0
2162 0
2163 2
2164 2
2165 0
2166 2
2167 5
2168 5
2169 0
2170 0
2171 0
2172 0
2173 0
2174 5
2175 3
2176 0
2177 0
2178 3
2179 3
2180 2
2181 2
2182 2
2183 2
2184 2
2185 2
2186 4
2187 5
2188 3
2189 3
2190 2
2191 2
2192 6
2193 2
2194 4
2195 5
2196 2
2197 2
2198 2
2199 2
2200 2
2201 2
2202 2
2203 0
2204 0
2205 0
2206 0
2207 3
2208 3
2209 3
2210 0
2211 0
2212 0
2213 0
2214 2
2215 2
2216 2
2217 4
2218 4
2219 3
2220 3
2221 2
2222 2
2223 2
2224 2
2225 4
2226 2
2227 2
2228 4
2229 4
2230 6
2231 5
2232 5
2233 5
2234 5
2235 0
2236 0
2237 0
2238 2
2239 2
2240 3
2241 4
2242 1
2243 1
2244 4
2245 0
2246 0
2247 2
2248 2
2249 4
2250 2
2251 2
2252 5
2253 5
2254 2
2255 3
2256 0
2257 5
2258 2
2259 5
2260 5
2261 5
2262 1
2263 1
2264 1
2265 6
2266 2
2267 2
2268 5
2269 5
2270 4
2271 4
2272 2
2273 4
2274 5
2275 0
2276 0
2277 0
2278 0
2279 0
2280 0
2281 0
2282 0
2283 2
2284 2
2285 2
2286 2
2287 2
2288 4
2289 1
2290 1
2291 0
2292 2
2293 2
2294 2
2295 2
2296 2
2297 2
2298 2
2299 1
2300 1
2301 2
2302 2
2303 2
2304 2
2305 2
2306 2
2307 2
2308 2
2309 4
2310 3
2311 4
2312 6
2313 2
2314 3
2315 2
2316 4
2317 4
2318 5
2319 2
2320 2
2321 4
2322 3
2323 5
2324 5
2325 5
2326 2
2327 2
2328 2
2329 2
2330 0
2331 0
2332 2
2333 6
2334 5
2335 5
2336 3
2337 3
2338 0
2339 0
2340 0
2341 0
2342 0
2343 0
2344 2
2345 2
2346 2
2347 1
2348 1
2349 1
2350 2
2351 2
2352 2
2353 2
2354 2
2355 2
2356 6
2357 5
2358 3
2359 2
2360 2
2361 0
2362 0
2363 0
2364 2
2365 2
2366 2
2367 2
2368 2
2369 2
2370 2
2371 2
2372 5
2373 5
2374 5
2375 0
2376 0
2377 0
2378 2
2379 1
2380 4
2381 4
2382 6
2383 0
2384 0
2385 2
2386 3
2387 5
2388 2
2389 2
2390 5
2391 2
2392 2
2393 2
2394 2
2395 2
2396 2
2397 2
2398 1
2399 2
2400 2
2401 2
2402 2
2403 2
2404 1
2405 1
2406 1
2407 1
2408 4
2409 2
2410 2
2411 6
2412 5
2413 5
2414 3
2415 0
2416 2
2417 2
2418 2
2419 3
2420 2
2421 5
2422 5
2423 5
2424 5
2425 1
2426 2
2427 2
2428 2
2429 2
2430 2
2431 4
2432 2
2433 2
2434 2
2435 2
2436 5
2437 4
2438 5
2439 2
2440 5
2441 5
2442 0
2443 0
2444 0
2445 5
2446 5
2447 5
2448 5
2449 3
2450 0
2451 1
2452 5
2453 5
2454 6
2455 2
2456 2
2457 3
2458 1
2459 0
2460 0
2461 4
2462 2
2463 2
2464 2
2465 2
2466 2
2467 2
2468 5
2469 0
2470 3
2471 3
2472 3
2473 2
2474 2
2475 2
2476 2
2477 2
2478 0
2479 2
2480 0
2481 0
2482 4
2483 2
2484 0
2485 2
2486 2
2487 2
2488 2
2489 2
2490 0
2491 0
2492 1
2493 4
2494 4
2495 5
2496 2
2497 5
2498 5
2499 5
2500 5
2501 5
2502 5
2503 5
2504 0
2505 1
2506 3
2507 3
2508 0
2509 0
2510 0
2511 2
2512 0
2513 2
2514 2
2515 0
2516 0
2517 0
2518 2
2519 2
2520 0
2521 0
2522 0
2523 1
2524 2
2525 4
2526 4
2527 5
2528 5
2529 5
2530 5
2531 5
2532 2
2533 5
2534 5
2535 5
2536 5
2537 5
2538 5
2539 5
2540 4
2541 2
2542 5
2543 5
2544 5
2545 5
2546 5
2547 5
2548 5
2549 5
2550 5
2551 5
2552 5
2553 5
2554 5
2555 5
2556 5
2557 5
2558 5
2559 5
2560 2
2561 2
2562 2
2563 2
2564 1
2565 2
2566 2
2567 2
2568 2
2569 2
2570 0
2571 0
2572 0
2573 0
2574 0
2575 0
2576 2
2577 2
2578 2
2579 2
2580 0
2581 0
2582 0
2583 2
2584 2
2585 2
2586 2
2587 0
2588 0
2589 0
2590 0
2591 0
2592 0
2593 0
2594 0
2595 0
2596 0
2597 0
2598 0
2599 0
2600 0
2601 0
2602 0
2603 0
2604 0
2605 0
2606 2
2607 2
2608 2
2609 0
2610 0
2611 0
2612 0
2613 0
2614 0
2615 0
2616 0
2617 2
2618 2
2619 0
2620 0
2621 0
2622 0
2623 0
2624 0
2625 0
2626 0
2627 0
2628 0
2629 0
2630 0
2631 0
2632 5
2633 5
2634 5
2635 2
2636 2
2637 2
2638 2
2639 2
2640 2
2641 2
2642 5
2643 1
2644 1
2645 5
2646 5
2647 5
2648 5
2649 3
2650 2
2651 2
2652 2
2653 2
2654 2
2655 2
2656 0
2657 0
2658 0
2659 2
2660 2
2661 2
2662 2
2663 2
2664 1
2665 2
2666 2
2667 2
2668 2
2669 0
2670 0
2671 2
2672 2
2673 2
2674 2
2675 2
2676 2
2677 2
2678 2
2679 2
2680 2
2681 2
2682 4
2683 4
2684 4
2685 4
2686 4
2687 2
2688 2
2689 2
2690 2
2691 2
2692 2
2693 2
2694 2
2695 2
2696 1
2697 1
2698 2
2699 2
2700 2
2701 2
2702 2
2703 2
2704 2
2705 2
2706 2
2707 2