0 1 2 3 4 5 6 7 8 9 10 11 12 13 14 15 16 17 18 19 20 21 22 23 24 25 26 27 28 29 30 31 32 33 34 35 36 37 38 39 40 41 42 43 44 45 46 47 48 49 50 51 52 53 54 55 56 57 58 59 60 61 62 63 64 65 66 67 68 69 70 71 72 73 74 75 76 77 78 79 80 81 82 83 84 85 86 87 88 89 90 91 92 93 94 95 96 97 98 99 100 101 102 103 104 105 106 107 108 109 110 111 112 113 114 115 116 117 118 119 120 121 122 123 124 125 126 127 128 129 130 131 132 133 134 135 136 137 138 139 140 141 142 143 144 145 146 147 148 149 150 151 152 153 154 155 156 157 158 159 160 161 162 163 164 165 166
167 168 169 51
170 171 172 173 174 175 176 177 178 179 180 181 182 183 184 185 186 187 188 189 190 191 192 193 194 195 196 197 198 199 200 201 202 203 204 205 206 207 208 209 210 211 212
213 214 215 216 217 218 219 220 194 195 221 222 197 198 199 204 223 224
185 178 225 199 211
186 226 227 199
228 229 230
231 232 233 234
200 235
236 237
238 239 240 241 242
241 239 243 242
164 244 245 246 8 247 248 52 249 250 251 216 252 253 81 254 255 256 257 258 96 259 260 261 262 263 264 212
265 266 267 268 269 270 271 272
272 273 267 274 275 276 277 278 279 280 281 282 283 284 270 285 286 287 288 289 290 291 292 220 293 294 295 271 296 297 298 299 300 301 302 303 304 305 306 307 209 308
309 310 311 312 66 313 314 315 316
317 318 319 315
320 312 318 319 315 317
321 322 315 323
324 325 326 327 328 329
1 325 330
325 329
331 325 330 332
333 334 335 336
337 338 339 173 340
341 339 342 343 344 345
346 347 348 349 350 351 352 353 232 354 355 356 357 358 76 359 360 361 362 363 364 365 366 367 368 369 370 371 372 373 374 375 376
377 378 379 380 381 382 383 384 385 386 268 387 388 389 390 391 392 393 394 395 396 397 398 399 400 401 402 284 403 404 405 406 407 408 409 410 411 250 412 413 414 415 416 417 418 419 420 421 422 294 423 424 298 425 367 426 427 428 429 430 431 432 433 434 435 436 437 438 439 440 441 442 443 444 445
446 447 448 449 450 451 452 453 454 455 456 226 457 458 459 460 461
60 6 35 39 462 40 44 463 464 465 101 123 466 151 153 160
464 465
467 468 469 470 471 472
473 474
475 476
477 478 214
479 480 481
482 483
484 485 311 479 481
486 487 488 489 479
490 491 492 17 66
66 493 311 494 495 496 475 497 498
499 493 322 489 251 313 500 501 502 503 504
505 506 507 508 509 510 511 512 513 514
515 506 516 517 518 519
520 521 522 523 524 525 526 527
528 529 530 531 532 507 533 534 535 454 536 537 538 539 540 541 356 542 543 359 513 544 545 546 547 368 548 549 371 372 550
551 552 553 554 555 556 557 558 559 560 61 561 562 563 564 565 566 345 567
568 569 570 571 572 556 573 574 559 561 575 576 577 578
579 580 581 582 583 584 585 586 587 588 589 590 591 592 593 594 595 596
597 598
599 600 601 580 602 581 582 583 603 584 402 604 587 605 579 590 606 607 608 609 591 610 611 612 593 594 595 613 596
614 615 616 617 618
619 382 615 601 620 621 280 622 623 290 624 614 617 618 625 626 303 627
617 620 624 614 618 627
628 629 630 631 632
314 633 634 635
636 637 638 639 640 641 498
483 642 491 643 498
500 644 645 479 484 481
481 642 491 646 647
648 649 491 646 650 479 651 652 653
654 655 656 510 657 658
659 660 661 662 663 656 510 664 665 666 667 668 669 658 670 671
668 660 656 667 659 669 658 670 671
672 529 673 674 370 675
676 677 533 678 679 680 681 682 683 684 685 544 686 687 688 689
690 691 692 693 694 695 696 697 698 673 699 700 701 702 703 704 705 706
707 708 709 710 711 560 712
713 711 495 496 560 673
714 715 4 5 716 717 718 275 719 720 721 722 723 395 724 725 726 727 398 400 728 729 730 731 408 732 733 734 411 735 736 418 737 738 739 740 741 742 743 744 745 746 747 748 749 299 425 750 751 752 753 754 755 756 159 435 438 757 758 440 443 759
760 761 762 763 764 765 766 767 17 768 517 769 673 770 457 771 738 772 79 773 774 701 518 104 775 776 777 778 369 779 780 781 782
783 763 516 768 771 784 785 779
512 708 709 786 787 505 788 789 779 790
791 709 370
792 786 673 512 773 793
773 712
794 795 710 512 700 796 712
797 798 554 799 800 801 361 362 802 564 803 804 759
315 322 66 313 501
805 806
807 808 809 810
811 812 813 246 814 815 816 817
818 819 708 820 275 821 508 572 822 268 823 824 470 825 269 826 827 828 829 287 664 830 831 467 256 832 774 474 833 834 631 835 811 816 836 430 837 838 839
840 841 842 843 269 844 845 467 846 847 745 834 816 848 849 850 851
852 853
854 378 326 800 389 855 395 856 397 184 346 185 54 857 858 831 415 189 220 192 859 230 260 203 860 205 861 261 223 427 862 434 212
863 864
865 866 867 868 869 870 200 871 371 872
565 356 873 874 547
875 876 877 878 879 880 881 882 864 883 884 885 886 790 887
459 447
888 889
890 569 571 558 573 510 560
641 455 891 892 893 460
892 455 894 895 896 891 897 893
893 455 897 892
806 455 892 893
658 898 899 656 900 654 659 901 669 902 670 903
904 905 734 906 907 908
626 382 620 621 616 280 622 402 909 624 614 619 618 910 911 627
912 600 913 914
300 283 828 291 272
915 916 917 634 635 652
303 276 272
918 347 919 920 921
922 347 531 571 492 476 780 675 781
345 923 924 925 562 926
927 824 928 929 930 931
260 932 933 856 934 189 935 203 261 223
935 255
203 183
936 937 177 800 186 249 938 219 939
940 175 941 856 942 225 943
860 944 716 945 404 946 740 714 947
205 945 948 194 202 949 212
950 951 952 953 831 954 955 196 198 210 956 957
861 945
261 244 171 958 175 932 937 933 176 951 959 177 960 246 961 962 247 389 963 179 855 964 965 966 967 968 856 184 52 185 969 249 934 226 970 250 971 189 972 225 938 973 974 975 219 191 220 193 195 196 976 255 256 977 744 198 947 200 201 202 259 260 203 936 860 861 223 262 206 978 979 980 862 981 943 209 211
223 958 174 7 982 183 397 983 184 226 215 415 190 740 220 984 227 198 947 203 860 205 262 978 427 985 986 987 376
262 182 978
988 800 389 965 989 939 212
206 249 936 978
978 194 227 936
990 991 992 993 994
995 452 691 996 705
997 998 454 999 1000
776 765 555 1001 1002 1003 769 1004 457 771 760 363 104 780
1005 692 1006 457 1007 1008
1009 1010 457
1011 1012 1013
985 964 353 1014
1015 1016 968 216 1014 201 985 1017 1018
1019 1020
686 1021 1022 1023 548
1024 1025 1026 1027 870 685 1028 1029 1030 1031
688 1012 452 1032 996 776 1033 705
519 370
1034 1035 1036
1037 516 577
1038 1039 1040 1036 474 367 426 1041 1034
1042 661 1043
1044 1045 1046 1047 1048 1049 1050 833 1051 1052
1053 1054 842 913 1048 833 1051 1055 1056
1057 1058 1059 1060 1061 1062 1063
1062 1064 1058 1065 1066 1067 1068 1069 1061 1070
1071 1072 469 1073 470 826 467 835 1061 818 1074
371 1075 871
372 1076 682 1077 1078 689 375
1033 1079 1080 1081 1082 1083
1084 529 1085 531 1086 536 356 674 1078
1087 1088
689 1081
514 508 572 664 1089 1090
1091 1092
1093 1094 1095 955 597 1096
1097 1098 431 432 1099
431 1099
1100 1099
432 431 1101 1099
943 958 1102 214 961 963 180 197
1103 1104 1105
1106 1107 1108 1109 1110 1111 1112
1111 1113 1114 1108 1109 1110 1115 1106
889 1116 1117
1118 1119 708 573 511 787 576 701
1120 1121 533 1122 1123 1124 1125 1126 1127 1128 1129 1130 1131 79 361 803 544 545 546 1132 1133 1134 995 370 686 1135
1136 1137 402 599 1138 910
1139 334 1140 1141 1142
1143 1144 334 333 1145 1146 1147 1142 1139
1148 555 1149 61 1150 578
1151 61 1150
1152 1153 1154
1155 761 1153
781 761 1153
872 1156 761 1153 808 810 1157 1158 1159 977 200 1160 1161 1029 1162 1163
336 335
782 762 1075
706 762
163 3 1164 1165 1166 146 1167 956
1168 1169 1170 1171 1172 67 72 1165 956
1173 1174 1175 1165 1166 144 147 956
956 1164 1176 63 1165 1166
1177 798 1178
1179 1180
1181 1180 875 1179
1182 1183 1184
1185 1186 1187
1188 1189 1190
1031 524 1191 539 540 954
1192 879 1193 1019
1194 765 351 1195 1196 1197 771 1198 772 760 518 1199 775 366 776 777 778 369 1200 373
1201 521
1202 1194 878 1203 1204 881 1205 1206 864 1207 1208 875 1209 1210 885 1181
1211 521 1212 449 799 1213 1214 1215 1216 1217 985
521 675
1212 1214 483
1218 1219 350 1220 1221 1222 872
1223 1224 1225 1226 694 1227 1228 1229 1230 700 1231 1232
244 799 451 354 1126 1233 784 361 1234 685 1235 1133 1236 781 986
1237 1211 244 1238 1239 1240 542 1241 200 793 872 376
944 1242 419
821 1243
1244 1245 1246 1247 1248
1249 1250
1251 1252 1253 681 1000 1254 684 544 920 921
1255 352
1250 1249 1256 362 1257 1258
1125 577 567 903
1259 1260
1261 1262 1263
1264 1225 1265
1266 1267 863 887
880 1268 1269 1270 557 1271 1264 924 1272 882 1273 1274 1275 562 1276 563 873 565 874 567 1277
1278 1279
1280 1281 1225 1265 1282 1283 1264 1284 1285
1203 1286 1267 1210
1204 1260 1261 1262 864 925 1287
1262 1267 1288
881 878 880 875 1083 345 1209 886
924 1264
1289 1290 1225 1265 1264
1288 1267 1263
630 1291 629 1292 1293 1294 1295 631 1296 839
1297 30 1298 1299 1300 640 344
1301 1298 755
1302 1303 342 1281 1282 1261 1280 1204 881 1304 355 1298 1305 1306 925 875 345 1019 1209 1210
1149 1307 1298 292
286 1119 1089 295
52 1308 1309 1310 1311 29 1312 55 72 84 1313 1314 112 1315 1316 1317 1318 1319 1030 956
1060 1058 1066 1067 1320 1070 1057 1062 1063
1320 1058 1321 1069 818 1070 1057 1062
1322 1323
289 621 290
969 971 209
1324 1102 945 209
1325 1326 1327
1327 1326 1328
1329 1326 1328 1327 942 1330 1331 1332
1333 406 1328
1334 216
1335 1336 1337 1338
1336 1339 1340 1338 1341
1337 15
1342 1339 15 1340 1337 68 1343 1341
946 933 15 346 934
1344 795 1345 1154
857 273 858 293 297 994
858 855
1346 226
1347 1348 938
1349 1350
1351 14 1352 42 45 50 57 94 101 1353 1354 1355
1356 1357
1358 1357 1359
1360 1361 1362 1363 1364 1365 1366
1363 1361 1362 1367 1364 1365 1366
1368 1361 1362 1367 1363 1364 1365 1366
1364 1361
1369 1370 452 678 1371
1372 1370 1373 1374 1375 1376 1377
1378 1370 1095
1095 1370 1376
1379 1035 1380
1381 1382 1383
1206 1194 1202 342 923 1079 1026 1203 1302 1384 1385 1386 1273 1387 1388 1083 886 1389 1179 1181
1390 1387
59 1391
637 1392 1393 650 456 1394 1395 638
1394 1396 1393
1397 1398 736 666 1043
1399 662 1398 668 1400 1401 1402
1403 1054 1404 1398 1405 1406 736 666 659 668 1400 671
1407 1408 1299 1300 640 1409 1410
1298 827
735 1411
1299 1412
1413 1414 1415 282 1300 1416
1300 1413
1417 1418 1412 1149 1300
1419 1420 1414 1411 1421 1422 1418 1301 85
1423 1424 1425 1426 1427 1428 1429 1359 1430 1431 1432 1433 1434
1435 1436 1437 1359
1438 522 180 1439 971 1440 221 1441
971 1442 879 1440 221 1441
1443 468 657
1444 748
216 1016 245 964 353 942 254 222 1017 1018
1445 1016
1446 1016
1197 678 1374 760 1089 1199 1375
1447 1448 778
1449 1450
1451 448
1452 75
1453 1454
1455 1456 1457 1454
356 529 565 547
1239 1458 356 565
1459 1460 1461 1462
1463 560 1464
1465 1466
1467 1468 1469 845 1470 1465 222 227 1052 817 1471 1466 1472 1277
1473 877 1474 675
1475 1476 1469 1477
1478 1477 1479
1480 820 1477
1481 964 1482 1017 949
1483 983 1484 1482
252 1485 1486 1487 264
1488 923 1489 1490 1239 1491 1492
1493 381 386 169 282 1494 1495 1094 284 1496 413 417 1497 422 297 425 860 751 1498 612 1499 1500 1501 307 431 432 613 435 1502 1503 440 444
1504 1328 846 847 1505 851
1506 1507 1508 1509
1510 1506 323 1509 1511
318 1509 321
1240 1512 1513 1514 1515 1516 1517 1518 1519 1520 1521 1522 1523 1524 1525 636 639 640 641 1526 1527 1528 1509
225 171 229
1529 171 819 765
938 171 937 176 177 974 1530 943
1531 1532 1122 1533 1534 358 996 1535 995
1534 358
1305 348 1536 1537 1261 1262 1288 1205 1306 883 343 1287
1306 348 1537 1259 1261 1262 1288 1305 343 1287
1538 867 1081
1077 1539 1076
1540 1541 1542 1543 1544 1545
1543 449 451 1541 1544 1545 460
253 1546
1547 1548 1549 8 1550 1551 64 1552 1553 1554 130 1555
1552 1548 1549 1550 1555
1556 310 1557 313 501 502 316 1558 805
1129 533 1525 544 545 546 686
1130 1218 1559 1560 1219 349 1561 574 286 946 473 1562 1221 690 1563 1535 1564 688 519 1565
1562 1218 1219 1221
1221 1218 1219
416 1566 424
1567 1568
1569 1568
1570 799 451 1568
1571 1568
1572 1573 1032 984
1574 1575 1576
1575 1577 1578 1579 1580 1581
1582 1583 1584 1505 1388 301
190 448 831 1451
418 413 419
419 719 1344 1585 1586 418 429 986
543 359
1131 1587 1303 557 1253 1125 1588 1126 1589 1130 1590 576 870 567 1466 1591
974 175 176 208
1592 1593 1381 1594
1595 1596 243 1597
1598 214
1599 820 267 1583 764 1600 1601 1602 663 285 1603 1604 288 1328 1605 1606 1504 1607 1608 1582 846 1609 1505 1610 752 1611 1612 903 758 1613
1614 1615 1616 288 1617 1618 519
737 730 731 732 738 739 759
738 1619 1620
1382 275 279 269 1621 1622 1608 306 272
1623 1624 1373 1625 1626 505 1627
1628 219 1629
1630 547
883 348 1631 1632 926
421 388
739 1233 738 743 759
1279 1263 1633
1634 1269 1536 1263
359 1635
1636 677 555
1637 569 566
1638 492
1590 803 1118
83 384 1639 406 414
1640 406
1641 570 1642 1643 1644 779
1643 764 613
1158 1645 946 1157 1159 1646
1647 570 232 1643
1208 1286 1205 1207
925 1536 1204
1648 812 1649 183 1650 814 1651 1652 1492 224
1609 812 1653 1239 1582 1650 814 1651 1652 1492
740 1529 814 201
1650 814
1654 1119 819 1625 350 696 473 1131
891 892 893
219 941 966 1655
191 225 940
1656 449 16
1657 389 967 980
814 812 229 1651 1492
319 1658 321
1659 322
220 1102
192 932 933 53 934 1660 97 1661 1315
84 1309 1311 192 1660 1315 1319
1662 1663
193 959 962 968 969 975 191 197 861 206 979 980 957
1664 744
1665 173 722 1666
194 1102
1667 977
1668 693 740 1236 206
984 1573 1032 1669
195 211
196 831 190
1670 948 185 218 210 1105
1671 969 861
1672 1673 970 197 434
1674 1675 1104 1676 1677 1103 987
1678 184 218
1274 1679
1275 1268 562
1680 880 1272 1681
87 111 1682 1683
1684 1468 1054 1685 736 1460 745 1471 1464 1277
1460 1686 1687
1688 1689 1690 1691 1692 1408 1693 714 1694
1693 1676
1695 1676 1049 296 1053
1696 1697
1698 393 714 612 1138
361 730 731 732 1699 362
1491 1490
1700 570
1701 516 1702
1703 1704 61
1228 1226 1229 1232
1229 1232
1230 1223 1705 1225 1601 1706 1226 1707 1708 1709 1710 1711 1227 1712 1228 1229 1713 1231 1232 1714
1715 1541 1195 1095 1534 1544 1545 1716
1717 710 1718 518 1716
1719 1186 1066 291 1720 1721 1722 1723 1724 1187 1725 1185
741 1726 1727
1728 1729 1730
1713 1706 1731 1227 802
802 1227
1732 385 349 1733 1734 741 1735 95 1736 519 1737
1679 848 1277
1738 1381 1739 1243 1740 304 1741
832 467 837
847 1613
221 180
1742 1054 842 1743 1047 1048 1049 1050 1052
1744 916 635
1745 1746 1490 873
742 1747 1198 1748
1190 1189 1418 1749 1750 1751
1752 1753 1190 1749 1750 1751
1754 5 46 49 93 133 756
93 5 1755
94 5 462 40 129 133
1365 1362 1367
1756 1757 1758 1759 1760 1761 1762 1191 1763 1764 1765 1766 1767 1768
1764 1762 1767 1768
1765 1762 1764 1768
1617 266 1618
271 266
1748 552 697 1256
1646 1571 293
1350 342 1269 1349
95 9 1171 1172 1551 71 1547 1497 80 1736 106 1769 1770
1771 1772 743 1773
743 181
258 1774 1775 1508 1511
1776 1777 1778 478 1046 477 1779 1466
474 1039 4 384 1040 1780 414 1781 1782 1041 1783
1784 331 9 1785 105
744 1786 253 1664
296 1709 1710 1711 1695
745 1787 844 1709 1710 1711 1788 1789 1051 746 747 1055 1056 1790
1791 1442 971 1792
1563 1119 554 350 286 1130 1590 1089 1793 474 1794 344 1564
1150 554 1704 555 788 578
1795 1124 1001 1002 1003 1004 1607 1529
230 1529
700 693 697 1796
1797 478 186 1798 1799 1800 1801
1802 524 1586 528 918 549
1803 392 1804
1805 1787
833 1049
1799 478 1046 1442 1048 1792
96 1663 1806 1807 1808 1809 1810 1811 1812 259 1813 1814
198 1649
1815 1816 1817 1818 1819 1820 1433
1284 174 1708 874 1285 567 949
1821 1822
1507 310 1514 1521
502 501
316 310 1823
1558 1557 316
518 765 1464
1824 1373 1825 1826 1827 1828 1021 1829 1830 683 760 1831 775 365 1644 1376 1832
796 699 700 1199 1008
1199 763 695 760 776
1716 710 1718 518
1243 1833 1790 1501
1833 1790 1834
199 186
465 464
1835 1836 1837 1838 1839 215 665 1405 1840 1545 659 1841 1842 1400 1843 1401 1844 1402 1043
1505 1615 1616
1618 1615
1845 1846
1847 1846 946
526 1848 728 1001 1002 1003 1004 228 775 1612
1721 1720 1725 1849
1850 1561 350 695 1006 698 703 704
1851 841
1222 951 1852 1853
1388 1854
99 1 332 1855 1856 64 65 67 1857 114 134 1814
1858 390 1859 1860 423
343 1273
1861 1279
1862 1633 1279 1861 1083 887
297 273
1863 273 1864
1865 1866
1867 1868 1585 735
606 625 627
1231 1226 1229 1232
1257 677 1869 1870
1871 1872
101 21
1857 26 53 1873 97 99 114
1874 71 1875 1876
1877 1878 576
1879 1880 357 564 884 790
884 1881 1476 1882 357 787 788 1879 790
1629 958 829
1883 1884 1757 1760 1761 1765 1767
1885 1169 1170
1736 1 331 1886 1855 65 1497 1769 1770 1887
103 1888 151
1889 1458 547
816 1590
1890 1881
1891 1559 1560 1704 1533 679 680 1892 1159 1803 1535 1893 1894
1794 344
1895 1896 344
1893 1559 1533 473 1535
1897 1122 1898 996 1629 995
1216 897
1899 1900 1901 234
1902 1903
299 906 291
1904 906 299
1905 1169 1170
106 1169 259
1906 1169
1907 1174 1908 1909 1910
425 1911 1912 612 432
775 773 779
1913 1914
1914 1913
513 512 577
544 531 545 546
545 867
546 545
1055 1334 745 1789 1056 1915
1056 1334 1789 747
1916 1917 1379 1918
471 848
1919 1920
1921 1626 1630
1922 1923
1841 1840
1924 1925 1838 1840 1835 1841
1926 1840 1841
1285 1281 1280 1302 471
1161 810 1571 1158 1646
1927 809 1571 1161 1029
1029 808 1157 1160
1928 1378
1929 1930 1931
1932 1930 1933 1929
1931 1930
750 1934 1243 1935
578 569
365 767
1090 517 1075
1936 453 1375
110 1663 1937 1938 1939 1940 1809 1445 1662 1941 1942 1943 126 1944 135
111 1945 1621 1946 1553 1947 1948 126 1949 1950 1951 149
1952 12 26 126 127 1953 1954 1951 1955
1217 915
1096 1956
1132 1123
1957 1513 1220 460
1958 1220
201 1018
1314 1309 1311 1312 1959 112 1319 1030
1959 1309 1311 29 1312 55 112 1318 778 1319 151
112 1309 1310 1312 1319
1375 453 1960 1374 1961 1007
1962 192 1660 1315
1315 25 1483 192 1660 1313
1963 1164 1964 1176 1808 254 1810 1811 1812 259 1813 146
344 1965
1966 1967 1968
1082 1080 1083
1969 1033
1083 1079 1080 1082
1147 1322 1140 1323
1970 1971 1972
1973 1972
237 1699 1972
202 954
302 1974 1975
1976 20 1977 60 1754 1978 151
566 573
1979 552 1205 1386 1207 345
1951 1980
1773 1771
1981 730 731 732 1233 737 739 361 759
1982 1781 1782
1782 1781
1041 1781
1377 777
1814 330 1807 1175 254 1887
1983 1887
1984 327
1985 1986 542 1987
848 1679 471 1277
1988 1989 1990 1991 1992 1993
751 1994
1134 1995
849 1996 1851
1997 1998
1955 1553
1999 1356 2000
1318 1312
778 789 2001 1980
1610 267
2002 2003 999 1900
2004 795 1105
1564 698 1154 1084 1087
549 535 539 540 1344 1087
1508 1521 1507 503 323 1511
2005 1286 1207
207 172
263 525 1802 2004
2006 2007 1578 2008 1580
2009 2010 2011 1578 1579 2012 1575 2006 2013 1580 1581
1611 1583 1603 1582
567 1881 557 1276 874
370 1881 2014
148 31 1946 111 1949 149
149 2015 1980
2016 1946 1949 1950 149
779 782
2017 2018 782
2019 2020 2021 2022 2023 2024
687 2025 1894
1471 1020 2025 2026
150 2027 2028
2029 2028
1790 1833
1834 1833
1501 2030 1292 1293 834 1833
1726 741 1727
1727 741
305 274
1209 1746 1708 1280 864 2031 1284 1285
2032 2033 2034 2035
2036 1513 1958
2037 234
2038 600 913 914 610
2039 2040 1332 1136
151 70 152
152 70
430 824
2041 1704 570
1530 485 647
2042 485 951 1853 647 1530
2043 740 230
2044 30 2045 1487
2046 716
2047 1436 1437
2048 846 851
632 2049
755 2050
2051 958
2052 2053
550 1539 372 375 2054
1366 1363 1364
1466 478 845 1465 1776
2055 1925 2056 2057 2008 1842 1843 1401 2058 2013 2059
2060 2061 984
503 2061 644 487 488 489
2062 1933 1932
1923 1922
2063 1757 1761 1756 1765 1766 1767
1580 1578 1575
1576 1578 1574
527 521 523 520
2064 2065 1602 2066
2067 2068
2069 2068
2070 2068 2067 2069
2071 2072 1557 316 1558 805
2073 866 531 1129 685
2074 2075 2076 1109
224 959 1651
2077 1330
2078 1330
910 601 1137 909 911
2079 1373 2080 1827 1075 548 1376
1832 1373 1827 1376
2081 717 2082
2083 2021 2084
1792 2085 2086 1442 879 1047 1048 1799 1800 1801
886 1179
433 2087 399 1233 1623 1544 1545 231 2088 272
652 648 651
653 648 651
2089 1189
155 2090 154 1188
1750 1190 155 1751 1188
2091 1189 1190 1751
1751 1189 1190 155 1749 1188
1063 2092 2093
903 2094 2095 1125 1896 1728 2096 1472 1730
1472 2095
2097 1110 1106 1112
1112 1107 1110
2098 1335 1336 1337
949 174 1018
2099 158
2028 756
159 756
504 644 500
2100 493 644 500
2101 14 2102 19 2103 2104 30 1352 42 45 48 50 78 82 91 0 109 116 2105 138 2044 2099 160 166
498 643 1567 1569
2001 2054
1030 52 1314 1959 112 1318
1338 1343
435 381
2106 381 2030 2107 1834
1591 2108 677
160 2108 2109 63 79 98 2110 166
436 190 256 121
2111 256 2112
161 11 18 28 42 45 48 50 463 113 119 2105 2113 129 143 148 1770
2114 679 680
373 679 680
374 1019 2073 1120 872 376
2115 1269
162 2116 983 1484 1483
1454 2117 1453
264 1486
1972 23 88 89 90 157
1767 1765
1581 2010 2118 2012 1575
2119 1156 2120
1163 1162
242 243 1597 2121 241 2009
1389 2014 2122 1882 2123 2124 195 1879 884 150 519 211 790
2125 2085 2086
1768 1762 1764
438 451 857 294
2126 750
1730 1728 1729
323 1506
1509 1823 1514 1775 1506
211 962
758 1600
2127 710 1157 1716
2128 1633 887
2129 1348
439 2130 1321 2131 2132 2133
2134 1384
375 689
1565 2135 1418
1987 1986
2136 1946 130 133 1949 1950 1955
2137 326 27 1621 2138 1954 1955
1511 1823 1775
2139 1823
1287 343
1105 987
2140 957
2141 1104 1103 987
2142 957
2143 1573 984 2144
851 847
1613 847
939 2145
2146 1954 939
1135 1256 794 796
1354 2147 1352 48 94 1355
165 94 129
1355 1352 122
166 160
596 607 608 591
2148 609
715 2149 749 1737
2150 2072
2147 1174 1908
1039 1782
493 1156 2151
2152 1290
1290 1265 1675 254
1085 532
1587 532
1303 1587 1588 541 1084
2153 2027
1180 1179
876 1179
338 340
2154 338 340
2075 2155 2074
2 387 392 1639 83 1640
3 2156 19 22 31 47 2157 1948 111 2090
2120 649 633
649 633
2158 633 2159
1468 2160
2161 2160 2162
1420 2149 1416 2163
660 2149 2164
812 246
2085 2165 2086
553 558
1559 1560 1535
1291 2166 629
1663 1549 1938 47 2167 1662 1941 1942 1943 2168
1777 2169 2165 1685 2170
2169 1777 2165
2171 1777 2169 1046 2172 1471
1778 1777 1685 2170 2173
898 900
2174 1352 86
642 491 646
491 642 646
2175 2119
2176 2177
1286 1207
2178 1513
350 1561 695 1006 698 704
2179 1032
1195 1464
248 2004
2180 2181
2182 2183
1653 1490
1828 1829 683
1021 1829 1830 1023 1832
2184 2185
2186 572 1623 773
2187 1937 1938 2138 2157 1941 1943
51 2138 2157
2138 2157
845 227
1940 1662
1809 1940
2188 2189 1507 323 1511
952 953 989
953 989
2190 827
2191 827
733 718 2192
2193 2194 1339 1341
1340 68 1341
2195 277
1321 2131 2133
409 2196
2197 2198 2196
2199 2200
1917 2201 1379 1916
1496 1495 1307 2202 417 297 749 1499 1500
184 936 206 978
1059 1068 1057
1747 1894
1205 348 883
1604 615
2203 2204 16 2205 1439 2206
1428 1816 1435
2207 2208
2209 2208 2207
2210 2161
2160 2161 1501
2211 2161 2162 2212
2213 2161 2210
2162 2161 2211 1431 2212 1434
1312 449 1313 1316
2214 2215 2216
2217 2218
1853 951
53 97
480 2219 2220 645
645 2219 2220
2221 2222
288 1618
1691 1408 955
2223 955
1676 1332
2224 1332
1328 1332
54 102 106 132
2225 2024
734 1421 907 908
2226 1420 1422
906 1420 1422 907
907 905
2227 905 907
1128 1123 1127 1132
2228 2229
1786 2230
249 961 247 963
2231 11 2232 2233
2234 1013 2233 108 2099
1578 1579
2235 1577 1579
2236 1574
1579 2011 2012
2237 1574
55 1310 1313 1316
2238 623 2239 409 605 1136
868 371
869 868 871 371
2240 998
187 190
539 1027
2241 539 1027
540 539
2121 1575 2009
2242 1121 2243 495 496
1892 1121 1803 2114
2244 521 523 2217 520 527
900 468 1443
1818 655 1817 2245 2246 671 1730
1140 1322
2247 275
410 2248 1566
2249 675
2201 1421 2250 2226 2251
1109 2076
1946 9 2252
56 14 95 167 121 2253 2044 155
57 14
2254 1618
1006 703
2012 2010 2011 1579
2255 524 525 1254 314 160
2256 1469
340 338
2131 2133
1855 2257
1525 778
1692 2258 714
1699 1971
1551 8 2259 1806 2260 1547 2261
1605 2221 752
1606 1616 728 1505
698 1006 703 704
2262 2263 2264
2265 1104 1103 987
1622 2266 2267 1740
58 7 1806
2268 2269 34
2270 2271
215 1800
541 1086
830 2272
919 339
1304 1675 919 2273
463 2274 129
1585 719 419
1819 2275 902 2276 2277 2278 2279 2280 2281 2282
970 962
2283 2284 2285 2286
2286 2284 2285 2283
511 573 726 727 2287 2288 510
2289 2290 1152
1272 1681
1681 1272 882
2291 214
1294 1292 1293 834 815
411 2292
882 1273
355 1019
1047 1052
1196 1194
2293 2294
2295 2296 2297 2298
2297 2296 2298
1685 2170 1915
2299 2300 2079
250 2301
2302 2303 2304 2305
2304 2303 2306 2302 2307
665 1718 1716 817 1461 1462
2308 2198
2232 2233
2309 558
2310 1392 1393
2311 1631 1632 883
673 516
2312 162
1068 1065 1067
2313 1065 1067
251 2314
2031 1746 2020 2315 2316
1470 845
1739 801 304
2317 1739 304
2318 1174 38 1770
61 578
2319 1420 1422 2320 2321
1395 2179 456 638
2322 893
2323 332
2324 332 2274
1022 529 1021 1830 1023 1832
2325 1755 152
62 1755
2326 1566 723 410
2327 2076 2328 1109 1457
2329 1109
1145 1246
2330 2331
1233 770
770 2332 1620
2333 67
1856 2334 67 2335
1440 1441
413 412 422
2336 2337
682 535 867 1081
414 384
415 427
2338 2339 1798 667 1797 2125
1405 1838 1406 1842 2013
1406 2056
1589 1836
1796 2086 2172
2340 1915
2341 1843 2058 2013
217 215
2206 2342
2057 2343 2059
1798 2342 2086 1915 2173
2344 476 64 68
65 1855 1856
2345 2346 1383
787 788
1763 1758 1759
2347 1245 1246 1247 2348
2349 1245 1246 2347 1247 2348
1247 1245
189 960 935
2350 1035
2149 1035 2164
2164 1035
1788 282 746
2351 724 1731 2352 2353 2354 1713 2355
1227 1706 1731 2354 802
1669 2356
1830 1023
972 246
1990 1780 252 2357 1485 1770
67 1170
1607 1868 231
68 64
69 1852 524 322 314 164
2358 489 503
2359 104
1734 2360
2361 1541 1935
2362 1935
1608 1045 1418 928 929 1692 292 1845 2363 981
2364 278
604 402 609 2148
2365 822 2366 2367 2112 2368 2369 2370 2371
70 152
1869 1870
1220 1513 1958
1385 1584
71 12 2372 2373 69 82 0 96 114 120 1683 1951 2099 164
2374 1807 71 82 0 132 1876
2375 2376
2377 2376
2378 1762 1764
1295 561
2354 802
2379 2380 257
2381 2380 257 1965
1386 2014
1254 525
1912 1911
973 2382 249
643 1569
2383 2384
1273 1288 882
2258 1689 2294 75 2385
2386 1775
2387 21
638 456
2388 720 2389
1873 476 2390 26 131 939
291 2082
2391 2392
989 953
2393 582 603 584 2394 586 604 587 588 579 608 609 592 2395 593 594 595 2396 2148
587 583 603 585 595
2040 2397 2301 1692
73 2102 19
1146 1248
2398 1144 1146 1248
2399 2400
2401 2402 2403
2404 1968 2405 2406
2405 1967 1968 2404 1966 2406
2407 1967 1968 2404 2405 1966
605 1137 599
420 599
674 867
2408 17
846 851
1961 1007
2409 2267 823 269 928 929 835 749 306 931 430
1497 9 1736 1769 1993
975 962
2298 2296 2297
292 2410
1553 1948
2411 281
2157 2156 2138
1975 1974 302
74 10 2412 1810 1954
2413 10
2356 1017
75 2294 2385
1207 1286
2414 766
1991 326 1990
1241 793
2415 1582
1875 1412
76 1663 363
634 635
2416 2239 2196 409
624 620
2417 1772
77 11
78 11 34
1215 1213
2418 268
1804 387
2419 646 453
2420 169
2421 169
2422 169 2423 2114
2424 34 2268
79 476
2425 534 494 497
497 534
80 1171 1172
1069 1064 1070 1062
1380 1271
2426 409 2163 2427
81 162
235 2073
2428 2397 2039
2429 2364 1610
2430 2431 1191
788 787
82 71
1416 1415
2432 1783 2396
2433 1783
657 468
589 580
2132 2130 2434 1321 1735
2133 1321 839
360 1760
2435 1619
2436 36 2323
86 16 32 33 98 107 139 140 141 142 147
2437 2271
2163 2320
1918 2320
88 89 157
89 23 2438 157
90 23 2438 89 157
1544 1541 1543
2439 299
2440 2441
976 859
1048 1046
1545 1543
2263 2264
1934 2442 1695 747 1053
2443 2444
91 2445 92 465 2446
801 1619 1383
2447 35 2448
501 502
2170 1685
1110 1107
1117 1116 2449
2450 2339
2451 1088
2452 2453
563 2454
2455 602
422 413 418
2456 625 627
257 2380
2427 391 2163
92 2446
2457 642
295 1594 839
423 2063
197 179 1017
618 614
699 785
1735 2130 2132
2458 2349
1036 2164
901 2459
2096 1729 903
1331 1729
2460 1729 903
2461 1533
1677 1103
2462 2463 2464
803 362
1766 1191
2465 2466
2467 270 1627 1594
2468 13
2469 2177
2470 2471
2357 1731
2472 2036
2473 2474
2475 2476
897 896
1620 2332
97 53
1535 1559 1560
2477 1886
590 581
631 815 2478
640 2479 1733
1909 1174 1908
2290 536
947 945
1781 1982
1296 629 1501
2466 2465
1694 1691
2480 2481
1115 1108
98 76
2482 1537
2483 2214
2484 2469
1910 1908 1907
1457 1904
100 4 1307 2423 1988
1409 2214
2485 2486
2487 2488 2489
1061 2093
902 2490
748 2246 1062
1052 1050
2491 1049
2233 2232
871 2492
2493 2494
2495 2015
1947 2015
1948 2015
1554 2015 1485
2496 1471
2497 2498 2138
105 2259 2261
2252 2499 46 2500
107 2499 46 2500 2501 144 1353 2502 466 147
108 46 93 145
789 1900
109 2503 115 2105 156
1779 2504
2008 2007
364 2505
2506 692 460 785
460 461
785 692
1008 692
461 2507
1842 2008
2508 2509 2510
2511 282 2196
1400 1043
2512 1837 1400 1401 1402
2513 2514
1461 1462
1462 1461
920 921
1843 1401 1402
367 426 1730
670 671
2276 1819
2277 2515 2516
2515 2277
2278 2275
2279 2277 2515
2280 2279
2517 2279 2280
2281 1819 2276
2518 2519 2277 2035
2520 2521 2518 2035
2522 2033 2245 2035
2035 2034
426 367
2523 537 1985
2355 1731 1713
1527 636 1528
1528 636
1661 2524
2385 2294
114 2373 1175
2022 2023
2525 1707 2020 2526 2031 2316
115 109 2105 156
117 137
118 124 2370
120 1809 127 2527 136 2528 2253 148 2137
121 2529 2423
2090 31
1317 2259 2261
301 48 136
2530 2373 85 114
2105 2103
123 124
124 2531
1978 1977 1976
125 37
2501 21
607 591
608 591
609 603 588 593 594 596
591 608
2532 607 608
1942 1937 1938 2167 2533 1941 1943
2534 1937 47 1943
1682 2535 2536
2441 1941 131 2537 2538
2168 1942
127 2535 2536 74 1953 1954
2539 22
610 913 914
547 2540
2541 2540
921 920
1800 1801
368 2080 548
548 2080
1644 1827
1376 1827
128 1810 1811
1810 1811
1811 1810
2542 2535 2536 130
2543 2535 2536
1944 2390
1812 2498
129 2544
2545 2546 1953 1950
1992 131
2547 136
2548 1485
131 1939 1485
1486 264
1487 264
2527 1945
2537 2538
2538 2537
1950 2546 2549
2550 2549 1950
2551 2546
134 2373 1993
2552 2553
2554 2555
2556 2167 2533
2557 2104 2558 2559
2560 2561
1876 1807
2528 2253 2044
2253 2044
138 30 1282
2562 2563
2348 1246 2347
2088 2087
2564 2406
2565 2566
2567 2568
2569 2570
2571 2572 2573 2574 2575
2574 2572 2575
2575 2573
2576 909 911
1783 911
2577 2578
427 397 415
979 980
2112 2368 2371
862 856
1498 2368
611 581
2403 2107
2579 747 612
1722 1849
1723 1720
2580 2581
2581 2580
2582 1186 1719 1721 1722 1723
1187 1721 1725 1849
1725 725
139 142
140 142
141 32
143 78
1627 1602 2066
752 2066 2583 2584
2585 2586
2587 2588 2589 1423
2590 2282
2591 1424 1425 1431 1432 2592 1434
2593 2594 2595
1820 2591
2596 2597 1425 2598 1427 2599 2593 2600 2601 2602 2603 1434 2604 2605
2606 2607 2608
2608 2607
1429 2609
1359 2610
2446 2445
1430 1425 2611 2612 1427 2613 2599 2162 1423 2596 2600 2601 1431 2614 2615 2212 1434
2600 1427 2613 2162 1423 1430 1431
2601 1430
2616 2246 2363
2360 2617
2618 2360
1431 1425
2619 2620
2621 2620
2622 2611 2615
2592 2589 1432
2614 2589 2623 2595 2624
2624 2623 2595
2615 2598 2612 2613 2601 2212
2625 1426 2620
2620 2626
2602 2598 2604 2605
2282 1817
2627 1817 2282
2628 2620
2490 2212
2603 2598 2624
2212 2162
1434 1071
2629 1071
2604 2605
2605 2604
2630 2631
144 2499 2500 2502
2632 2633 35 1964 2502
2502 2633 466
2634 2500
147 2501
2635 2636 2637
2637 2638 2636 2635 2639
2639 2638 2635
428 1661
2640 2641
1499 1495
429 1495 1496
1500 1495
2642 2257 1989
2335 2334
1401 2343 2057
2643 2644
704 695
753 2645 2646
2646 2645 753
2647 2648
2159 2649
2314 2158
2650 2651
1070 1058
2093 1061
2489 2652
930 728 2653 824 928 929
1612 2653
981 927
2583 2653 928 929 927 2584
2584 2653 824 927 2583
306 2654
2655 2654 306
931 2654
2656 2657
2658 2657 2656
1915 2173
2510 2173
2173 1915
2659 307
2478 815
836 631 2478
2660 1416
2661 2662
2663 2442
2320 2163
2023 2022 2024
2395 2394
593 588 579 592 594
1142 2664
2665 2666
2667 2668
2669 2057
1844 1838 1839 1406 2058 2013
2058 1843 2059
1402 2670 1838 1405 1843 2669
472 2202
2671 2049 1503
2672 1094
2673 2479
154 2674
2675 2676 2304
2677 2462 2464
2307 445
2678 1868 2196 2679
2464 2462
595 585
2680 2681
2682 2683 2684 2321 2685 838 2686
2321 2682 2685 2686
2685 2682 2686
838 2682
2687 2688
850 825
2689 2690 1098 2691
2692 1098 2691
613 1098 2691 2693
1101 1098 2691 2693 2692
2686 2683
2694 2695
156 116
2696 2697
2698 2365
2370 2365
2699 2700
2701 2702
2396 2703
2704 1493 1502 2705
2706 1493 2704 1502 2705
1502 1493 2705
2707 729
2705 2707
2054 1076