130 167 249 315 386 416 647 664 818 830 844 856 1036 1190 1273 1386 1458 1476 1478 1560 1601 1709 1714 1844 1886 1916 1976 1993 2005 2025 2089 2093 2221 2383 2419 2510 2580 2672 2707 2736 2827 2876 2949
222 283 588 710 780 839 1236 1518 1638 1878 1930
117 122 169 212 228 278 290 432 499 622 701 783 832 900 1078 1113 1126 1357 1368 1374 1439 1497 1509 1616 1642 1667 1773 1863 1876 2055 2142 2211 2271 2352 2426 2523 2613 2625 2636 2867 2894
17 26 28 32 118 145 162 195 233 237 252 259 269 296 329 348 383 385 397 421 439 449 477 495 511 565 627 628 646 727 752 795 800 802 836 868 929 937 988 1006 1009 1010 1143 1188 1191 1224 1252 1256 1285 1404 1510 1516 1599 1605 1646 1677 1684 1733 1859 1910 1925 1991 1997 2018 2037 2047 2106 2163 2188 2203 2239 2247 2277 2306 2325 2388 2424 2464 2518 2532 2538 2584 2596 2633 2795 2801 2818 2835 2869 2885 2917 2926 2974 2999
10 126 152 268 271 344 378 467 515 545 586 617 677 733 775 950 1203 1292 1327 1475 1491 1522 1755 1896 1979 2083 2155 2315 2498 2536 2565 2619 2686 2722 2738 2971 2995 2998
24 59 189 210 246 288 364 400 530 770 786 826 1023 1153 1165 1202 1271 1277 1296 1318 1333 1340 1548 1665 1720 1882 2049 2070 2086 2244 2442 2487 2489 2542 2632 2634 2749 2852 2857 2874 2932
153 199 200 239 328 707 730 748 1218 1228 1351 1437 1466 1660 1820 1823 1866 1974 2011 2094 2178 2432 2436 2677 2731 2755 2823 2882 2973
270 551 595 915 1196 1259 1451 1557 1586 1760 2122 2571 2744 2766 2789 2966
2 90 254 261 286 303 506 560 629 634 665 673 853 1022 1058 1114 1134 1173 1238 1392 1512 1713 1762 1919 1949 1950 1957 1981 2098 2123 2174 2251 2321 2323 2337 2482 2504 2519 2706 2952 2958
340 395 450 510 570 601 602 797 803 963 1056 1199 1227 1498 1862 1922 1941 2294 2483 2490 2529 2599 2741 2791 2825 2884 2900 2962 2982
227 248 360 379 413 443 541 549 694 833 834 840 987 1011 1019 1059 1072 1102 1612 1655 1656 1658 1731 1807 1822 1850 1931 1984 2114 2137 2164 2365 2460 2693 2834 2859 2898 2905 2947 2953 2964 2980
13 72 81 114 317 349 376 382 409 539 625 688 697 705 743 873 902 948 1095 1128 1171 1207 1241 1257 1269 1288 1289 1313 1332 1358 1391 1402 1403 1406 1415 1520 1590 1608 1730 1757 1852 1888 1938 1951 1954 1996 2023 2116 2129 2132 2228 2361 2417 2418 2435 2494 2537 2678 2690 2775 2836 2933
91 672 715 835 863 978 1046 1054 1068 1119 1151 1440 1583 1810 1826 1829 1881 1964 2073 2113 2198 2286 2389 2416 2440 2462 2643 2913 2954
64 264 684 698 938 1055 1211 1307 1370 1395 1566 1644 1764 1875 1883 1926 1928 1932 1972 1973 2119 2289 2342 2449 2543 2591 2627 2685 2822 2916
66 110 150 151 157 165 186 263 326 362 363 398 408 490 507 779 845 861 878 899 909 955 958 964 1053 1073 1074 1097 1100 1230 1249 1321 1354 1369 1448 1452 1508 1530 1534 1545 1568 1596 1694 1754 1770 1786 1796 1833 1900 1936 1939 1968 2074 2076 2121 2189 2217 2222 2254 2262 2399 2406 2481 2616 2657 2745 2761 2794 2915 2930 2985
21 257 412 456 667 956 1122 1194 1484 2205 2243 2333 2470
99 313 616 687 794 892 1234 1623 2017 2067 2151 2165 2193 2400 2833 2935
87 112 176 272 552 1814 1834 1901 1999 2301
3 18 33 34 57 68 79 109 115 134 243 245 346 365 418 462 474 505 534 655 738 744 758 761 769 773 782 820 850 930 945 974 1075 1116 1170 1193 1323 1334 1364 1454 1519 1625 1645 1653 1663 1700 1715 1778 1791 1818 1819 1835 1847 1895 1942 1982 1994 2030 2040 2054 2068 2084 2161 2224 2227 2283 2307 2316 2327 2334 2477 2524 2539 2573 2583 2703 2727 2739 2797 2799 2814 2820 2845 2875 2895 2906 2959 2979 2997
37 544 709 957 1201 1331 1350 1385 1544 1975
100 147 498 851 883 1065 1459 1470 1789 1958 2252 2362 2409 2463 2475 2526 2527 2597 2806
15 39 108 172 232 293 309 381 414 460 476 514 683 693 725 742 807 816 843 858 875 1001 1047 1101 1104 1212 1233 1240 1255 1287 1380 1383 1429 1479 1610 1688 1785 1792 1853 2021 2125 2143 2146 2214 2303 2341 2363 2412 2566 2694 2720 2735 2740 2781 2821 2846 2853 2887 2936 2940 2946 2963 2972
196 267 354 368 533 553 563 621 699 799 931 952 1031 1441 1651 1705 1860 1920 1988 2001 2258 2349 2356 2567 2648 2673 2691 2919
323 597 676 691 1026 1394 1527 1782 2091 2265
65 163 178 211 231 332 470 519 613 656 838 887 910 919 1076 1152 1229 1347 1379 1405 1464 1523 1558 1565 1611 1613 1626 1868 1962 1983 2007 2159 2326 2638 2666 2682 2748 2764 2934 2961
136 240 361 564 589 623 784 989 1178 1495 1793 2136 2368 2514 2890 2908
221 393 404 520 587 925 935 965 1032 1049 1216 1513 1543 1729 1870 1887 1906 1953 2058 2173 2513 2517 2664 2670 2810 2863 2879
9 164 373 452 491 556 643 719 720 801 823 842 991 1057 1081 1125 1136 1157 1219 1261 1328 1336 1362 1561 1594 1637 1712 1784 1871 1903 2110 2187 2260 2293 2373 2420 2521 2530 2579 2592 2639 2663 2742 2872 2901 2907 2945
137 247 995 1111 1133 1314 1574 1734 1913 2036 2069 2263 2346 2360 2505 2516 2554 2649 2724 2746 2747 2763
11 61 75 77 103 236 242 250 327 403 685 713 796 825 864 946 1021 1037 1174 1298 1345 1382 1457 1706 1708 1740 1751 1794 1917 2102 2104 2168 2249 2378 2394 2414 2430 2443 2476 2577 2676 2692 2699 2708 2757 2773 2777 2865 2986
405 577 666 728 1086 1167 1311 1361 1418 1746
281 475 480 717 765 809 1044 1293 1867 2010 2050 2376 2588 2624
48 183 197 206 390 415 482 501 512 531 537 609 632 757 893 977 1040 1131 1132 1363 1397 1455 1482 1528 1541 1738 1825 1861 1911 1952 2038 2042 2140 2171 2176 2182 2235 2267 2453 2534 2721 2903
47 84 92 120 124 131 168 205 253 291 497 521 538 569 575 596 606 635 700 724 732 749 750 793 849 905 971 973 975 1098 1106 1246 1299 1372 1377 1407 1465 1473 1488 1494 1533 1580 1603 1624 1711 1918 1956 1978 2061 2081 2105 2108 2160 2190 2219 2242 2273 2287 2369 2391 2493 2525 2533 2548 2553 2561 2564 2568 2661 2669 2714 2768 2790 2871 2941
337 580 680 1094 1117 1412 1559 1748 1821 2124 2141 2216 2511 2787 2878 2918 2996
107 453 473 766 897 1553 1641 1987 2065 2238 2295 2559
29 49 52 146 322 430 454 615 630 678 781 822 1013 1043 1062 1070 1267 1279 1341 1378 1419 1436 1490 1524 1604 1670 1696 1775 1783 1828 1842 1880 1907 1915 1960 2012 2101 2150 2335 2348 2402 2478 2506 2705 2725 2756 2842 2883 2929 2950 2987 2989
289 590 804 808 1008 1120 1319 1353 1398 1471 1666 2392
63 359 1039 1096 1208 1320 1413 1585 1639 1799 1945 2199
25 40 330 371 372 458 641 913 972 1175 1217 1283 1325 1453 1550 1824 1879 1902 2060 2127 2245 2292 2309 2310 2382 2458 2923 2938
14 46 94 95 111 202 285 314 338 343 396 407 422 447 451 465 471 486 543 555 582 624 674 690 695 737 759 767 776 841 866 881 947 968 970 1028 1033 1064 1164 1222 1248 1258 1270 1276 1294 1300 1305 1309 1389 1401 1424 1463 1474 1487 1525 1636 1749 1765 1771 1790 1797 1836 1838 1848 1969 2043 2062 2064 2126 2194 2229 2280 2317 2322 2355 2371 2395 2427 2455 2479 2528 2535 2572 2603 2606 2612 2617 2635 2645 2660 2662 2712 2723 2778 2783 2785 2841
1 19 83 128 170 185 193 208 298 355 356 384 426 488 518 523 528 669 815 829 867 903 954 982 1016 1077 1205 1284 1338 1376 1477 1507 1521 1578 1595 1602 1649 1769 1812 1837 1992 2013 2107 2179 2374 2385 2589 2604 2615 2697 2716 2770 2779 2800 2847 2862 2881 2970 2994
104 295 351 402 431 483 484 489 585 604 619 740 896 979 1099 1115 1506 1552 1681 1682 1717 2041 2153 2318 2319 2401 2473 2546 2622 2717 2858 2912 2937
711 1090 1422 1581 1723 1744 1768 1845 1891 2208
333 389 751 870 1034 1423 1592 1707 1741 1965 2046
38 155 603 605 650 702 777 922 981 1130 1141 1161 1245 1445 1569 1977 2545 2793 2981
113 174 649 1251 1449 2120 2131 2204 2236 2248 2357
53 140 207 217 244 287 318 535 562 614 659 821 855 874 898 933 967 1007 1017 1030 1147 1160 1272 1282 1427 1567 1606 1627 1716 1718 1839 2009 2026 2057 2109 2133 2145 2237 2288 2331 2338 2377 2384 2411 2425 2438 2502 2552 2587 2621 2696 2856
86 127 159 161 234 391 524 529 548 557 558 567 644 645 682 718 785 885 914 921 993 1003 1015 1060 1061 1087 1092 1103 1109 1215 1242 1280 1317 1375 1421 1444 1492 1499 1503 1650 1680 1722 1745 1831 1841 1855 1892 1971 2004 2019 2078 2112 2158 2169 2272 2466 2508 2609 2644 2656 2889 2896 2909 2920 2977
276 279 357 639 726 1172 1538 1817 1963 2045 2071 2241 2269
54 166 325 429 509 879 917 1140 1310 1322 1381 1434 1505 1535 1572 1648 1664 1776 1924 2000 2003 2218 2250 2367 2474 2844 2877 2910
43 51 158 188 214 235 300 335 425 427 438 466 527 657 755 1018 1051 1187 1221 1231 1244 1329 1330 1342 1396 1408 1555 1629 1671 1676 1767 1811 1813 1872 1990 2006 2020 2180 2270 2299 2311 2370 2629 2674 2729 2829 2830 2944 2991
16 35 123 375 574 591 636 772 819 1693 1774 2099
6 98 238 336 542 581 1324 1399 1420 1480 2111
76 352 370 494 559 865 940 976 983 1182 1243 1265 1278 1417 2039 2162 2200 2467 2798 2817 2866 2891
433 434 441 457 532 663 703 731 760 984 1012 1066 1121 1186 1266 1295 1359 1366 1373 1411 1447 1450 1456 1496 1539 1614 1617 1618 1647 1683 1689 1725 1743 1758 1857 1885 1899 1905 1929 1998 2033 2053 2075 2135 2138 2285 2304 2312 2358 2407 2423 2446 2451 2457 2472 2507 2620 2626 2640 2641 2646 2671 2687 2689 2812 2826 2868 2969 2984
42 45 70 106 312 319 339 417 516 610 908 1025 1093 1195 1371 1856 1947 1986 2027 2077 2232 2491 2563 2715 2805 2886 2927 2928
204 374 611 653 805 944 1486 1615 2302 2336 2343 2381 2396 2769
101 181 862 916 1005 1089 1367 1772 2139 2255
74 89 132 190 260 307 320 367 410 411 436 445 448 455 468 540 607 631 637 660 679 729 736 798 810 814 848 859 860 876 884 923 942 1027 1067 1083 1146 1149 1176 1179 1262 1291 1304 1343 1346 1414 1467 1517 1547 1609 1657 1678 1800 1803 1843 1864 1935 1937 1985 2032 2056 2185 2308 2314 2324 2328 2351 2405 2445 2450 2515 2608 2710 2752 2758 2762 2851 2942 2978
191 294 658 953 1050 1232 1268 1297 1809 2398 2410 2582 2695 2718
20 177 275 311 353 464 503 771 1002 1045 1080 1107 1352 1409 1481 1571 1630 1633 1724 1726 1914 2029 2066 2128 2170 2275 2468 2581 2732 2792 2832 2873 2911 2924 2988
4 7 143 184 187 192 220 305 547 576 583 594 662 735 754 768 788 790 872 888 920 1135 1144 1156 1169 1213 1220 1237 1526 1529 1577 1587 1593 1695 1702 1704 1728 1766 1801 1805 1815 1827 1832 1846 1873 1890 1970 2079 2210 2253 2268 2332 2441 2471 2509 2544 2598 2655 2688 2733 2743 2782 2808 2824 2843 2850 2904 2948
0 41 133 135 139 154 209 225 256 258 350 369 437 546 652 716 739 824 857 895 928 986 997 1020 1163 1177 1225 1253 1254 1302 1393 1500 1515 1554 1619 1662 1804 1989 2002 2082 2097 2226 2261 2278 2300 2320 2375 2393 2403 2421 2422 2429 2431 2497 2547 2611 2623 2628 2647 2668 2684 2734 2802 2807 2809 2838 2921 2967 2993
50 56 251 306 394 463 513 668 722 789 792 918 934 999 1079 1184 1250 1260 1263 1274 1290 1335 1339 1435 1489 1502 1579 1589 1679 1691 1692 1874 1908 1966 2031 2063 2080 2130 2152 2172 2197 2212 2225 2279 2347 2413 2454 2551 2652 2675 2711 2780 2854 2992
119 121 224 387 406 440 578 633 706 813 890 941 959 1127 1446 1607 1739 1851 2008 2044 2100 2181 2209 2233 2234 2259 2522 2709 2713 2816 2892 2951
27 67 85 492 517 525 568 741 847 869 1091 1162 1204 1425 1469 1570 1591 1628 1640 1701 1961 2149 2157 2175 2206 2274 2549 2631 2659 2679 2968 2975
8 22 31 44 73 125 149 226 262 297 316 331 446 481 554 671 696 764 778 787 811 880 889 1004 1014 1088 1129 1155 1166 1235 1275 1281 1337 1365 1384 1387 1431 1472 1532 1575 1600 1634 1808 1897 1933 1948 2072 2087 2095 2195 2202 2215 2256 2264 2281 2313 2364 2439 2540 2556 2560 2585 2650 2658 2719 2737 2772 2893 2899 2902 2943
55 105 201 203 216 341 347 419 496 536 550 561 592 806 812 854 886 901 906 936 949 992 994 1038 1042 1145 1247 1312 1426 1442 1485 1531 1588 1622 1652 1687 1742 1747 1752 1889 1893 1946 1955 2016 2022 2048 2148 2183 2186 2231 2305 2329 2353 2359 2372 2434 2437 2469 2531 2550 2558 2575 2578 2590 2637 2667 2702 2750 2753 2786 2788 2811 2939 2955 2976
12 144 198 241 284 334 392 399 401 420 428 478 579 584 599 608 670 681 689 704 714 734 791 817 904 927 985 1000 1138 1158 1206 1226 1264 1355 1416 1430 1432 1443 1461 1504 1551 1573 1584 1659 1698 1719 1727 1750 1779 1802 1830 1854 1980 2014 2059 2085 2115 2118 2147 2184 2196 2230 2240 2276 2290 2366 2415 2456 2465 2485 2557 2586 2595 2601 2610 2726 2730 2819 2839 2849 2855 2914 2922 2925 2957 2990
58 69 88 97 141 148 273 277 292 324 342 380 459 461 504 522 600 612 661 745 846 926 962 1139 1183 1189 1209 1210 1306 1316 1326 1349 1597 1643 1673 1674 1699 1943 2024 2051 2052 2090 2103 2144 2156 2167 2220 2284 2298 2386 2433 2444 2447 2484 2495 2512 2602 2607 2860 2870 2880
30 93 138 219 377 598 642 648 654 827 894 912 1029 1069 1438 1483 1537 1540 1546 1736 1761 2096 2166 2282 2480 2594 2651 2681 2704 2960 2983
62 265 280 469 721 723 1118 1400 1685 1959 2350
213 230 571 763 907 932 1661 1753 1763 1777 1781 1806 2499 2570
36 78 173 180 194 215 255 301 472 566 762 774 871 961 1071 1344 1501 1576 1582 1967 2345 2404 2569 2700 2771 2774 2804 2831
218 980 1041 1200 1433 1549 1703 1923 2092 2207
5 71 82 96 435 620 686 712 911 996 1048 1052 1105 1148 1150 1197 1198 1308 1348 1562 1621 1686 1697 1732 1780 1787 1840 1849 1858 2501 2520 2574 2618 2630 2698 2784 2828 2848 2861
160 487 593 1082 1085 1192 1410 1511 1675 1798 1816 1869 2344 2379 2408 2428 2600 2683 2701 2965
116 175 321 1356 1360 1542 1563 1737 1759 1894
60 102 142 171 179 182 266 274 282 299 302 304 310 345 366 423 424 442 444 479 485 573 640 692 708 746 753 756 943 960 969 1108 1123 1124 1137 1142 1159 1181 1185 1214 1390 1514 1556 1564 1620 1631 1635 1654 1668 1672 1735 1756 1795 1865 1884 1898 1909 1912 1927 1934 1940 2015 2134 2191 2192 2246 2339 2390 2397 2448 2459 2461 2486 2492 2496 2562 2576 2605 2654 2680 2728 2759 2765 2776 2796 2803 2813 2815 2837 2864 2888 2897
80 572 747 966 1024 1690 1788 1877 1944 2088 2117 2291 2500 2593 2751
156 223 358 388 500 618 638 675 828 837 852 939 951 990 1110 1168 1239 1286 1428 1460 1598 1669 1904 1995 2177 2213 2223 2296 2387 2452 2488 2541 2642 2956
23 229 308 493 502 508 626 651 1035 1112 1388 1536 1710 1921 2154 2257 2266 2340 2503 2614 2760 2840 2931
129 526 831 877 882 891 924 998 1063 1084 1154 1180 1223 1301 1303 1315 1462 1468 1493 1632 1721 2028 2034 2035 2201 2297 2330 2354 2380 2555 2653 2665 2754 2767
