0 51
1 16
2 14
3 47
4 13
5 20
6 12
7 1
8 30
9 39
10 51
11 48
12 44
13 42
14 41
15 28
16 20
17 12
18 16
19 8
20 1
21 22
22 44
23 35
24 38
25 12
26 8
27 1
28 49
29 37
30 21
31 5
32 46
33 18
34 27
35 20
36 3
37 47
38 30
39 8
40 47
41 34
42 13
43 12
44 1
45 31
46 49
47 37
48 17
49 32
50 22
51 36
52 20
53 38
54 20
55 17
56 37
57 8
58 3
59 20
60 34
61 4
62 14
63 49
64 30
65 28
66 36
67 27
68 37
69 19
70 19
71 48
72 16
73 16
74 34
75 1
76 11
77 8
78 6
79 10
80 47
81 37
82 16
83 38
84 25
85 21
86 49
87 20
88 3
89 1
90 37
91 1
92 1
93 51
94 39
95 38
96 27
97 36
98 23
99 33
100 13
101 31
102 36
103 51
104 49
105 44
106 2
107 16
108 19
109 37
110 3
111 21
112 4
113 23
114 49
115 12
116 30
117 45
118 33
119 49
120 18
121 14
122 47
123 1
124 30
125 28
126 38
127 45
128 23
129 1
130 37
131 37
132 20
133 36
134 40
135 44
136 23
137 1
138 30
139 41
140 21
141 49
142 16
143 48
144 23
145 14
146 16
147 49
148 47
149 6
150 5
151 2
152 20
153 15
154 19
155 31
156 4
157 14
158 35
159 47
160 13
161 26
162 13
163 41
164 35
165 32
166 15
167 41
168 31
169 16
170 13
171 32
172 30
173 16
174 11
175 5
176 48
177 7
178 51
179 21
180 15
181 18
182 33
183 36
184 36
185 5
186 36
187 5
188 16
189 37
190 47
191 25
192 50
193 15
194 17
195 11
196 24
197 27
198 30
199 11
200 51
201 42
202 38
203 35
204 49
205 13
206 47
207 42
208 22
209 11
210 27
211 36
212 30
213 42
214 1
215 37
216 16
217 3
218 32
219 1
220 16
221 46
222 20
223 17
224 20
225 44
226 20
227 16
228 44
229 36
230 23
231 31
232 13
233 42
234 9
235 23
236 3
237 7
238 3
239 4
240 27
241 39
242 41
243 3
244 25
245 31
246 36
247 43
248 47
249 25
250 27
251 48
252 44
253 16
254 23
255 48
256 10
257 41
258 41
259 1
260 16
261 30
262 44
263 20
264 47
265 49
266 38
267 33
268 36
269 48
270 1
271 3
272 48
273 31
274 13
275 2
276 11
277 30
278 36
279 6
280 19
281 3
282 38
283 13
284 31
285 32
286 11
287 5
288 22
289 38
290 20
291 51
292 3
293 27
294 13
295 36
296 47
297 47
298 1
299 51
300 12
301 4
302 4
303 47
304 21
305 35
306 44
307 21
308 25
309 27
310 15
311 30
312 16
313 47
314 31
315 29
316 36
317 15
318 4
319 37
320 12
321 38
322 34
323 20
324 14
325 32
326 46
327 27
328 5
329 21
330 48
331 13
332 21
333 5
334 43
335 38
336 44
337 29
338 36
339 14
340 30
341 10
342 28
343 30
344 31
345 44
346 30
347 51
348 1
349 31
350 35
351 18
352 13
353 25
354 51
355 27
356 24
357 38
358 37
359 31
360 25
361 5
362 44
363 16
364 46
365 29
366 32
367 21
368 4
369 20
370 25
371 49
372 30
373 33
374 21
375 51
376 36
377 42
378 48
379 5
380 47
381 18
382 19
383 4
384 22
385 6
386 45
387 16
388 27
389 38
390 4
391 11
392 30
393 34
394 32
395 20
396 41
397 44
398 47
399 9
400 16
401 4
402 11
403 5
404 30
405 6
406 3
407 33
408 27
409 21
410 47
411 16
412 41
413 1
414 12
415 33
416 51
417 34
418 27
419 21
420 29
421 42
422 35
423 14
424 37
425 16
426 51
427 27
428 37
429 28
430 27
431 44
432 48
433 1
434 49
435 28
436 49
437 35
438 20
439 11
440 18
441 36
442 46
443 16
444 38
445 10
446 11
447 36
448 29
449 45
450 1
451 10
452 21
453 46
454 5
455 38
456 4
457 48
458 8
459 16
460 27
461 48
462 8
463 22
464 49
465 34
466 36
467 13
468 1
469 35
470 35
471 37
472 13
473 16
474 32
475 5
476 44
477 30
478 34
479 5
480 20
481 42
482 4
483 30
484 49
485 16
486 11
487 16
488 36
489 36
490 43
491 7
492 7
493 24
494 28
495 51
496 41
497 27
498 22
499 48
500 10
501 5
502 46
503 28
504 4
505 33
506 33
507 28
508 23
509 30
510 12
511 33
512 27
513 3
514 42
515 34
516 37
517 38
518 16
519 20
520 41
521 36
522 44
523 14
524 43
525 50
526 12
527 30
528 16
529 34
530 30
531 47
532 28
533 16
534 42
535 42
536 7
537 51
538 28
539 8
540 47
541 50
542 13
543 45
544 5
545 6
546 36
547 31
548 24
549 35
550 49
551 47
552 2
553 1
554 27
555 27
556 21
557 30
558 34
559 23
560 35
561 2
562 36
563 21
564 19
565 6
566 41
567 27
568 44
569 25
570 27
571 46
572 1
573 31
574 47
575 27
576 42
577 38
578 36
579 8
580 36
581 6
582 16
583 29
584 4
585 9
586 9
587 1
588 15
589 15
590 47
591 32
592 28
593 20
594 51
595 1
596 36
597 12
598 44
599 38
600 13
601 51
602 21
603 23
604 31
605 20
606 47
607 1
608 27
609 1
610 37
611 27
612 14
613 31
614 34
615 13
616 50
617 3
618 16
619 26
620 22
621 47
622 24
623 20
624 27
625 32
626 50
627 41
628 7
629 51
630 44
631 21
632 44
633 13
634 33
635 25
636 48
637 33
638 50
639 36
640 43
641 44
642 32
643 38
644 26
645 27
646 36
647 22
648 48
649 26
650 49
651 36
652 1
653 16
654 41
655 16
656 35
657 51
658 7
659 30
660 49
661 50
662 29
663 37
664 4
665 3
666 34
667 7
668 5
669 1
670 16
671 36
672 45
673 41
674 21
675 19
676 20
677 11
678 39
679 1
680 51
681 21
682 13
683 50
684 21
685 21
686 34
687 46
688 47
689 7
690 49
691 32
692 30
693 35
694 16
695 47
696 27
697 38
698 11
699 23
700 39
701 3
702 37
703 13
704 47
705 27
706 15
707 35
708 45
709 27
710 1
711 28
712 14
713 31
714 4
715 22
716 47
717 8
718 43
719 8
720 35
721 21
722 21
723 2
724 44
725 16
726 12
727 17
728 49
729 31
730 12
731 37
732 47
733 30
734 12
735 36
736 37
737 27
738 38
739 37
740 48
741 36
742 9
743 17
744 16
745 30
746 23
747 34
748 51
749 13
750 1
751 30
752 3
753 36
754 17
755 35
756 33
757 34
758 37
759 35
760 45
761 19
762 25
763 36
764 30
765 37
766 1
767 31
768 33
769 29
770 38
771 16
772 36
773 33
774 20
775 50
776 22
777 47
778 50
779 42
780 14
781 35
782 19
783 19
784 6
785 12
786 51
787 51
788 43
789 48
790 44
791 14
792 1
793 46
794 8
795 43
796 13
797 42
798 27
799 30
800 23
801 2
802 30
803 6
804 40
805 30
806 9
807 39
808 11
809 43
810 1
811 36
812 10
813 36
814 9
815 4
816 10
817 48
818 37
819 16
820 2
821 13
822 27
823 41
824 22
825 20
826 26
827 25
828 13
829 46
830 34
831 27
832 30
833 31
834 4
835 19
836 27
837 41
838 3
839 1
840 1
841 27
842 27
843 16
844 13
845 20
846 8
847 48
848 30
849 18
850 45
851 23
852 10
853 30
854 37
855 15
856 16
857 15
858 29
859 33
860 21
861 38
862 33
863 47
864 47
865 36
866 20
867 36
868 44
869 20
870 13
871 47
872 21
873 47
874 15
875 13
876 20
877 10
878 39
879 48
880 30
881 49
882 44
883 23
884 30
885 1
886 16
887 4
888 36
889 11
890 28
891 48
892 1
893 11
894 20
895 20
896 15
897 1
898 36
899 30
900 8
901 16
902 11
903 4
904 23
905 41
906 44
907 47
908 38
909 16
910 23
911 43
912 16
913 34
914 18
915 36
916 4
917 49
918 50
919 41
920 44
921 21
922 36
923 12
924 34
925 30
926 5
927 36
928 4
929 41
930 6
931 47
932 24
933 35
934 4
935 49
936 42
937 20
938 34
939 41
940 7
941 21
942 30
943 37
944 47
945 6
946 36
947 49
948 44
949 18
950 21
951 3
952 13
953 6
954 13
955 21
956 8
957 37
958 27
959 44
960 33
961 34
962 4
963 42
964 15
965 31
966 23
967 4
968 42
969 30
970 37
971 16
972 37
973 22
974 8
975 47
976 13
977 51
978 19
979 37
980 13
981 49
982 1
983 40
984 14
985 1
986 30
987 27
988 26
989 6
990 44
991 35
992 13
993 35
994 8
995 29
996 25
997 44
998 49
999 34
1000 49
1001 51
1002 3
1003 40
1004 33
1005 1
1006 13
1007 30
1008 50
1009 11
1010 21
1011 28
1012 38
1013 5
1014 47
1015 50
1016 4
1017 23
1018 49
1019 14
1020 21
1021 1
1022 4
1023 8
1024 25
1025 19
1026 23
1027 51
1028 38
1029 48
1030 27
1031 6
1032 46
1033 16
1034 1
1035 30
1036 6
1037 11
1038 34
1039 37
1040 31
1041 32
1042 4
1043 27
1044 46
1045 8
1046 47
1047 32
1048 37
1049 20
1050 19
1051 31
1052 30
1053 23
1054 38
1055 49
1056 27
1057 41
1058 23
1059 28
1060 14
1061 3
1062 40
1063 9
1064 43
1065 41
1066 13
1067 13
1068 41
1069 1
1070 47
1071 5
1072 20
1073 3
1074 24
1075 6
1076 36
1077 49
1078 49
1079 48
1080 42
1081 22
1082 27
1083 50
1084 10
1085 6
1086 51
1087 16
1088 27
1089 4
1090 42
1091 40
1092 11
1093 16
1094 44
1095 4
1096 16
1097 13
1098 30
1099 22
1100 21
1101 43
1102 41
1103 44
1104 47
1105 4
1106 16
1107 50
1108 50
1109 5
1110 16
1111 21
1112 44
1113 6
1114 1
1115 37
1116 13
1117 27
1118 23
1119 31
1120 27
1121 20
1122 27
1123 27
1124 36
1125 27
1126 16
1127 9
1128 49
1129 2
1130 16
1131 47
1132 3
1133 10
1134 20
1135 16
1136 29
1137 12
1138 36
1139 19
1140 30
1141 27
1142 21
1143 14
1144 46
1145 47
1146 13
1147 28
1148 24
1149 50
1150 40
1151 16
1152 27
1153 36
1154 36
1155 51
1156 27
1157 51
1158 22
1159 50
1160 23
1161 12
1162 31
1163 45
1164 51
1165 48
1166 27
1167 49
1168 41
1169 36
1170 16
1171 15
1172 2
1173 16
1174 23
1175 47
1176 21
1177 32
1178 16
1179 15
1180 41
1181 37
1182 11
1183 3
1184 4
1185 37
1186 20
1187 21
1188 49
1189 43
1190 22
1191 16
1192 23
1193 20
1194 6
1195 38
1196 42
1197 50
1198 20
1199 30
1200 12
1201 13
1202 4
1203 16
1204 51
1205 6
1206 4
1207 31
1208 6
1209 51
1210 13
1211 16
1212 35
1213 36
1214 34
1215 8
1216 25
1217 5
1218 47
1219 2
1220 1
1221 5
1222 27
1223 16
1224 36
1225 49
1226 1
1227 28
1228 16
1229 4
1230 17
1231 41
1232 20
1233 50
1234 39
1235 12
1236 43
1237 41
1238 13
1239 16
1240 40
1241 35
1242 13
1243 35
1244 23
1245 30
1246 21
1247 21
1248 21
1249 6
1250 42
1251 41
1252 16
1253 20
1254 13
1255 19
1256 11
1257 14
1258 27
1259 27
1260 18
1261 14
1262 35
1263 21
1264 13
1265 19
1266 4
1267 51
1268 28
1269 4
1270 30
1271 47
1272 36
1273 39
1274 30
1275 43
1276 49
1277 47
1278 10
1279 1
1280 25
1281 51
1282 13
1283 21
1284 47
1285 48
1286 43
1287 11
1288 44
1289 21
1290 9
1291 1
1292 44
1293 48
1294 27
1295 37
1296 30
1297 16
1298 35
1299 49
1300 47
1301 19
1302 47
1303 4
1304 44
1305 49
1306 47
1307 20
1308 5
1309 16
1310 37
1311 50
1312 36
1313 43
1314 51
1315 51
1316 1
1317 41
1318 5
1319 36
1320 36
1321 34
1322 6
1323 41
1324 25
1325 13
1326 34
1327 20
1328 14
1329 13
1330 25
1331 46
1332 36
1333 26
1334 28
1335 24
1336 27
1337 37
1338 47
1339 23
1340 41
1341 27
1342 34
1343 30
1344 38
1345 47
1346 48
1347 8
1348 11
1349 21
1350 13
1351 36
1352 37
1353 37
1354 3
1355 41
1356 35
1357 16
1358 28
1359 1
1360 18
1361 21
1362 34
1363 28
1364 17
1365 3
1366 28
1367 30
1368 22
1369 31
1370 1
1371 37
1372 3
1373 20
1374 34
1375 24
1376 36
1377 37
1378 13
1379 8
1380 19
1381 46
1382 1
1383 18
1384 1
1385 26
1386 18
1387 34
1388 51
1389 16
1390 33
1391 29
1392 8
1393 51
1394 51
1395 25
1396 21
1397 47
1398 48
1399 34
1400 20
1401 33
1402 28
1403 22
1404 31
1405 38
1406 30
1407 43
1408 34
1409 20
1410 16
1411 3
1412 20
1413 13
1414 14
1415 51
1416 30
1417 48
1418 21
1419 21
1420 16
1421 4
1422 42
1423 38
1424 1
1425 48
1426 44
1427 36
1428 10
1429 18
1430 11
1431 13
1432 35
1433 26
1434 20
1435 18
1436 11
1437 1
1438 34
1439 25
1440 34
1441 21
1442 36
1443 41
1444 30
1445 48
1446 47
1447 36
1448 20
1449 38
1450 15
1451 35
1452 39
1453 26
1454 20
1455 40
1456 16
1457 23
1458 33
1459 35
1460 1
1461 30
1462 34
1463 28
1464 38
1465 17
1466 25
1467 21
1468 28
1469 38
1470 1
1471 1
1472 38
1473 34
1474 48
1475 12
1476 43
1477 37
1478 30
1479 46
1480 10
1481 42
1482 23
1483 38
1484 16
1485 3
1486 35
1487 13
1488 25
1489 45
1490 23
1491 40
1492 12
1493 3
1494 36
1495 37
1496 25
1497 42
1498 41
1499 50
1500 49
1501 16
1502 30
1503 45
1504 2
1505 25
1506 27
1507 25
1508 11
1509 16
1510 27
1511 1
1512 36
1513 11
1514 1
1515 4
1516 41
1517 49
1518 47
1519 35
1520 3
1521 13
1522 47
1523 1
1524 20
1525 2
1526 21
1527 36
1528 47
1529 48
1530 40
1531 16
1532 48
1533 35
1534 17
1535 47
1536 1
1537 47
1538 30
1539 47
1540 4
1541 44
1542 24
1543 31
1544 21
1545 41
1546 16
1547 26
1548 32
1549 39
1550 48
1551 34
1552 21
1553 20
1554 27
1555 8
1556 15
1557 13
1558 30
1559 39
1560 21
1561 15
1562 11
1563 20
1564 37
1565 46
1566 37
1567 1
1568 1
1569 19
1570 1
1571 19
1572 50
1573 16
1574 17
1575 47
1576 37
1577 24
1578 30
1579 12
1580 11
1581 34
1582 40
1583 27
1584 38
1585 49
1586 45
1587 16
1588 50
1589 34
1590 30
1591 20
1592 27
1593 3
1594 3
1595 13
1596 27
1597 48
1598 43
1599 27
1600 1
1601 1
1602 27
1603 25
1604 46
1605 30
1606 10
1607 19
1608 41
1609 4
1610 23
1611 27
1612 49
1613 49
1614 19
1615 38
1616 46
1617 20
1618 49
1619 51
1620 14
1621 13
1622 31
1623 49
1624 24
1625 34
1626 30
1627 4
1628 48
1629 31
1630 19
1631 20
1632 25
1633 36
1634 28
1635 50
1636 23
1637 36
1638 1
1639 23
1640 42
1641 36
1642 12
1643 4
1644 34
1645 32
1646 37
1647 42
1648 32
1649 37
1650 3
1651 1
1652 23
1653 33
1654 7
1655 9
1656 23
1657 25
1658 6
1659 47
1660 31
1661 20
1662 37
1663 30
1664 8
1665 48
1666 23
1667 20
1668 4
1669 3
1670 4
1671 12
1672 28
1673 1
1674 27
1675 27
1676 32
1677 20
1678 48
1679 49
1680 36
1681 1
1682 19
1683 12
1684 41
1685 49
1686 3
1687 16
1688 36
1689 37
1690 30
1691 36
1692 34
1693 20
1694 32
1695 30
1696 36
1697 7
1698 38
1699 48
1700 11
1701 3
1702 42
1703 28
1704 44
1705 20
1706 34
1707 12
1708 27
1709 30
1710 37
1711 1
1712 39
1713 3
1714 42
1715 41
1716 26
1717 1
1718 50
1719 41
1720 20
1721 36
1722 18
1723 3
1724 38
1725 31
1726 41
1727 50
1728 38
1729 48
1730 35
1731 4
1732 47
1733 30
1734 2
1735 20
1736 11
1737 10
1738 18
1739 20
1740 12
1741 51
1742 43
1743 32
1744 23
1745 17
1746 38
1747 34
1748 49
1749 27
1750 34
1751 5
1752 18
1753 37
1754 24
1755 21
1756 36
1757 23
1758 23
1759 12
1760 1
1761 36
1762 15
1763 32
1764 21
1765 51
1766 37
1767 1
1768 31
1769 36
1770 16
1771 30
1772 9
1773 34
1774 4
1775 14
1776 48
1777 17
1778 21
1779 38
1780 27
1781 1
1782 47
1783 26
1784 13
1785 46
1786 35
1787 18
1788 51
1789 37
1790 6
1791 43
1792 47
1793 6
1794 36
1795 4
1796 1
1797 49
1798 47
1799 21
1800 37
1801 13
1802 36
1803 7
1804 33
1805 30
1806 20
1807 2
1808 20
1809 1
1810 6
1811 37
1812 7
1813 43
1814 6
1815 51
1816 51
1817 9
1818 32
1819 23
1820 48
1821 44
1822 36
1823 47
1824 41
1825 3
1826 36
1827 13
1828 37
1829 12
1830 35
1831 13
1832 24
1833 11
1834 36
1835 6
1836 21
1837 20
1838 48
1839 45
1840 48
1841 37
1842 30
1843 38
1844 27
1845 13
1846 46
1847 23
1848 37
1849 5
1850 30
1851 39
1852 12
1853 31
1854 36
1855 8
1856 9
1857 6
1858 22
1859 39
1860 5
1861 1
1862 33
1863 7
1864 48
1865 20
1866 14
1867 44
1868 19
1869 37
1870 35
1871 25
1872 37
1873 9
1874 43
1875 13
1876 4
1877 25
1878 32
1879 25
1880 41
1881 47
1882 2
1883 21
1884 49
1885 39
1886 1
1887 18
1888 23
1889 39
1890 51
1891 36
1892 37
1893 49
1894 22
1895 20
1896 8
1897 46
1898 48
1899 47
1900 51
1901 13
1902 3
1903 3
1904 9
1905 38
1906 51
1907 31
1908 48
1909 48
1910 6
1911 2
1912 27
1913 1
1914 34
1915 36
1916 49
1917 13
1918 37
1919 28
1920 16
1921 13
1922 1
1923 30
1924 41
1925 41
1926 30
1927 36
1928 42
1929 43
1930 42
1931 44
1932 4
1933 23
1934 49
1935 16
1936 51
1937 47
1938 47
1939 16
1940 47
1941 49
1942 6
1943 6
1944 27
1945 48
1946 43
1947 2
1948 47
1949 11
1950 16
1951 21
1952 36
1953 12
1954 38
1955 27
1956 22
1957 27
1958 11
1959 42
1960 38
1961 41
1962 51
1963 13
1964 48
1965 48
1966 23
1967 38
1968 34
1969 33
1970 50
1971 36
1972 49
1973 47
1974 33
1975 46
1976 51
1977 20
1978 48
1979 15
1980 35
1981 30
1982 22
1983 28
1984 15
1985 19
1986 9
1987 13
1988 16
1989 21
1990 1
1991 28
1992 38
1993 37
1994 6
1995 3
1996 30
1997 11
1998 20
1999 48
