0 41
1 82
2 37
3 42
4 65
5 70
6 56
7 25
8 77
9 84
10 23
11 34
12 39
13 59
14 42
15 83
16 37
17 24
18 73
19 22
20 40
21 15
22 35
23 54
24 48
25 1
26 37
27 68
28 45
29 67
30 76
31 24
32 70
33 25
34 77
35 13
36 45
37 11
38 19
39 70
40 41
41 78
42 4
43 34
44 14
45 56
46 79
47 32
48 69
49 18
50 24
51 78
52 75
53 18
54 81
55 58
56 21
57 13
58 38
59 68
60 20
61 2
62 15
63 82
64 74
65 73
66 79
67 5
68 75
69 78
70 47
71 33
72 74
73 50
74 60
75 3
76 45
77 28
78 69
79 30
80 22
81 20
82 76
83 12
84 25
85 54
86 29
87 69
88 1
89 83
90 60
91 32
92 69
93 28
94 54
95 58
96 34
97 80
98 34
99 6
100 5
101 43
102 78
103 24
104 76
105 4
106 16
107 56
108 49
109 62
110 75
111 44
112 4
113 70
114 4
115 8
116 9
117 80
118 38
119 33
120 63
121 43
122 74
123 17
124 65
125 29
126 8
127 1
128 39
129 67
130 57
131 63
132 54
133 44
134 50
135 1
136 63
137 1
138 44
139 33
140 34
141 60
142 76
143 69
144 9
145 23
146 80
147 37
148 27
149 7
150 60
151 76
152 84
153 27
154 69
155 71
156 76
157 1
158 53
159 78
160 38
161 14
162 68
163 61
164 19
165 52
166 71
167 73
168 74
169 25
170 75
171 59
172 84
173 77
174 74
175 4
176 72
177 71
178 26
179 81
180 79
181 66
182 66
183 54
184 21
185 50
186 82
187 30
188 81
189 56
190 1
191 15
192 47
193 35
194 11
195 15
196 73
197 69
198 17
199 74
200 73
201 36
202 13
203 71
204 82
205 27
206 21
207 26
208 71
209 68
210 27
211 75
212 36
213 80
214 49
215 83
216 24
217 76
218 68
219 33
220 26
221 22
222 37
223 81
224 66
225 22
226 22
227 67
228 8
229 65
230 9
231 44
232 69
233 3
234 26
235 20
236 70
237 8
238 34
239 70
240 76
241 54
242 37
243 25
244 82
245 48
246 69
247 43
248 4
249 29
250 48
251 25
252 70
253 1
254 67
255 53
256 79
257 46
258 53
259 65
260 61
261 1
262 21
263 50
264 21
265 18
266 45
267 18
268 68
269 26
270 16
271 51
272 4
273 9
274 51
275 24
276 73
277 54
278 16
279 65
280 80
281 80
282 58
283 67
284 34
285 69
286 48
287 44
288 71
289 36
290 55
291 20
292 47
293 11
294 6
295 84
296 5
297 59
298 9
299 15
300 72
301 49
302 65
303 56
304 68
305 74
306 35
307 64
308 71
309 15
310 37
311 22
312 10
313 14
314 63
315 11
316 51
317 35
318 69
319 80
320 50
321 12
322 2
323 67
324 32
325 25
326 78
327 49
328 11
329 33
330 31
331 79
332 73
333 70
334 4
335 9
336 4
337 75
338 10
339 49
340 32
341 27
342 71
343 45
344 32
345 4
346 5
347 41
348 34
349 49
350 70
351 57
352 3
353 77
354 75
355 66
356 64
357 22
358 3
359 80
360 74
361 72
362 18
363 38
364 70
365 71
366 67
367 52
368 40
369 66
370 41
371 72
372 30
373 43
374 46
375 46
376 58
377 34
378 2
379 70
380 15
381 68
382 34
383 48
384 60
385 57
386 22
387 4
388 13
389 47
390 21
391 44
392 15
393 13
394 59
395 58
396 19
397 42
398 19
399 41
400 28
401 44
402 57
403 51
404 22
405 55
406 2
407 8
408 80
409 1
410 7
411 48
412 5
413 7
414 5
415 8
416 49
417 35
418 27
419 40
420 77
421 63
422 4
423 36
424 60
425 70
426 65
427 71
428 80
429 62
430 32
431 11
432 1
433 3
434 29
435 14
436 13
437 61
438 10
439 52
440 23
441 47
442 15
443 57
444 19
445 69
446 23
447 43
448 61
449 84
450 72
451 19
452 6
453 63
454 28
455 71
456 69
457 48
458 3
459 61
460 45
461 37
462 70
463 54
464 1
465 36
466 3
467 64
468 4
469 34
470 25
471 49
472 71
473 41
474 60
475 79
476 37
477 23
478 13
479 49
480 80
481 77
482 10
483 63
484 45
485 73
486 69
487 56
488 9
489 16
490 60
491 45
492 31
493 11
494 4
495 15
496 70
497 59
498 52
499 22
500 56
501 55
502 69
503 34
504 8
505 35
506 19
507 83
508 7
509 83
510 49
511 3
512 48
513 18
514 35
515 68
516 34
517 69
518 83
519 2
520 26
521 26
522 7
523 51
524 15
525 1
526 44
527 65
528 9
529 75
530 46
531 55
532 28
533 69
534 27
535 53
536 43
537 78
538 12
539 52
540 66
541 31
542 25
543 10
544 71
545 22
546 46
547 48
548 38
549 47
550 68
551 33
552 36
553 71
554 4
555 5
556 1
557 70
558 1
559 50
560 4
561 64
562 9
563 50
564 80
565 75
566 20
567 6
568 63
569 40
570 74
571 74
572 19
573 6
574 32
575 33
576 19
577 80
578 77
579 41
580 31
581 59
582 49
583 40
584 61
585 68
586 66
587 36
588 10
589 57
590 9
591 69
592 15
593 19
594 2
595 52
596 27
597 17
598 1
599 29
600 16
601 62
602 83
603 26
604 51
605 81
606 20
607 15
608 32
609 3
610 32
611 5
612 23
613 68
614 40
615 10
616 73
617 52
618 82
619 62
620 63
621 10
622 19
623 73
624 52
625 43
626 56
627 19
628 12
629 81
630 49
631 33
632 34
633 45
634 29
635 68
636 59
637 63
638 53
639 60
640 51
641 26
642 13
643 30
644 55
645 3
646 75
647 2
648 27
649 7
650 58
651 6
652 6
653 28
654 1
655 15
656 73
657 68
658 51
659 68
660 83
661 71
662 71
663 41
664 12
665 19
666 62
667 27
668 72
669 4
670 17
671 40
672 66
673 57
674 82
675 48
676 27
677 50
678 43
679 65
680 38
681 60
682 17
683 75
684 54
685 67
686 75
687 53
688 15
689 55
690 14
691 4
692 80
693 82
694 17
695 47
696 72
697 49
698 34
699 65
700 13
701 84
702 4
703 51
704 29
705 3
706 48
707 60
708 29
709 41
710 13
711 70
712 12
713 53
714 70
715 61
716 81
717 16
718 37
719 74
720 37
721 63
722 12
723 50
724 61
725 2
726 64
727 41
728 61
729 47
730 67
731 8
732 71
733 40
734 4
735 38
736 4
737 31
738 78
739 32
740 55
741 57
742 50
743 6
744 3
745 29
746 62
747 72
748 46
749 75
750 25
751 62
752 41
753 76
754 81
755 35
756 35
757 4
758 49
759 4
760 75
761 66
762 52
763 1
764 83
765 27
766 77
767 39
768 52
769 70
770 69
771 76
772 31
773 17
774 17
775 27
776 54
777 15
778 35
779 55
780 70
781 60
782 9
783 55
784 42
785 70
786 19
787 26
788 20
789 43
790 78
791 43
792 20
793 14
794 23
795 1
796 28
797 63
798 47
799 79
800 62
801 52
802 66
803 43
804 18
805 66
806 42
807 4
808 51
809 21
810 8
811 8
812 3
813 80
814 3
815 42
816 42
817 44
818 16
819 70
820 33
821 10
822 2
823 23
824 49
825 62
826 17
827 81
828 2
829 64
830 71
831 84
832 47
833 3
834 59
835 27
836 14
837 33
838 25
839 61
840 37
841 53
842 84
843 4
844 72
845 70
846 41
847 53
848 31
849 28
850 58
851 51
852 42
853 8
854 37
855 81
856 75
857 39
858 39
859 70
860 35
861 19
862 12
863 55
864 66
865 82
866 49
867 5
868 44
869 26
870 27
871 18
872 16
873 30
874 43
875 71
876 71
877 63
878 29
879 32
880 64
881 72
882 31
883 24
884 48
885 4
886 77
887 7
888 7
889 37
890 82
891 40
892 49
893 70
894 12
895 58
896 42
897 38
898 1
899 56
900 25
901 57
902 51
903 13
904 25
905 41
906 16
907 4
908 24
909 31
910 8
911 9
912 61
913 19
914 55
915 15
916 63
917 74
918 22
919 60
920 79
921 66
922 6
923 46
924 82
925 15
926 77
927 46
928 75
929 31
930 23
931 42
932 63
933 28
934 26
935 72
936 56
937 27
938 15
939 67
940 19
941 18
942 59
943 42
944 72
945 71
946 63
947 40
948 53
949 52
950 62
951 3
952 57
953 26
954 62
955 46
956 29
957 71
958 42
959 71
960 65
961 83
962 6
963 79
964 36
965 45
966 71
967 55
968 13
969 61
970 36
971 19
972 39
973 37
974 10
975 9
976 71
977 7
978 16
979 20
980 18
981 83
982 82
983 59
984 12
985 11
986 69
987 3
988 36
989 70
990 71
991 43
992 21
993 6
994 52
995 80
996 62
997 57
998 84
999 34
1000 24
1001 40
1002 20
1003 2
1004 58
1005 58
1006 11
1007 42
1008 66
1009 41
1010 9
1011 66
1012 55
1013 36
1014 67
1015 57
1016 4
1017 12
1018 69
1019 56
1020 32
1021 46
1022 81
1023 39
1024 58
1025 33
1026 15
1027 26
1028 9
1029 15
1030 53
1031 46
1032 80
1033 41
1034 40
1035 46
1036 21
1037 3
1038 60
1039 34
1040 77
1041 23
1042 30
1043 25
1044 63
1045 34
1046 49
1047 46
1048 5
1049 62
1050 58
1051 19
1052 79
1053 11
1054 41
1055 68
1056 15
1057 7
1058 78
1059 24
1060 77
1061 60
1062 22
1063 67
1064 4
1065 56
1066 14
1067 69
1068 13
1069 13
1070 78
1071 36
1072 13
1073 69
1074 19
1075 70
1076 42
1077 58
1078 48
1079 14
1080 41
1081 12
1082 75
1083 39
1084 43
1085 8
1086 56
1087 45
1088 47
1089 63
1090 33
1091 63
1092 12
1093 16
1094 33
1095 82
1096 82
1097 43
1098 61
1099 70
1100 6
1101 43
1102 22
1103 6
1104 29
1105 33
1106 30
1107 19
1108 54
1109 43
1110 52
1111 42
1112 28
1113 21
1114 17
1115 1
1116 63
1117 70
1118 11
1119 12
1120 19
1121 4
1122 15
1123 38
1124 7
1125 64
1126 41
1127 41
1128 39
1129 51
1130 65
1131 22
1132 84
1133 68
1134 67
1135 80
1136 4
1137 49
1138 83
1139 56
1140 80
1141 39
1142 6
1143 61
1144 42
1145 80
1146 39
1147 4
1148 62
1149 7
1150 22
1151 62
1152 3
1153 41
1154 66
1155 33
1156 42
1157 60
1158 38
1159 5
1160 80
1161 63
1162 34
1163 33
1164 12
1165 7
1166 58
1167 74
1168 12
1169 16
1170 23
1171 41
1172 41
1173 84
1174 53
1175 12
1176 48
1177 48
1178 65
1179 50
1180 56
1181 41
1182 69
1183 41
1184 23
1185 77
1186 9
1187 28
1188 80
1189 38
1190 50
1191 29
1192 64
1193 80
1194 55
1195 72
1196 33
1197 68
1198 32
1199 41
1200 49
1201 80
1202 46
1203 78
1204 80
1205 38
1206 12
1207 39
1208 21
1209 68
1210 3
1211 55
1212 37
1213 15
1214 52
1215 50
1216 77
1217 17
1218 12
1219 13
1220 26
1221 23
1222 64
1223 71
1224 83
1225 57
1226 12
1227 23
1228 35
1229 49
1230 29
1231 70
1232 41
1233 19
1234 56
1235 71
1236 7
1237 78
1238 78
1239 68
1240 13
1241 72
1242 56
1243 60
1244 55
1245 13
1246 41
1247 63
1248 78
1249 55
1250 35
1251 74
1252 52
1253 19
1254 60
1255 40
1256 7
1257 48
1258 70
1259 69
1260 80
1261 66
1262 70
1263 23
1264 49
1265 62
1266 17
1267 71
1268 63
1269 70
1270 70
1271 13
1272 6
1273 48
1274 63
1275 34
1276 72
1277 16
1278 4
1279 4
1280 22
1281 68
1282 62
1283 60
1284 11
1285 75
1286 10
1287 81
1288 80
1289 4
1290 49
1291 22
1292 41
1293 40
1294 64
1295 27
1296 5
1297 69
1298 83
1299 10
1300 40
1301 62
1302 14
1303 63
1304 37
1305 70
1306 41
1307 40
1308 60
1309 6
1310 80
1311 57
1312 70
1313 80
1314 70
1315 4
1316 23
1317 14
1318 63
1319 84
1320 26
1321 46
1322 70
1323 19
1324 51
1325 63
1326 14
1327 7
1328 46
1329 51
1330 15
1331 30
1332 15
1333 66
1334 15
1335 21
1336 34
1337 37
1338 12
1339 70
1340 82
1341 41
1342 70
1343 67
1344 41
1345 13
1346 81
1347 3
1348 5
1349 28
1350 22
1351 8
1352 37
1353 42
1354 82
1355 66
1356 7
1357 30
1358 41
1359 7
1360 34
1361 14
1362 67
1363 32
1364 9
1365 77
1366 60
1367 13
1368 67
1369 19
1370 81
1371 42
1372 22
1373 63
1374 62
1375 23
1376 43
1377 22
1378 82
1379 6
1380 62
1381 15
1382 69
1383 28
1384 21
1385 55
1386 51
1387 28
1388 35
1389 55
1390 69
1391 63
1392 41
1393 80
1394 37
1395 81
1396 23
1397 42
1398 83
1399 33
1400 75
1401 69
1402 10
1403 48
1404 22
1405 70
1406 68
1407 30
1408 3
1409 49
1410 69
1411 64
1412 34
1413 72
1414 11
1415 49
1416 14
1417 49
1418 49
1419 19
1420 51
1421 37
1422 72
1423 10
1424 80
1425 23
1426 66
1427 28
1428 8
1429 13
1430 56
1431 63
1432 80
1433 12
1434 40
1435 48
1436 69
1437 84
1438 22
1439 6
1440 49
1441 9
1442 4
1443 30
1444 30
1445 60
1446 35
1447 70
1448 72
1449 35
1450 77
1451 84
1452 41
1453 1
1454 71
1455 48
1456 43
1457 28
1458 19
1459 25
1460 21
1461 70
1462 41
1463 46
1464 60
1465 69
1466 67
1467 35
1468 17
1469 63
1470 30
1471 57
1472 17
1473 19
1474 10
1475 42
1476 49
1477 14
1478 19
1479 51
1480 52
1481 21
1482 69
1483 64
1484 60
1485 7
1486 67
1487 30
1488 49
1489 40
1490 72
1491 55
1492 30
1493 11
1494 48
1495 83
1496 68
1497 56
1498 78
1499 1
1500 27
1501 10
1502 63
1503 62
1504 28
1505 56
1506 1
1507 27
1508 41
1509 62
1510 70
1511 82
1512 56
1513 66
1514 68
1515 8
1516 6
1517 17
1518 33
1519 17
1520 80
1521 33
1522 70
1523 69
1524 14
1525 14
1526 12
1527 37
1528 60
1529 60
1530 1
1531 12
1532 28
1533 51
1534 63
1535 78
1536 40
1537 28
1538 6
1539 27
1540 83
1541 21
1542 15
1543 4
1544 80
1545 64
1546 25
1547 72
1548 14
1549 7
1550 68
1551 41
1552 78
1553 82
1554 67
1555 41
1556 4
1557 37
1558 69
1559 70
1560 60
1561 71
1562 72
1563 7
1564 12
1565 28
1566 68
1567 46
1568 28
1569 48
1570 15
1571 70
1572 57
1573 40
1574 11
1575 9
1576 22
1577 49
1578 60
1579 30
1580 77
1581 64
1582 21
1583 6
1584 72
1585 15
1586 84
1587 68
1588 7
1589 25
1590 60
1591 80
1592 68
1593 67
1594 64
1595 19
1596 27
1597 30
1598 22
1599 33
1600 48
1601 60
1602 60
1603 68
1604 10
1605 34
1606 22
1607 56
1608 60
1609 34
1610 42
1611 80
1612 42
1613 11
1614 48
1615 21
1616 37
1617 7
1618 41
1619 27
1620 82
1621 65
1622 27
1623 56
1624 4
1625 4
1626 22
1627 68
1628 51
1629 52
1630 15
1631 48
1632 41
1633 70
1634 56
1635 41
1636 65
1637 80
1638 1
1639 29
1640 65
1641 64
1642 42
1643 41
1644 56
1645 82
1646 28
1647 19
1648 65
1649 22
1650 70
1651 64
1652 29
1653 56
1654 56
1655 84
1656 55
1657 41
1658 22
1659 22
1660 37
1661 34
1662 34
1663 22
1664 14
1665 49
1666 70
1667 57
1668 80
1669 29
1670 21
1671 43
1672 80
1673 60
1674 52
1675 34
1676 15
1677 3
1678 29
1679 68
1680 56
1681 3
1682 51
1683 78
1684 27
1685 69
1686 84
1687 48
1688 56
1689 29
1690 75
1691 12
1692 62
1693 12
1694 46
1695 37
1696 43
1697 12
1698 51
1699 51
1700 42
1701 69
1702 10
1703 4
1704 51
1705 15
1706 71
1707 4
1708 42
1709 77
1710 40
1711 84
1712 34
1713 65
1714 34
1715 5
1716 19
1717 4
1718 64
1719 83
1720 65
1721 14
1722 65
1723 1
1724 72
1725 11
1726 25
1727 62
1728 75
1729 29
1730 48
1731 4
1732 57
1733 1
1734 64
1735 83
1736 14
1737 41
1738 41
1739 19
1740 68
1741 49
1742 63
1743 34
1744 4
1745 37
1746 78
1747 11
1748 68
1749 34
1750 6
1751 56
1752 14
1753 22
1754 64
1755 80
1756 49
1757 60
1758 15
1759 83
1760 71
1761 34
1762 57
1763 68
1764 63
1765 15
1766 72
1767 75
1768 69
1769 3
1770 30
1771 22
1772 62
1773 33
1774 11
1775 42
1776 5
1777 69
1778 52
1779 29
1780 60
1781 37
1782 57
1783 6
1784 49
1785 27
1786 12
1787 69
1788 52
1789 30
1790 68
1791 80
1792 69
1793 28
1794 67
1795 4
1796 56
1797 40
1798 29
1799 25
1800 37
1801 68
1802 80
1803 4
1804 55
1805 56
1806 13
1807 56
1808 9
1809 34
1810 4
1811 82
1812 41
1813 56
1814 52
1815 23
1816 30
1817 65
1818 56
1819 27
1820 41
1821 63
1822 23
1823 33
1824 57
1825 23
1826 56
1827 22
1828 27
1829 15
1830 64
1831 80
1832 64
1833 13
1834 30
1835 63
1836 34
1837 83
1838 1
1839 80
1840 25
1841 10
1842 67
1843 43
1844 11
1845 60
1846 11
1847 56
1848 19
1849 49
1850 49
1851 72
1852 41
1853 57
1854 10
1855 23
1856 57
1857 1
1858 40
1859 3
1860 67
1861 10
1862 83
1863 23
1864 63
1865 68
1866 12
1867 41
1868 69
1869 60
1870 23
1871 41
1872 4
1873 15
1874 66
1875 23
1876 25
1877 19
1878 77
1879 30
1880 40
1881 48
1882 40
1883 80
1884 40
1885 48
1886 48
1887 51
1888 65
1889 69
1890 52
1891 43
1892 19
1893 62
1894 49
1895 4
1896 5
1897 41
1898 63
1899 34
1900 66
1901 14
1902 41
1903 7
1904 9
1905 71
1906 51
1907 51
1908 28
1909 72
1910 37
1911 37
1912 62
1913 84
1914 68
1915 11
1916 19
1917 12
1918 5
1919 6
1920 70
1921 40
1922 15
1923 40
1924 60
1925 77
1926 68
1927 11
1928 66
1929 42
1930 11
1931 65
1932 41
1933 34
1934 28
1935 52
1936 28
1937 4
1938 68
1939 11
1940 15
1941 14
1942 41
1943 12
1944 77
1945 63
1946 67
1947 43
1948 10
1949 80
1950 70
1951 52
1952 4
1953 6
1954 63
1955 56
1956 83
1957 49
1958 34
1959 14
1960 65
1961 60
1962 69
1963 65
1964 67
1965 82
1966 25
1967 63
1968 71
1969 69
1970 6
1971 56
1972 9
1973 33
1974 15
1975 19
1976 71
1977 30
1978 6
1979 52
1980 12
1981 13
1982 64
1983 5
1984 48
1985 22
1986 1
1987 67
1988 63
1989 19
1990 6
1991 66
1992 22
1993 10
1994 3
1995 33
1996 4
1997 60
1998 57
1999 60
2000 33
2001 56
2002 70
2003 80
2004 15
2005 6
2006 80
2007 19
2008 60
2009 84
2010 19
2011 5
2012 28
2013 41
2014 34
2015 10
2016 52
2017 4
2018 19
2019 33
2020 57
2021 13
2022 84
2023 71
2024 11
2025 22
2026 11
2027 66
2028 68
2029 60
2030 13
2031 12
2032 84
2033 28
2034 48
2035 70
2036 14
2037 80
2038 28
2039 4
2040 65
2041 84
2042 12
2043 68
2044 63
2045 5
2046 11
2047 42
2048 6
2049 75
2050 71
2051 52
2052 52
2053 42
2054 77
2055 19
2056 34
2057 43
2058 75
2059 15
2060 77
2061 72
2062 9
2063 28
2064 7
2065 33
2066 12
2067 12
2068 30
2069 48
2070 19
2071 12
2072 19
2073 30
2074 34
2075 71
2076 33
2077 69
2078 77
2079 34
2080 6
2081 63
2082 82
2083 70
2084 70
2085 7
2086 43
2087 41
2088 6
2089 80
2090 68
2091 64
2092 34
2093 62
2094 63
2095 9
2096 37
2097 33
2098 4
2099 70
2100 10
2101 1
2102 4
2103 77
2104 5
2105 11
2106 5
2107 15
2108 12
2109 68
2110 34
2111 5
2112 1
2113 75
2114 25
2115 75
2116 64
2117 62
2118 25
2119 14
2120 77
2121 23
2122 56
2123 75
2124 70
2125 33
2126 57
2127 1
2128 30
2129 10
2130 11
2131 49
2132 65
2133 23
2134 41
2135 9
2136 19
2137 84
2138 19
2139 57
2140 69
2141 77
2142 6
2143 80
2144 12
2145 80
2146 5
2147 25
2148 22
2149 67
2150 57
2151 65
2152 82
2153 63
2154 14
2155 25
2156 64
2157 82
2158 41
2159 7
2160 80
2161 82
2162 4
2163 9
2164 4
2165 71
2166 48
2167 84
2168 84
2169 28
2170 51
2171 84
2172 72
2173 60
2174 60
2175 65
2176 84
2177 34
2178 68
2179 34
2180 4
2181 30
2182 62
2183 75
2184 68
2185 15
2186 66
2187 19
2188 82
2189 3
2190 64
2191 14
2192 34
2193 15
2194 43
2195 25
2196 49
2197 66
2198 80
2199 10
2200 80
2201 3
2202 33
2203 52
2204 1
2205 6
2206 66
2207 5
2208 48
2209 15
2210 30
2211 19
2212 64
2213 12
2214 25
2215 43
2216 12
2217 68
2218 12
2219 37
2220 5
2221 82
2222 37
2223 15
2224 13
2225 71
2226 64
2227 70
2228 19
2229 80
2230 80
2231 72
2232 69
2233 56
2234 67
2235 42
2236 84
2237 70
2238 63
2239 60
2240 7
2241 7
2242 41
2243 69
2244 72
2245 69
2246 69
2247 13
2248 25
2249 33
2250 41
2251 6
2252 15
2253 68
2254 10
2255 42
2256 10
2257 65
2258 5
2259 80
2260 3
2261 77
2262 67
2263 3
2264 60
2265 84
2266 4
2267 34
2268 19
2269 11
2270 25
2271 34
2272 80
2273 72
2274 19
2275 67
2276 82
2277 19
2278 5
2279 42
2280 64
2281 68
2282 15
2283 9
2284 68
2285 9
2286 63
2287 64
2288 9
2289 60
2290 43
2291 64
2292 48
2293 41
2294 65
2295 41
2296 11
2297 48
2298 22
2299 71
2300 68
2301 34
2302 63
2303 4
2304 68
2305 33
2306 15
2307 56
2308 43
2309 19
2310 4
2311 67
2312 37
2313 6
2314 68
2315 77
2316 12
2317 71
2318 80
2319 9
2320 64
2321 64
2322 9
2323 6
2324 68
2325 33
2326 69
2327 77
2328 71
2329 14
2330 80
2331 60
2332 5
2333 12
2334 64
2335 5
2336 77
2337 52
2338 28
2339 56
2340 4
2341 69
2342 41
2343 52
2344 37
2345 11
2346 41
2347 84
2348 71
2349 34
2350 63
2351 64
2352 15
2353 66
2354 77
2355 1
2356 12
2357 37
2358 82
2359 30
2360 64
2361 11
2362 70
2363 70
2364 41
2365 41
2366 48
2367 67
2368 33
2369 12
2370 9
2371 60
2372 69
2373 6
2374 22
2375 70
2376 42
2377 48
2378 19
2379 43
2380 19
2381 82
2382 41
2383 22
2384 43
2385 41
2386 22
2387 49
2388 41
2389 68
2390 15
2391 42
2392 60
2393 41
2394 52
2395 64
2396 66
2397 41
2398 28
2399 69
2400 70
2401 22
2402 4
2403 42
2404 41
2405 63
2406 12
2407 84
2408 12
2409 34
2410 19
2411 19
2412 28
2413 22
2414 19
2415 19
2416 42
2417 63
2418 64
2419 80
2420 25
2421 80
2422 56
2423 63
2424 41
2425 25
2426 64
2427 42
2428 66
2429 22
2430 60
2431 80
2432 28
2433 62
2434 12
2435 11
2436 60
2437 84
2438 5
2439 52
2440 64
2441 62
2442 82
2443 71
2444 42
2445 48
2446 1
2447 49
2448 69
2449 62
2450 25
2451 64
2452 68
2453 52
2454 68
2455 71
2456 43
2457 19
2458 52
2459 19
2460 12
2461 48
2462 30
2463 82
2464 42
2465 60
2466 11
2467 70
2468 4
2469 80
2470 9
2471 71
2472 65
2473 42
2474 12
2475 41
2476 62
2477 60
2478 22
2479 1
2480 3
2481 5
2482 84
2483 64
2484 4
2485 52
2486 3
2487 65
2488 15
2489 34
2490 9
2491 60
2492 80
2493 63
2494 77
2495 62
2496 5
2497 3
2498 65
2499 70
2500 49
2501 37
2502 3
2503 52
2504 11
2505 6
2506 80
2507 30
2508 60
2509 41
2510 3
2511 22
2512 71
2513 70
2514 6
2515 71
2516 68
2517 34
2518 12
2519 28
2520 70
2521 49
2522 28
2523 41
2524 22
2525 56
2526 49
2527 49
2528 33
2529 5
2530 49
2531 49
2532 80
2533 56
2534 42
2535 49
2536 56
2537 42
2538 71
2539 15
2540 60
2541 68
2542 52
2543 5
2544 12
2545 41
2546 80
2547 42
2548 70
2549 65
2550 71
2551 70
2552 69
2553 37
2554 15
2555 60
2556 48
2557 71
2558 60
2559 52
2560 33
2561 60
2562 19
2563 69
2564 30
2565 56
2566 70
2567 42
2568 37
2569 22
2570 25
2571 30
2572 80
2573 60
2574 4
2575 68
2576 69
2577 41
2578 65
2579 64
2580 64
2581 63
2582 68
2583 70
2584 69
2585 56
2586 63
2587 60
2588 9
2589 4
2590 34
2591 71
2592 12
2593 77
2594 56
2595 30
2596 56
2597 25
2598 64
2599 69
2600 49
2601 69
2602 65
2603 48
2604 1
2605 4
2606 19
2607 56
2608 28
2609 41
2610 49
2611 65
2612 68
2613 80
2614 22
2615 4
2616 28
2617 71
2618 64
2619 48
2620 42
2621 5
2622 34
2623 1
2624 1
2625 30
2626 41
2627 52
2628 3
2629 69
2630 9
2631 30
2632 25
2633 64
2634 28
2635 19
2636 19
2637 63
2638 77
2639 52
2640 41
2641 4
2642 3
2643 80
2644 49
2645 15
2646 4
2647 4
2648 77
2649 5
2650 9
2651 49
2652 4
2653 34
2654 70
2655 37
2656 3
2657 12
2658 60
2659 5
2660 65
2661 30
2662 11
2663 63
2664 15
2665 80
2666 28
2667 4
2668 70
2669 9
2670 80
2671 6
2672 56
2673 56
2674 49
2675 56
2676 65
2677 11
2678 48
2679 19
2680 19
2681 77
2682 12
2683 34
2684 65
2685 19
2686 42
2687 42
2688 41
2689 28
2690 42
2691 41
2692 63
2693 60
2694 80
2695 49
2696 11
2697 25
2698 37
2699 15
2700 77
2701 25
2702 70
2703 64
2704 63
2705 77
2706 71
2707 19
2708 48
2709 37
2710 60
2711 34
2712 42
2713 33
2714 41
2715 25
2716 9
2717 22
2718 11
2719 28
2720 19
2721 70
2722 80
2723 65
2724 9
2725 28
2726 25
2727 19
2728 49
2729 19
2730 30
2731 3
2732 70
2733 34
2734 33
2735 80
2736 19
2737 60
2738 52
2739 4
2740 69
2741 33
2742 65
2743 42
2744 1
2745 69
2746 22
2747 1
2748 69
2749 60
2750 64
2751 19
2752 41
2753 60
2754 80
2755 49
2756 3
2757 71
2758 28
2759 70
2760 22
2761 68
2762 70
2763 34
2764 9
2765 30
2766 15
2767 64
2768 4
2769 37
2770 12
2771 64
2772 80
2773 34
2774 48
2775 80
2776 30
2777 80
2778 22
2779 60
2780 60
2781 56
2782 60
2783 4
2784 64
2785 37
2786 37
2787 41
2788 34
2789 69
2790 68
2791 4
2792 30
2793 80
2794 19
2795 60
2796 19
2797 63
2798 71
2799 41
2800 15
2801 41
2802 70
2803 4
2804 60
2805 60
2806 12
2807 64
2808 34
2809 64
2810 69
2811 65
2812 80
2813 11
2814 19
2815 52
2816 56
2817 56
2818 65
2819 70
2820 56
2821 4
2822 15
2823 4
2824 64
2825 37
2826 80
2827 49
2828 12
2829 42
2830 4
2831 4
2832 56
2833 52
2834 22
2835 34
2836 56
2837 30
2838 56
2839 64
2840 56
2841 37
2842 33
2843 15
2844 49
2845 30
2846 64
2847 37
2848 70
2849 56
2850 19
2851 69
2852 34
2853 69
2854 15
2855 28
2856 4
2857 68
2858 80
2859 37
2860 60
2861 30
2862 63
2863 19
2864 64
2865 19
2866 15
2867 63
2868 19
2869 22
2870 65
2871 71
2872 41
2873 69
2874 34
2875 15
2876 49
2877 48
2878 64
2879 56
2880 4
2881 56
2882 22
2883 68
2884 68
2885 42
2886 4
2887 15
2888 42
2889 69
2890 60
2891 63
2892 70
2893 22
2894 64
2895 63
2896 42
2897 34
2898 70
2899 64
2900 19
2901 48
2902 41
2903 28
2904 49
2905 42
2906 34
2907 64
2908 70
2909 49
2910 22
2911 30
2912 60
2913 34
2914 65
2915 68
2916 4
2917 34
2918 19
2919 80
2920 65
2921 70
2922 64
2923 30
2924 41
2925 65
2926 30
2927 15
2928 34
2929 80
2930 63
2931 41
2932 80
2933 80
2934 63
2935 80
2936 49
2937 22
2938 22
2939 56
2940 68
2941 15
2942 19
2943 64
2944 15
2945 22
2946 19
2947 34
2948 80
2949 34
2950 65
2951 48
2952 12
2953 71
2954 56
2955 71
2956 65
2957 60
2958 41
2959 12
2960 37
2961 64
2962 69
2963 52
2964 42
2965 41
2966 41
2967 42
2968 37
2969 49
2970 80
2971 42
2972 68
2973 22
2974 41
2975 41
2976 70
2977 34
2978 4
2979 30
2980 4
2981 52
2982 48
2983 19
2984 69
2985 69
2986 64
2987 52
2988 4
2989 30
2990 68
2991 15
2992 48
2993 64
2994 65
2995 65
2996 52
2997 65
2998 19
2999 4
