5 47 49 56 59 67 94 123 134 146 165 231 236 250 256 259 263 299 322 327 355 356 366 393 396 401 407 412 417 467 476 485 508 518 531 538 545 593 600 649 661 663 672 673 735 759 785 818 822 828 862 887 888 896 897 915 925 962 974 990 992 996
0 26 38 48 58 106 158 222 319 335 353 370 378 384 387 430 440 516 526 558 579 610 622 634 654 665 675 751 757 787 809 850 911 986
11 17 64 80 188 201 206 269 309 312 346 364 377 423 426 472 499 501 540 571 591 596 605 660 671 718 754 767 797 832 837 842 845 854 895 960 980 981
46 89 99 166 182 197 203 271 391 414 432 500 534 583 650 651 704 732 766 948 955
6 22 28 42 44 52 71 75 82 83 85 92 103 107 115 125 131 147 153 184 190 196 225 226 243 258 279 287 288 290 313 320 324 345 428 435 448 457 470 479 496 542 546 560 567 590 603 619 633 642 643 655 657 674 682 685 686 699 707 726 736 742 750 756 763 778 793 812 827 849 866 926 936 938 946 956 957 969 971 991 998
4 14 15 24 29 34 61 62 81 93 96 98 110 139 140 150 156 170 172 181 194 195 205 207 208 275 295 367 392 399 410 411 418 439 449 450 465 487 497 505 512 517 548 549 578 606 608 612 615 624 625 627 647 648 659 679 684 690 702 712 723 728 743 764 773 774 776 779 781 782 813 825 831 833 840 843 847 860 872 901 906 913 922 928 929 945 951 964 979 994
1 2 23 25 27 30 32 50 54 72 76 79 84 86 90 95 100 104 108 175 191 216 238 274 298 307 338 371 379 380 397 398 400 425 433 441 447 460 483 488 489 498 510 514 515 520 536 547 551 580 623 626 670 678 681 693 701 705 714 720 729 733 740 769 790 805 811 817 819 835 877 878 879 902 903 905 907 917 923 935 941 942 949 967 978 989 997 999
57 164 174 223 265 289 304 409 482 637 641 749 829 838 884
141 148 168 239 268 294 306 336 416 420 421 424 463 471 474 511 594 595 730 737 768 786 798 804 807 861 908
41 186 358 365 492 541 557 572 652 653 676 722 739 821 823
10 39 124 135 155 217 230 237 245 246 286 293 318 323 328 359 362 389 438 446 528 532 544 554 563 570 575 585 601 604 710 731 745 746 755 808 826 855 883 889 890 904 918 927 931 933 966 983 984
12 36 45 51 53 73 121 160 167 178 187 189 199 211 214 218 221 248 253 257 262 264 272 278 285 291 292 297 300 315 330 332 339 343 344 347 352 360 388 402 443 444 452 461 475 491 495 503 525 527 529 568 577 597 611 614 621 628 630 639 680 687 694 716 721 724 752 765 772 800 802 814 816 830 836 846 851 853 863 891 892 910 950 952 970 972 988 995
31 105 118 120 137 244 342 357 437 490 564 566 667 719 789
9 21 33 60 70 74 78 88 91 97 122 144 169 200 209 232 233 234 240 254 281 302 308 316 349 385 403 404 406 419 436 445 453 454 456 458 469 484 507 561 562 565 586 589 602 620 631 640 646 656 668 669 689 692 700 708 709 725 734 741 747 788 794 799 801 806 839 859 868 870 873 875 894 921 924 932 939 944 963 968 973 977 987 993
7 16 18 35 43 55 68 69 77 101 102 126 136 138 143 149 151 163 173 176 183 220 227 241 247 249 251 252 255 284 296 311 317 340 361 372 381 382 386 394 427 434 442 459 477 480 494 506 523 530 533 537 552 569 574 576 582 607 613 618 635 636 645 662 683 691 706 711 738 748 761 762 770 775 803 824 848 852 871 880 885 937 947 953 954 959 965 982
133 142 161 204 219 282 337 348 464 478 493 539 581 677 780 820 874 916
65 66 129 152 162 193 198 202 276 305 341 363 408 422 504 658 688 834 856 864 898
8 19 37 40 63 87 109 111 114 116 117 119 145 157 171 180 185 192 213 228 229 260 261 267 270 301 303 314 321 325 326 333 334 369 374 375 383 390 395 413 415 429 466 468 473 486 509 513 521 522 535 543 550 553 573 587 588 592 598 599 609 617 629 664 666 695 696 698 703 717 727 753 758 783 791 792 796 815 857 858 867 876 886 899 900 920 930 940 958 961 975 976 985
13 112 127 128 130 179 210 212 215 224 235 273 280 283 310 331 350 368 373 405 431 451 455 462 481 502 524 555 556 559 632 638 697 713 715 744 771 784 810 841 844 865 881 882 893 909 914 919 934 943
3 20 113 132 154 159 177 242 266 277 329 351 354 376 519 584 616 644 760 777 795 869 912
