0 2
1 7
2 7
3 20
4 6
5 1
6 5
7 15
8 18
9 14
10 11
11 3
12 12
13 19
14 6
15 6
16 15
17 3
18 15
19 18
20 20
21 14
22 5
23 7
24 6
25 7
26 2
27 7
28 5
29 6
30 7
31 13
32 7
33 14
34 6
35 15
36 12
37 18
38 2
39 11
40 18
41 10
42 5
43 15
44 5
45 12
46 4
47 1
48 2
49 1
50 7
51 12
52 5
53 12
54 7
55 15
56 1
57 8
58 2
59 1
60 14
61 6
62 6
63 18
64 3
65 17
66 17
67 1
68 15
69 15
70 14
71 5
72 7
73 12
74 14
75 5
76 7
77 15
78 14
79 7
80 3
81 6
82 5
83 5
84 7
85 5
86 7
87 18
88 14
89 4
90 7
91 14
92 5
93 6
94 1
95 7
96 6
97 14
98 6
99 4
100 7
101 15
102 15
103 5
104 7
105 13
106 2
107 5
108 7
109 18
110 6
111 18
112 19
113 20
114 18
115 5
116 18
117 18
118 13
119 18
120 13
121 12
122 14
123 1
124 11
125 5
126 15
127 19
128 19
129 17
130 19
131 5
132 20
133 16
134 1
135 11
136 15
137 13
138 15
139 6
140 6
141 9
142 16
143 15
144 14
145 18
146 1
147 5
148 9
149 15
150 6
151 15
152 17
153 5
154 20
155 11
156 6
157 18
158 2
159 20
160 12
161 16
162 17
163 15
164 8
165 1
166 4
167 12
168 9
169 14
170 6
171 18
172 6
173 15
174 8
175 7
176 15
177 20
178 12
179 19
180 18
181 6
182 4
183 15
184 5
185 18
186 10
187 12
188 3
189 12
190 5
191 7
192 18
193 17
194 6
195 6
196 5
197 4
198 17
199 12
200 14
201 3
202 17
203 4
204 16
205 6
206 3
207 6
208 6
209 14
210 19
211 12
212 19
213 18
214 12
215 19
216 7
217 11
218 12
219 16
220 15
221 12
222 2
223 8
224 19
225 5
226 5
227 15
228 18
229 18
230 11
231 1
232 14
233 14
234 14
235 19
236 1
237 11
238 7
239 9
240 14
241 15
242 20
243 5
244 13
245 11
246 11
247 15
248 12
249 15
250 1
251 15
252 15
253 12
254 14
255 15
256 1
257 12
258 5
259 1
260 18
261 18
262 12
263 1
264 12
265 8
266 20
267 18
268 9
269 3
270 18
271 4
272 12
273 19
274 7
275 6
276 17
277 20
278 12
279 5
280 19
281 14
282 16
283 19
284 15
285 12
286 11
287 5
288 5
289 8
290 5
291 12
292 12
293 11
294 9
295 6
296 15
297 12
298 7
299 1
300 12
301 18
302 14
303 18
304 8
305 17
306 9
307 7
308 14
309 3
310 19
311 15
312 3
313 5
314 18
315 12
316 14
317 15
318 11
319 2
320 5
321 18
322 1
323 11
324 5
325 18
326 18
327 1
328 11
329 20
330 12
331 19
332 12
333 18
334 18
335 2
336 9
337 16
338 7
339 12
340 15
341 17
342 13
343 12
344 12
345 5
346 3
347 12
348 16
349 14
350 19
351 20
352 12
353 2
354 20
355 1
356 1
357 13
358 10
359 11
360 12
361 15
362 11
363 17
364 3
365 10
366 1
367 6
368 19
369 18
370 2
371 7
372 15
373 19
374 18
375 18
376 20
377 3
378 2
379 7
380 7
381 15
382 15
383 18
384 2
385 14
386 15
387 2
388 12
389 11
390 18
391 4
392 6
393 1
394 15
395 18
396 1
397 7
398 7
399 6
400 7
401 1
402 12
403 14
404 14
405 19
406 14
407 1
408 17
409 8
410 6
411 6
412 1
413 18
414 4
415 18
416 9
417 1
418 6
419 14
420 9
421 9
422 17
423 3
424 9
425 7
426 3
427 15
428 5
429 18
430 2
431 19
432 4
433 7
434 15
435 5
436 14
437 13
438 11
439 6
440 2
441 7
442 15
443 12
444 12
445 14
446 11
447 7
448 5
449 6
450 6
451 19
452 12
453 14
454 14
455 19
456 14
457 5
458 14
459 15
460 7
461 12
462 19
463 9
464 16
465 6
466 18
467 1
468 18
469 14
470 5
471 9
472 3
473 18
474 9
475 12
476 1
477 15
478 16
479 5
480 15
481 19
482 8
483 7
484 14
485 1
486 18
487 6
488 7
489 7
490 13
491 12
492 10
493 16
494 15
495 12
496 5
497 6
498 7
499 3
500 4
501 3
502 19
503 12
504 17
505 6
506 15
507 14
508 1
509 18
510 7
511 9
512 6
513 18
514 7
515 7
516 2
517 6
518 1
519 20
520 7
521 18
522 18
523 15
524 19
525 12
526 2
527 12
528 11
529 12
530 15
531 1
532 11
533 15
534 4
535 18
536 7
537 15
538 1
539 16
540 3
541 10
542 5
543 18
544 11
545 1
546 5
547 7
548 6
549 6
550 18
551 7
552 15
553 18
554 11
555 19
556 19
557 10
558 2
559 19
560 5
561 14
562 14
563 11
564 13
565 14
566 13
567 5
568 12
569 15
570 11
571 3
572 10
573 18
574 15
575 11
576 15
577 12
578 6
579 2
580 7
581 16
582 15
583 4
584 20
585 11
586 14
587 18
588 18
589 14
590 5
591 3
592 18
593 1
594 9
595 9
596 3
597 12
598 18
599 18
600 1
601 11
602 14
603 5
604 11
605 3
606 6
607 15
608 6
609 18
610 2
611 12
612 6
613 15
614 12
615 6
616 20
617 18
618 15
619 5
620 14
621 12
622 2
623 7
624 6
625 6
626 7
627 6
628 12
629 18
630 12
631 14
632 19
633 5
634 2
635 15
636 15
637 8
638 19
639 12
640 14
641 8
642 5
643 5
644 20
645 15
646 14
647 6
648 6
649 1
650 4
651 4
652 10
653 10
654 2
655 5
656 14
657 5
658 17
659 6
660 3
661 1
662 15
663 1
664 18
665 2
666 18
667 13
668 14
669 14
670 7
671 3
672 1
673 1
674 5
675 2
676 10
677 16
678 7
679 6
680 12
681 7
682 5
683 15
684 6
685 5
686 5
687 12
688 17
689 14
690 6
691 15
692 14
693 7
694 12
695 18
696 18
697 19
698 18
699 5
700 14
701 7
702 6
703 18
704 4
705 7
706 15
707 5
708 14
709 14
710 11
711 15
712 6
713 19
714 7
715 19
716 12
717 18
718 3
719 13
720 7
721 12
722 10
723 6
724 12
725 14
726 5
727 18
728 6
729 7
730 9
731 11
732 4
733 7
734 14
735 1
736 5
737 9
738 15
739 10
740 7
741 14
742 5
743 6
744 19
745 11
746 11
747 14
748 15
749 8
750 5
751 2
752 12
753 18
754 3
755 11
756 5
757 2
758 18
759 1
760 20
761 15
762 15
763 5
764 6
765 12
766 4
767 3
768 9
769 7
770 15
771 19
772 12
773 6
774 6
775 15
776 6
777 20
778 5
779 6
780 16
781 6
782 6
783 18
784 19
785 1
786 9
787 2
788 14
789 13
790 7
791 18
792 18
793 5
794 14
795 20
796 18
797 3
798 9
799 14
800 12
801 14
802 12
803 15
804 9
805 7
806 14
807 9
808 11
809 2
810 19
811 7
812 5
813 6
814 12
815 18
816 12
817 7
818 1
819 7
820 16
821 10
822 1
823 10
824 15
825 6
826 11
827 5
828 1
829 8
830 12
831 6
832 3
833 6
834 17
835 7
836 12
837 3
838 8
839 14
840 6
841 19
842 3
843 6
844 19
845 3
846 12
847 6
848 15
849 5
850 2
851 12
852 15
853 12
854 3
855 11
856 17
857 18
858 18
859 14
860 6
861 9
862 1
863 12
864 17
865 19
866 5
867 18
868 14
869 20
870 14
871 15
872 6
873 14
874 16
875 14
876 18
877 7
878 7
879 7
880 15
881 19
882 19
883 11
884 8
885 15
886 18
887 1
888 1
889 11
890 11
891 12
892 12
893 19
894 14
895 3
896 1
897 1
898 17
899 18
900 18
901 6
902 7
903 7
904 11
905 7
906 6
907 7
908 9
909 19
910 12
911 2
912 20
913 6
914 19
915 1
916 16
917 7
918 11
919 19
920 18
921 14
922 6
923 7
924 14
925 1
926 5
927 11
928 6
929 6
930 18
931 11
932 14
933 11
934 19
935 7
936 5
937 15
938 5
939 14
940 18
941 7
942 7
943 19
944 14
945 6
946 5
947 15
948 4
949 7
950 12
951 6
952 12
953 15
954 15
955 4
956 5
957 5
958 18
959 15
960 3
961 18
962 1
963 14
964 6
965 15
966 11
967 7
968 14
969 5
970 12
971 5
972 12
973 14
974 1
975 18
976 18
977 14
978 7
979 6
980 3
981 3
982 15
983 11
984 11
985 18
986 2
987 14
988 12
989 7
990 1
991 5
992 1
993 14
994 6
995 12
996 1
997 7
998 5
999 7
