0 335
0 863
0 986
1 704
1 978
1 999
2 684
2 879
2 935
3 95
3 777
3 869
4 702
4 951
4 962
5 678
5 974
5 990
6 655
6 740
6 998
7 762
7 937
7 953
8 245
8 588
8 975
9 830
9 875
9 921
10 890
10 978
10 984
11 378
11 842
11 980
12 525
12 853
12 952
13 810
13 909
13 968
14 590
14 774
14 994
15 833
15 922
15 967
16 552
16 915
16 937
17 674
17 837
17 981
18 317
18 954
18 966
19 976
19 985
19 989
20 760
20 912
20 974
21 799
21 868
21 963
22 657
22 827
22 879
23 678
23 908
23 989
24 604
24 659
24 979
25 108
25 936
25 999
26 665
26 986
26 998
27 923
27 941
27 949
28 724
28 957
28 991
29 61
29 816
29 955
30 678
30 903
30 978
31 357
31 553
31 564
32 705
32 875
32 997
33 650
33 987
33 993
34 55
34 979
34 994
35 852
35 937
35 990
36 910
36 934
36 952
37 867
37 958
37 961
38 592
38 665
38 986
39 905
39 983
39 984
40 267
40 395
40 899
41 432
41 492
41 572
42 115
42 946
42 985
43 100
43 683
43 937
44 946
44 957
44 964
45 680
45 930
45 952
46 704
46 948
46 955
47 272
47 962
47 990
48 906
48 974
48 986
49 508
49 510
49 992
50 811
50 871
50 967
51 425
51 816
51 952
52 61
52 969
52 991
53 814
53 863
53 868
54 169
54 817
54 999
55 34
55 311
55 848
56 961
56 962
56 996
57 289
57 794
57 829
58 751
58 976
58 986
59 822
59 976
59 992
60 454
60 854
60 963
61 29
61 52
61 906
62 928
62 948
62 994
63 664
63 877
63 975
64 832
64 862
64 980
65 864
65 898
65 993
66 422
66 550
66 856
67 822
67 925
67 954
68 382
68 871
68 937
69 459
69 858
69 982
70 876
70 973
70 993
71 887
71 969
71 991
72 949
72 989
72 999
73 830
73 898
73 972
74 898
74 977
74 987
75 946
75 957
75 998
76 705
76 978
76 989
77 361
77 931
77 982
78 302
78 927
78 977
79 589
79 989
79 999
80 767
80 916
80 981
81 532
81 776
81 901
82 103
82 811
82 991
83 643
83 705
83 969
84 769
84 971
84 999
85 695
85 763
85 998
86 817
86 910
86 999
87 535
87 717
87 852
88 883
88 973
88 987
89 899
89 948
89 955
90 967
90 976
90 978
91 924
91 944
91 966
92 926
92 941
92 956
93 693
93 951
93 964
94 753
94 974
94 992
95 3
95 903
95 941
96 110
96 951
96 994
97 835
97 987
97 993
98 964
98 979
98 995
99 948
99 955
99 975
100 43
100 917
100 999
101 871
101 916
101 937
102 404
102 770
102 947
103 82
103 926
103 937
104 480
104 935
104 989
105 469
105 719
105 789
106 359
106 809
106 986
107 866
107 957
107 998
108 25
108 917
108 994
109 900
109 962
109 985
110 96
110 633
110 659
111 422
111 598
111 796
112 882
112 899
112 914
113 584
113 777
113 795
114 623
114 958
114 976
115 42
115 448
115 971
116 588
116 792
116 843
117 727
117 787
117 876
118 566
118 789
118 804
119 406
119 958
119 961
120 437
120 505
120 789
121 330
121 755
121 995
122 646
122 859
122 953
123 603
123 974
123 990
124 826
124 859
124 983
125 742
125 945
125 998
126 569
126 824
126 936
127 215
127 882
127 943
128 893
128 909
128 963
129 856
129 898
129 995
130 484
130 882
130 919
131 642
131 679
131 971
132 616
132 820
132 869
133 341
133 874
133 916
134 743
134 887
134 996
135 637
135 931
135 984
136 959
136 965
136 966
137 357
137 490
137 822
138 947
138 959
138 990
139 965
139 979
139 994
140 506
140 773
140 964
141 511
141 737
141 969
142 464
142 820
142 916
143 292
143 953
143 959
144 907
144 963
144 987
145 588
145 976
145 985
146 420
146 974
146 990
147 619
147 947
147 969
148 416
148 737
148 932
149 523
149 982
149 989
150 728
150 922
150 945
151 480
151 959
151 992
152 834
152 864
152 992
153 733
153 938
153 991
154 242
154 795
154 970
155 362
155 918
155 984
156 776
156 785
156 994
157 509
157 744
157 940
158 579
158 928
158 986
159 329
159 616
159 869
160 161
160 972
160 995
161 160
161 478
161 780
162 202
162 688
162 709
163 582
163 796
163 885
164 798
164 829
164 884
165 393
165 942
165 962
166 432
166 948
166 955
167 732
167 814
167 995
168 416
168 762
168 908
169 54
169 924
169 968
170 723
170 782
170 832
171 930
171 969
171 975
172 314
172 979
172 994
173 959
173 982
173 996
174 838
174 884
174 945
175 978
175 995
175 997
176 852
176 923
176 982
177 869
177 912
177 995
178 292
178 800
178 995
179 841
179 909
179 943
180 544
180 886
180 985
181 627
181 954
181 994
182 948
182 955
182 992
183 756
183 775
183 959
184 750
184 852
184 969
185 876
185 920
185 929
186 652
186 722
186 987
187 611
187 969
187 988
188 845
188 971
188 981
189 577
189 772
189 790
190 320
190 680
190 998
191 662
191 678
191 903
192 712
192 930
192 958
193 504
193 864
193 898
194 508
194 979
194 994
195 700
195 945
195 994
196 736
196 949
196 991
197 443
197 948
197 955
198 305
198 742
198 856
199 345
199 863
199 892
200 681
200 806
200 973
201 832
201 929
201 960
202 162
202 898
202 942
203 766
203 904
203 955
204 652
204 780
204 916
205 612
205 775
205 951
206 436
206 837
206 981
207 913
207 954
207 994
208 782
208 831
208 928
209 729
209 968
209 977
210 325
210 771
210 841
211 656
211 765
211 853
212 462
212 574
212 881
213 522
213 583
213 886
214 952
214 980
214 995
215 127
215 715
215 975
216 720
216 791
216 949
217 931
217 966
217 989
218 667
218 716
218 800
219 416
219 874
219 916
220 541
220 880
220 965
221 614
221 970
221 979
222 558
222 657
222 986
223 289
223 739
223 884
224 405
224 914
224 990
225 226
225 542
225 946
226 225
226 921
226 969
227 386
227 597
227 954
228 413
228 912
228 976
229 468
229 900
229 957
230 607
230 927
230 933
231 974
231 981
231 996
232 325
232 963
232 993
233 456
233 952
233 987
234 484
234 708
234 998
235 326
235 934
235 943
236 690
236 990
236 992
237 904
237 976
237 983
238 809
238 989
238 999
239 545
239 786
239 807
240 565
240 963
240 982
241 636
241 837
241 848
242 154
242 777
242 912
243 825
243 866
243 956
244 357
244 614
244 667
245 8
245 889
245 927
246 308
246 933
246 966
247 683
247 814
247 953
248 628
248 937
248 995
249 775
249 965
249 982
250 760
250 962
250 992
251 803
251 876
251 954
252 644
252 852
252 937
253 694
253 950
253 982
254 759
254 921
254 968
255 284
255 870
255 982
256 894
256 974
256 992
257 267
257 970
257 995
258 784
258 946
258 969
259 887
259 992
259 996
260 783
260 870
260 976
261 553
261 703
261 953
262 972
262 988
262 989
263 538
263 980
263 990
264 863
264 889
264 950
265 409
265 520
265 884
266 519
266 795
266 900
267 40
267 257
267 629
268 306
268 511
268 915
269 548
269 980
269 981
270 552
270 666
270 857
271 573
271 948
271 955
272 47
272 687
272 995
273 844
273 943
273 997
274 705
274 928
274 989
275 465
275 517
275 906
276 834
276 873
276 898
277 644
277 912
277 964
278 639
278 653
278 972
279 287
279 946
279 965
280 883
280 934
280 943
281 944
281 977
281 999
282 820
282 874
282 916
282 962
283 881
283 882
283 885
283 914
284 255
284 552
284 885
284 960
285 814
285 892
285 917
285 970
286 323
286 834
286 983
286 984
287 279
287 739
287 803
287 998
288 294
288 633
288 776
288 991
289 57
289 223
289 838
289 985
290 528
290 926
290 936
290 957
291 677
291 836
291 972
291 988
292 143
292 178
292 475
292 995
293 901
293 927
293 933
293 983
294 288
294 798
294 807
294 861
295 847
295 941
295 951
295 979
296 576
296 731
296 954
296 965
297 814
297 818
297 950
297 988
298 693
298 879
298 981
298 999
299 720
299 735
299 887
299 996
300 614
300 799
300 952
300 995
301 627
301 810
301 961
301 985
302 78
302 453
302 657
302 873
303 667
303 867
303 961
303 976
304 749
304 838
304 884
304 983
305 198
305 843
305 864
305 960
306 268
306 798
306 908
306 999
307 790
307 902
307 908
307 928
308 246
308 668
308 801
308 993
309 628
309 960
309 980
309 987
310 865
310 909
310 919
310 920
311 55
311 527
311 954
311 959
312 535
312 555
312 980
312 981
313 318
313 463
313 926
313 956
314 172
314 599
314 958
314 975
315 721
315 836
315 983
315 999
316 714
316 939
316 944
316 963
317 18
317 442
317 825
317 965
318 313
318 889
318 954
318 966
319 658
319 787
319 911
319 986
320 190
320 699
320 987
320 998
321 599
321 858
321 899
321 993
322 785
322 824
322 974
322 996
323 286
323 721
323 904
323 984
324 914
324 971
324 991
324 998
325 210
325 232
325 664
325 985
326 235
326 696
326 717
326 920
327 862
327 988
327 990
327 991
328 461
328 746
328 855
328 966
329 159
329 643
329 795
329 869
330 121
330 339
330 868
330 952
331 779
331 893
331 914
331 934
332 621
332 680
332 954
332 972
333 609
333 916
333 925
333 985
334 634
334 717
334 867
334 940
335 0
335 668
335 757
335 986
336 730
336 861
336 877
336 908
337 856
337 874
337 916
337 990
338 791
338 942
338 978
338 997
339 330
339 343
339 986
339 988
340 569
340 880
340 954
340 994
341 133
341 834
341 864
341 898
342 437
342 490
342 719
342 947
343 339
343 986
343 988
343 995
344 851
344 910
344 942
344 988
345 199
345 926
345 938
345 957
346 630
346 797
346 956
346 980
347 402
347 527
347 577
347 886
348 493
348 874
348 916
348 996
349 709
349 794
349 902
349 987
350 570
350 881
350 934
350 943
351 584
351 760
351 884
351 912
352 836
352 846
352 984
352 995
353 494
353 610
353 911
353 986
354 376
354 795
354 869
354 997
355 897
355 925
355 977
355 990
356 467
356 759
356 888
356 989
357 31
357 137
357 244
357 877
358 522
358 653
358 821
358 823
359 106
359 966
359 983
359 992
360 452
360 872
360 891
360 995
361 77
361 516
361 748
361 762
362 155
362 889
362 972
362 983
363 408
363 628
363 834
363 997
364 472
364 817
364 854
364 981
365 572
365 652
365 823
365 856
366 961
366 974
366 979
366 992
367 523
367 843
367 964
367 979
368 556
368 638
368 721
368 882
369 698
369 857
369 915
369 920
370 440
370 757
370 880
370 986
371 725
371 967
371 978
371 999
372 384
372 885
372 953
372 982
373 882
373 914
373 934
373 973
374 724
374 791
374 792
374 985
375 793
375 858
375 940
375 975
376 354
376 519
376 847
376 941
377 767
377 842
377 944
377 981
378 11
378 634
378 911
378 986
379 740
379 774
379 935
379 999
380 784
380 923
380 935
380 978
381 691
381 803
381 885
381 930
382 68
382 871
382 959
382 996
383 695
383 940
383 947
383 976
384 372
384 726
384 787
384 850
385 485
385 801
385 968
385 987
386 227
386 947
386 954
386 969
387 418
387 430
387 911
387 986
388 461
388 988
388 992
388 995
389 774
389 927
389 931
389 984
390 858
390 879
390 888
390 930
391 732
391 948
391 955
391 981
392 922
392 928
392 931
392 979
393 165
393 866
393 992
393 996
394 582
394 935
394 954
394 965
395 40
395 792
395 902
395 961
396 828
396 938
396 974
396 990
397 806
397 878
397 905
397 997
398 880
398 959
398 989
398 999
399 840
399 897
399 979
399 990
400 720
400 834
400 907
400 997
401 665
401 888
401 990
401 996
402 347
402 817
402 877
402 950
403 456
403 916
403 924
403 932
404 102
404 669
404 708
404 977
405 224
405 841
405 855
405 914
406 119
406 620
406 973
406 977
407 672
407 938
407 990
407 996
408 363
408 660
408 856
408 864
409 265
409 734
409 829
409 884
410 612
410 771
410 774
410 983
411 505
411 928
411 929
411 963
412 915
412 962
412 984
412 996
413 228
413 834
413 857
413 899
414 732
414 910
414 948
414 955
415 727
415 839
415 975
415 985
416 148
416 168
416 219
416 807
417 780
417 953
417 992
417 996
418 387
418 782
418 919
418 945
419 562
419 934
419 939
419 944
420 146
420 474
420 730
420 786
421 463
421 595
421 861
421 862
422 66
422 111
422 856
422 898
423 895
423 952
423 960
423 980
424 594
424 737
424 908
424 968
425 51
425 788
425 967
425 999
426 854
426 980
426 981
426 982
427 635
427 691
427 840
427 982
428 657
428 686
428 825
428 998
429 796
429 873
429 930
429 975
430 387
430 787
430 978
430 986
431 697
431 783
431 844
431 990
432 41
432 166
432 948
432 955
433 835
433 975
433 977
433 989
434 459
434 848
434 939
434 982
435 546
435 922
435 991
435 998
436 206
436 932
436 944
436 993
437 120
437 342
437 789
437 965
438 878
438 883
438 933
438 984
439 524
439 860
439 872
439 928
440 370
440 787
440 841
440 986
441 580
441 867
441 905
441 949
442 317
442 457
442 613
442 959
443 197
443 703
443 970
443 995
444 845
444 891
444 909
444 952
445 689
445 919
445 939
445 968
446 746
446 883
446 949
446 983
447 737
447 811
447 935
447 941
448 115
448 496
448 982
448 991
449 660
449 922
449 963
449 994
450 531
450 901
450 913
450 922
451 715
451 802
451 865
451 909
451 989
452 360
452 920
452 950
452 970
452 988
453 302
453 875
453 963
453 993
453 996
454 60
454 457
454 586
454 897
454 932
455 715
455 882
455 914
455 960
455 977
456 233
456 403
456 603
456 939
456 977
457 442
457 454
457 778
457 956
457 991
458 641
458 741
458 973
458 977
458 982
459 69
459 434
459 683
459 925
459 937
460 907
460 980
460 989
460 993
460 997
461 328
461 388
461 802
461 803
461 950
462 212
462 502
462 599
462 919
462 943
463 313
463 421
463 804
463 861
463 995
464 142
464 677
464 864
464 916
464 970
465 275
465 749
465 813
465 872
465 991
466 751
466 920
466 958
466 985
466 987
467 356
467 937
467 974
467 990
467 992
468 229
468 673
468 876
468 966
468 976
469 105
469 894
469 924
469 977
469 993
470 542
470 840
470 871
470 938
470 998
471 511
471 804
471 807
471 908
471 975
472 364
472 842
472 979
472 980
472 981
473 521
473 522
473 727
473 844
473 985
474 420
474 768
474 861
474 908
474 952
475 292
475 568
475 630
475 869
475 970
476 504
476 508
476 992
476 993
476 996
477 607
477 613
477 681
477 761
477 866
478 161
478 685
478 874
478 916
478 982
479 936
479 966
479 991
479 998
479 999
480 104
480 151
480 537
480 953
480 965
481 649
481 784
481 841
481 914
481 934
482 613
482 616
482 829
482 838
482 884
483 853
483 942
483 967
483 978
483 989
484 130
484 234
484 637
484 870
484 977
485 385
485 735
485 888
485 935
485 974
486 858
486 930
486 961
486 970
486 975
487 497
487 578
487 840
487 945
487 953
488 693
488 694
488 902
488 942
488 989
489 490
489 670
489 734
489 907
489 997
490 137
490 342
490 489
490 515
490 566
491 717
491 863
491 910
491 948
491 970
492 41
492 626
492 676
492 821
492 972
493 348
493 780
493 916
493 942
493 949
494 353
494 662
494 691
494 711
494 880
495 654
495 891
495 932
495 950
495 972
496 448
496 849
496 889
496 895
496 957
497 487
497 647
497 658
497 831
497 843
498 566
498 905
498 949
498 992
498 997
499 797
499 832
499 973
499 980
499 981
500 534
500 583
500 948
500 955
500 994
501 540
501 625
501 895
501 960
501 980
502 462
502 744
502 810
502 857
502 984
503 621
503 659
503 816
503 950
503 988
504 193
504 476
504 656
504 856
504 898
505 120
505 411
505 776
505 928
505 945
506 140
506 662
506 870
506 947
506 948
507 565
507 668
507 669
507 857
507 911
508 49
508 194
508 476
508 663
508 962
509 157
509 867
509 940
509 958
509 986
510 49
510 693
510 849
510 949
510 999
511 141
511 268
511 471
511 804
511 945
512 596
512 624
512 728
512 813
512 951
513 521
513 920
513 971
513 975
513 993
514 903
514 942
514 957
514 989
514 997
515 490
515 903
515 954
515 978
515 997
516 361
516 751
516 787
516 911
516 986
517 275
517 872
517 929
517 979
517 986
518 673
518 967
518 986
518 990
518 996
519 266
519 376
519 683
519 912
519 960
520 265
520 949
520 989
520 990
520 997
521 473
521 513
521 574
521 792
521 976
522 213
522 358
522 473
522 961
522 976
523 149
523 367
523 871
523 947
523 965
524 439
524 556
524 784
524 844
524 943
525 12
525 853
525 863
525 949
525 950
526 620
526 675
526 850
526 911
526 986
527 311
527 347
527 830
527 988
527 995
528 290
528 575
528 808
528 931
528 984
529 724
529 819
529 892
529 924
529 952
530 805
530 848
530 871
530 954
530 965
531 450
531 593
531 759
531 828
531 962
532 81
532 918
532 983
532 984
532 998
533 607
533 770
533 937
533 977
533 982
534 500
534 722
534 766
534 948
534 955
535 87
535 312
535 886
535 940
535 955
536 753
536 790
536 835
536 907
536 989
537 480
537 576
537 738
537 885
537 935
538 263
538 822
538 828
538 990
538 997
539 661
539 780
539 820
539 874
539 930
540 501
540 541
540 635
540 845
540 980
541 220
541 540
541 652
541 676
541 823
542 225
542 470
542 685
542 726
542 881
543 615
543 753
543 758
543 886
543 976
544 180
544 890
544 966
544 983
544 984
545 239
545 649
545 790
545 925
545 996
546 435
546 661
546 707
546 827
546 946
547 705
547 942
547 966
547 988
547 997
548 269
548 723
548 792
548 913
548 929
549 712
549 945
549 964
549 972
549 994
550 66
550 791
550 852
550 961
550 985
551 805
551 893
551 967
551 978
551 980
552 16
552 270
552 284
552 782
552 965
553 31
553 261
553 609
553 961
553 981
554 601
554 604
554 883
554 889
554 908
555 312
555 881
555 882
555 885
555 893
556 368
556 524
556 572
556 893
556 943
557 676
557 739
557 821
557 910
557 938
558 222
558 757
558 809
558 850
558 986
558 995
559 771
559 784
559 844
559 907
559 943
559 971
560 685
560 929
560 938
560 956
560 957
560 991
561 579
561 725
561 921
561 958
561 973
561 977
562 419
562 873
562 894
562 897
562 968
562 973
563 889
563 931
563 966
563 983
563 984
563 987
564 31
564 667
564 719
564 766
564 789
564 975
565 240
565 507
565 924
565 939
565 940
565 983
566 118
566 490
566 498
566 667
566 719
566 844
567 742
567 810
567 871
567 956
567 969
567 991
568 475
568 569
568 621
568 721
568 851
568 958
569 126
569 340
569 568
569 574
569 811
569 947
570 350
570 731
570 883
570 966
570 983
570 984
571 596
571 854
571 960
571 980
571 981
571 997
572 41
572 365
572 556
572 722
572 821
572 881
573 271
573 796
573 876
573 950
573 961
573 976
574 212
574 521
574 569
574 706
574 947
574 982
575 528
575 755
575 918
575 933
575 973
575 983
576 296
576 537
576 852
576 931
576 947
576 980
577 189
577 347
577 716
577 836
577 892
577 989
578 487
578 813
578 818
578 922
578 958
578 964
579 158
579 561
579 654
579 675
579 912
579 986
580 441
580 638
580 902
580 911
580 935
580 997
581 677
581 756
581 820
581 874
581 916
581 934
582 163
582 394
582 670
582 762
582 848
582 932
583 213
583 500
583 651
583 698
583 948
583 955
584 113
584 351
584 777
584 854
584 912
584 965
585 887
585 904
585 931
585 966
585 984
585 986
586 454
586 620
586 656
586 794
586 983
586 993
587 664
587 722
587 815
587 858
587 920
587 926
588 8
588 116
588 145
588 810
588 899
588 978
589 79
589 859
589 870
589 921
589 973
589 987
590 14
590 736
590 936
590 938
590 943
590 998
591 665
591 842
591 845
591 960
591 981
591 996
592 38
592 783
592 858
592 930
592 975
592 976
593 531
593 896
593 962
593 990
593 992
593 997
594 424
594 794
594 798
594 807
594 890
594 908
595 421
595 785
595 786
595 804
595 908
595 935
596 512
596 571
596 668
596 767
596 960
596 981
597 227
597 721
597 891
597 970
597 995
597 999
598 111
598 671
598 753
598 930
598 976
598 985
599 314
599 321
599 462
599 758
599 930
599 961
600 788
600 822
600 897
600 971
600 990
600 992
601 554
601 710
601 773
601 860
601 918
601 984
602 640
602 944
602 972
602 973
602 987
602 998
603 123
603 456
603 686
603 969
603 971
603 998
604 24
604 554
604 890
604 929
604 933
604 966
605 832
605 879
605 960
605 977
605 980
605 981
606 646
606 813
606 818
606 901
606 906
606 964
607 230
607 477
607 533
607 748
607 953
607 965
608 776
608 843
608 906
608 979
608 986
608 998
609 333
609 553
609 748
609 886
609 961
609 976
610 353
610 634
610 675
610 809
610 896
610 967
611 187
611 752
611 910
611 946
611 972
611 973
612 205
612 410
612 648
612 699
612 770
612 929
613 442
613 477
613 482
613 636
613 927
613 959
614 221
614 244
614 300
614 731
614 816
614 988
615 543
615 773
615 828
615 906
615 913
615 945
616 132
616 159
616 482
616 869
616 912
616 981
617 796
617 857
617 934
617 938
617 958
617 985
618 848
618 855
618 908
618 947
618 965
618 982
619 147
619 642
619 793
619 866
619 961
619 971
620 406
620 526
620 586
620 870
620 977
620 987
621 332
621 503
621 568
621 860
621 988
621 995
622 675
622 757
622 809
622 837
622 986
622 988
623 114
623 907
623 935
623 978
623 997
623 998
624 512
624 702
624 761
624 951
624 957
624 994
625 501
625 647
625 945
625 978
625 979
625 994
626 492
626 686
626 902
626 942
626 949
626 997
627 181
627 301
627 831
627 951
627 964
627 991
628 248
628 309
628 363
628 802
628 970
628 988
629 267
629 876
629 900
629 943
629 958
629 982
630 346
630 475
630 922
630 952
630 970
630 988
631 859
631 868
631 932
631 937
631 944
631 968
632 810
632 865
632 921
632 924
632 934
632 943
633 110
633 288
633 938
633 957
633 969
633 998
634 334
634 378
634 610
634 751
634 757
634 764
634 911
635 427
635 540
635 743
635 803
635 885
635 953
635 982
636 241
636 613
636 690
636 775
636 920
636 947
636 953
637 135
637 484
637 641
637 749
637 838
637 884
637 919
638 368
638 580
638 697
638 844
638 881
638 943
638 980
639 278
639 724
639 863
639 931
639 963
639 988
639 995
640 602
640 788
640 904
640 939
640 968
640 993
640 995
641 458
641 637
641 749
641 827
641 829
641 838
641 925
642 131
642 619
642 753
642 849
642 944
642 971
642 998
643 83
643 329
643 867
643 924
643 936
643 938
643 971
644 252
644 277
644 760
644 777
644 869
644 912
644 987
645 688
645 761
645 770
645 954
645 965
645 982
645 998
646 122
646 606
646 905
646 932
646 968
646 977
646 987
647 497
647 625
647 712
647 779
647 833
647 888
647 970
648 612
648 649
648 690
648 764
648 825
648 842
648 901
649 481
649 545
649 648
649 887
649 925
649 962
649 996
650 33
650 651
650 704
650 742
650 766
650 948
650 955
651 583
651 650
651 704
651 741
651 858
651 948
651 955
652 186
652 204
652 365
652 541
652 739
652 821
652 965
653 278
653 358
653 676
653 739
653 821
653 823
653 968
654 495
654 579
654 751
654 850
654 911
654 983
654 986
655 6
655 707
655 745
655 926
655 936
655 971
655 993
656 211
656 504
656 586
656 799
656 839
656 932
656 993
657 22
657 222
657 302
657 428
657 756
657 866
657 946
658 319
658 497
658 688
658 834
658 856
658 864
658 898
659 24
659 110
659 503
659 922
659 928
659 945
659 959
660 408
660 449
660 837
660 842
660 960
660 981
660 997
661 539
661 546
661 818
661 896
661 974
661 992
661 996
662 191
662 494
662 506
662 706
662 752
662 953
662 965
663 508
663 816
663 915
663 974
663 992
663 996
663 997
664 63
664 325
664 587
664 857
664 961
664 970
664 975
665 26
665 38
665 401
665 591
665 809
665 938
665 986
666 270
666 698
666 708
666 920
666 958
666 985
666 988
667 218
667 244
667 303
667 564
667 566
667 719
667 789
668 308
668 335
668 507
668 596
668 921
668 987
668 993
669 404
669 507
669 853
669 870
669 947
669 963
669 973
670 489
670 582
670 811
670 835
670 930
670 978
670 999
671 598
671 837
671 854
671 945
671 960
671 980
671 981
672 407
672 778
672 887
672 888
672 925
672 961
672 962
673 468
673 518
673 870
673 897
673 990
673 992
673 996
674 17
674 736
674 793
674 926
674 927
674 957
674 991
675 526
675 579
675 610
675 622
675 875
675 911
675 984
676 492
676 541
676 557
676 653
676 739
676 829
676 973
677 291
677 464
677 581
677 780
677 820
677 874
677 881
678 5
678 23
678 30
678 191
678 755
678 879
678 989
679 131
679 840
679 847
679 906
679 929
679 951
679 985
680 45
680 190
680 332
680 746
680 950
680 970
680 995
681 200
681 477
681 720
681 729
681 790
681 923
681 978
682 719
682 736
682 917
682 956
682 971
682 991
682 998
683 43
683 247
683 459
683 519
683 826
683 880
683 937
684 2
684 764
684 872
684 906
684 922
684 944
684 994
685 478
685 542
685 560
685 866
685 950
685 956
685 998
686 428
686 603
686 626
686 730
686 936
686 969
686 991
687 272
687 763
687 765
687 836
687 851
687 879
687 972
688 162
688 645
688 658
688 856
688 864
688 898
688 944
689 445
689 714
689 788
689 868
689 875
689 943
689 993
690 236
690 636
690 648
690 843
690 929
690 943
690 951
691 381
691 427
691 494
691 873
691 895
691 954
691 959
692 729
692 801
692 859
692 875
692 968
692 973
692 994
693 93
693 298
693 488
693 510
693 935
693 954
693 997
694 253
694 488
694 772
694 853
694 950
694 959
694 972
695 85
695 383
695 727
695 765
695 858
695 940
695 972
695 985
696 326
696 783
696 836
696 876
696 882
696 930
696 940
696 976
697 431
697 638
697 841
697 893
697 919
697 955
697 961
697 996
698 369
698 583
698 666
698 703
698 850
698 958
698 976
698 985
699 320
699 612
699 920
699 956
699 957
699 969
699 971
699 991
700 195
700 747
700 794
700 921
700 924
700 963
700 986
700 987
701 866
701 877
701 879
701 882
701 923
701 949
701 997
701 999
702 4
702 624
702 732
702 743
702 787
702 928
702 964
702 994
703 261
703 443
703 698
703 823
703 900
703 940
703 961
703 985
704 1
704 46
704 650
704 651
704 732
704 938
704 948
704 955
705 32
705 76
705 83
705 274
705 547
705 917
705 967
705 995
706 574
706 662
706 738
706 937
706 949
706 965
706 982
706 988
707 546
707 655
707 807
707 824
707 827
707 926
707 936
707 983
708 234
708 404
708 666
708 741
708 788
708 932
708 968
708 991
709 162
709 349
709 799
709 812
709 875
709 893
709 987
709 993
710 601
710 883
710 931
710 955
710 966
710 981
710 983
710 984
711 494
711 762
711 775
711 840
711 852
711 953
711 954
711 966
712 192
712 549
712 647
712 751
712 840
712 928
712 929
712 994
713 752
713 810
713 844
713 860
713 865
713 893
713 909
713 914
714 316
714 689
714 769
714 858
714 949
714 967
714 978
714 997
715 215
715 451
715 455
715 716
715 771
715 841
715 893
715 992
716 218
716 577
716 715
716 802
716 841
716 892
716 972
716 995
717 87
717 326
717 334
717 491
717 815
717 874
717 920
717 958
718 801
718 895
718 909
718 960
718 964
718 976
718 980
718 981
719 105
719 342
719 564
719 566
719 667
719 682
719 789
719 927
720 216
720 299
720 400
720 681
720 733
720 942
720 967
720 986
721 315
721 323
721 368
721 568
721 597
721 800
721 816
721 952
722 186
722 534
722 572
722 587
722 725
722 739
722 821
722 823
723 170
723 548
723 831
723 901
723 939
723 963
723 964
723 979
724 28
724 374
724 529
724 639
724 752
724 802
724 899
724 995
725 371
725 561
725 722
725 747
725 839
725 946
725 987
725 993
726 384
726 542
726 736
726 800
726 969
726 971
726 991
726 998
727 117
727 415
727 473
727 695
727 842
727 940
727 985
727 994
728 150
728 512
728 815
728 830
728 831
728 843
728 945
728 979
729 209
729 681
729 692
729 811
729 926
729 989
729 997
729 999
730 336
730 420
730 686
730 737
730 741
730 786
730 861
730 996
731 296
731 570
731 614
731 890
731 904
731 933
731 966
731 983
732 167
732 391
732 414
732 702
732 704
732 766
732 948
732 955
733 153
733 720
733 736
733 811
733 817
733 877
733 989
733 999
734 409
734 489
734 875
734 891
734 894
734 921
734 968
734 987
735 299
735 485
735 745
735 754
735 777
735 785
735 897
735 992
736 196
736 590
736 674
736 682
736 726
736 733
736 882
736 991
737 141
737 148
737 424
737 447
737 730
737 768
737 786
737 804
737 913
738 537
738 706
738 748
738 800
738 824
738 852
738 865
738 871
738 902
739 223
739 287
739 557
739 652
739 653
739 676
739 722
739 747
739 823
740 6
740 379
740 907
740 923
740 967
740 978
740 986
740 989
740 999
741 458
741 651
741 708
741 730
741 926
741 932
741 939
741 987
741 993
742 125
742 198
742 567
742 650
742 766
742 938
742 956
742 991
742 998
743 134
743 635
743 702
743 825
743 831
743 889
743 922
743 979
743 994
744 157
744 502
744 841
744 865
744 881
744 909
744 919
744 934
744 997
745 655
745 735
745 855
745 883
745 889
745 933
745 966
745 983
745 984
746 328
746 446
746 680
746 817
746 933
746 959
746 966
746 983
746 984
747 700
747 725
747 739
747 765
747 788
747 794
747 921
747 973
747 981
748 361
748 607
748 609
748 738
748 862
748 885
748 937
748 953
748 959
749 304
749 465
749 637
749 641
749 796
749 829
749 838
749 874
749 884
750 184
750 866
750 913
750 936
750 946
750 951
750 971
750 973
750 998
751 58
751 466
751 516
751 634
751 654
751 712
751 850
751 882
751 986
752 611
752 662
752 713
752 724
752 853
752 891
752 970
752 972
752 993
753 94
753 536
753 543
753 598
753 642
753 792
753 867
753 930
753 985
754 735
754 797
754 832
754 842
754 869
754 895
754 960
754 980
754 981
755 121
755 575
755 678
755 918
755 927
755 933
755 966
755 984
755 985
756 183
756 581
756 657
756 763
756 849
756 969
756 971
756 991
756 998
757 335
757 370
757 558
757 622
757 634
757 781
757 865
757 986
757 997
758 543
758 599
758 889
758 913
758 940
758 958
758 961
758 970
758 976
759 254
759 356
759 531
759 771
759 878
759 896
759 962
759 990
759 996
760 20
760 250
760 351
760 644
760 770
760 777
760 869
760 912
760 928
761 477
761 624
761 645
761 762
761 849
761 871
761 887
761 959
761 982
762 7
762 168
762 361
762 582
762 711
762 761
762 954
762 982
762 989
763 85
763 687
763 756
763 849
763 875
763 940
763 946
763 957
763 998
764 634
764 648
764 684
764 825
764 860
764 964
764 985
764 990
764 994
765 211
765 687
765 695
765 747
765 830
765 846
765 972
765 986
765 988
766 203
766 534
766 564
766 650
766 732
766 742
766 847
766 948
766 955
767 80
767 377
767 596
767 842
767 863
767 895
767 960
767 974
767 980
768 474
768 737
768 786
768 798
768 861
768 908
768 923
768 988
768 990
769 84
769 714
769 903
769 935
769 941
769 942
769 969
769 977
769 997
770 102
770 533
770 612
770 645
770 760
770 852
770 880
770 954
770 965
771 210
771 410
771 559
771 715
771 759
771 800
771 909
771 914
771 919
772 189
772 694
772 776
772 847
772 851
772 891
772 941
772 950
772 970
772 995
773 140
773 601
773 615
773 843
773 860
773 901
773 929
773 976
773 983
773 994
774 14
774 379
774 389
774 410
774 776
774 781
774 843
774 847
774 916
774 929
775 183
775 205
775 249
775 636
775 711
775 936
775 947
775 953
775 982
775 998
776 81
776 156
776 288
776 505
776 608
776 772
776 774
776 833
776 922
776 991
777 3
777 113
777 242
777 584
777 644
777 735
777 760
777 780
777 912
777 963
778 457
778 672
778 894
778 926
778 941
778 946
778 957
778 969
778 971
778 998
779 331
779 647
779 795
779 813
779 833
779 901
779 906
779 913
779 965
779 994
780 161
780 204
780 417
780 493
780 539
780 677
780 777
780 820
780 916
780 971
781 757
781 774
781 802
781 901
781 906
781 908
781 913
781 928
781 929
781 964
782 170
782 208
782 418
782 552
782 860
782 872
782 948
782 964
782 974
782 979
783 260
783 431
783 592
783 696
783 828
783 920
783 940
783 975
783 976
783 993
784 258
784 380
784 481
784 524
784 559
784 841
784 909
784 933
784 934
784 943
785 156
785 322
785 595
785 735
785 833
785 896
785 962
785 974
785 992
785 996
786 239
786 420
786 595
786 730
786 737
786 768
786 798
786 894
786 942
786 945
787 117
787 319
787 384
787 430
787 440
787 516
787 702
787 795
787 850
787 911
788 425
788 600
788 640
788 689
788 708
788 747
788 806
788 875
788 985
788 993
789 105
789 118
789 120
789 437
789 564
789 667
789 719
789 790
789 811
789 842
790 189
790 307
790 536
790 545
790 681
790 789
790 942
790 949
790 989
790 999
791 216
791 338
791 374
791 550
791 857
791 897
791 899
791 900
791 961
791 975
792 116
792 374
792 395
792 521
792 548
792 753
792 806
792 930
792 936
792 985
793 375
793 619
793 674
793 905
793 926
793 936
793 938
793 956
793 971
793 977
794 57
794 349
794 586
794 594
794 700
794 747
794 806
794 839
794 944
794 974
795 113
795 154
795 266
795 329
795 354
795 779
795 787
795 869
795 912
795 972
796 111
796 163
796 429
796 573
796 617
796 749
796 867
796 886
796 964
796 975
797 346
797 499
797 754
797 837
797 846
797 928
797 951
797 960
797 980
797 981
798 164
798 294
798 306
798 594
798 768
798 786
798 804
798 861
798 988
798 994
799 21
799 300
799 656
799 709
799 806
799 841
799 870
799 957
799 968
799 993
800 178
800 218
800 721
800 726
800 738
800 771
800 846
800 950
800 972
800 995
801 308
801 385
801 692
801 718
801 831
801 932
801 934
801 959
801 963
801 973
802 451
802 461
802 628
802 716
802 724
802 781
802 803
802 816
802 970
802 988
803 251
803 287
803 381
803 461
803 635
803 802
803 937
803 953
803 959
803 982
804 118
804 463
804 471
804 511
804 595
804 737
804 798
804 853
804 908
804 939
805 530
805 551
805 859
805 878
805 879
805 892
805 902
805 917
805 941
805 997
806 200
806 397
806 788
806 792
806 794
806 799
806 921
806 963
806 973
806 991
807 239
807 294
807 416
807 471
807 594
807 707
807 809
807 861
807 908
807 946
808 528
808 826
808 904
808 913
808 918
808 931
808 961
808 963
808 966
808 979
808 983
809 106
809 238
809 558
809 610
809 622
809 665
809 807
809 850
809 911
809 967
809 986
810 13
810 301
810 502
810 567
810 588
810 632
810 713
810 844
810 893
810 934
810 982
811 50
811 82
811 447
811 569
811 670
811 729
811 733
811 789
811 903
811 989
811 999
812 709
812 815
812 827
812 837
812 936
812 946
812 956
812 969
812 971
812 991
812 998
813 465
813 512
813 578
813 606
813 779
813 860
813 931
813 951
813 982
813 994
813 996
814 53
814 167
814 247
814 285
814 297
814 816
814 848
814 851
814 932
814 950
814 995
815 587
815 717
815 728
815 812
815 867
815 886
815 899
815 900
815 973
815 975
815 985
816 29
816 51
816 503
816 614
816 663
816 721
816 802
816 814
816 972
816 978
816 988
817 54
817 86
817 364
817 402
817 733
817 746
817 878
817 941
817 978
817 997
817 999
818 297
818 578
818 606
818 661
818 896
818 897
818 925
818 962
818 974
818 992
818 996
819 529
819 835
819 845
819 877
819 905
819 925
819 941
819 942
819 989
819 997
819 999
820 132
820 142
820 282
820 539
820 581
820 677
820 780
820 874
820 916
820 983
820 989
821 358
821 492
821 557
821 572
821 652
821 653
821 722
821 823
821 848
821 864
821 898
822 59
822 67
822 137
822 538
822 600
822 915
822 920
822 922
822 925
822 990
822 996
823 358
823 365
823 541
823 653
823 703
823 722
823 739
823 821
823 872
823 979
823 997
824 126
824 322
824 707
824 738
824 862
824 937
824 947
824 953
824 954
824 959
824 982
824 989
825 243
825 317
825 428
825 648
825 743
825 764
825 847
825 860
825 945
825 958
825 979
825 994
826 124
826 683
826 808
826 843
826 855
826 889
826 890
826 918
826 927
826 933
826 960
826 983
827 22
827 546
827 641
827 707
827 812
827 926
827 946
827 956
827 962
827 971
827 974
827 991
828 396
828 531
828 538
828 615
828 783
828 829
828 888
828 915
828 925
828 962
828 990
828 994
829 57
829 164
829 409
829 482
829 641
829 676
829 749
829 828
829 838
829 880
829 884
829 943
830 9
830 73
830 527
830 728
830 765
830 831
830 846
830 910
830 952
830 970
830 973
830 995
831 208
831 497
831 627
831 723
831 728
831 743
831 801
831 830
831 871
831 891
831 945
831 979
832 64
832 170
832 201
832 499
832 605
832 754
832 895
832 960
832 978
832 980
832 981
832 993
833 15
833 647
833 776
833 779
833 785
833 839
833 840
833 901
833 905
833 945
833 951
833 994
834 152
834 276
834 286
834 341
834 363
834 400
834 413
834 658
834 839
834 856
834 864
834 898
835 97
835 433
835 536
835 670
835 819
835 874
835 877
835 903
835 923
835 960
835 967
835 989
836 291
836 315
836 352
836 577
836 687
836 696
836 863
836 881
836 892
836 952
836 972
836 974
837 17
837 206
837 241
837 622
837 660
837 671
837 797
837 812
837 845
837 895
837 980
837 981
838 174
838 289
838 304
838 482
838 637
838 641
838 749
838 829
838 884
838 918
838 965
838 988
839 415
839 656
839 725
839 794
839 833
839 834
839 873
839 924
839 959
839 977
839 987
839 993
840 399
840 427
840 470
840 487
840 679
840 711
840 712
840 833
840 847
840 945
840 964
840 994
841 179
841 210
841 405
841 440
841 481
841 697
841 715
841 716
841 744
841 784
841 799
841 934
841 996
842 11
842 377
842 472
842 591
842 648
842 660
842 727
842 754
842 767
842 789
842 846
842 980
842 981
843 116
843 305
843 367
843 497
843 608
843 690
843 728
843 773
843 774
843 826
843 929
843 964
843 979
844 273
844 431
844 473
844 524
844 559
844 566
844 638
844 713
844 810
844 884
844 914
844 943
844 952
845 188
845 444
845 540
845 591
845 819
845 837
845 854
845 895
845 912
845 960
845 980
845 981
845 991
846 352
846 765
846 797
846 800
846 830
846 842
846 851
846 903
846 910
846 933
846 970
846 972
846 988
847 295
847 376
847 679
847 766
847 772
847 774
847 825
847 840
847 849
847 901
847 929
847 964
847 994
848 55
848 241
848 434
848 530
848 582
848 618
848 814
848 821
848 858
848 861
848 947
848 959
848 965
849 496
849 510
849 642
849 756
849 761
849 763
849 847
849 936
849 956
849 957
849 967
849 969
849 991
850 384
850 526
850 558
850 654
850 698
850 751
850 787
850 809
850 903
850 911
850 956
850 981
850 986
851 344
851 568
851 687
851 772
851 814
851 846
851 854
851 871
851 950
851 952
851 971
851 979
851 988
852 35
852 87
852 176
852 184
852 252
852 550
852 576
852 711
852 738
852 770
852 953
852 954
852 965
853 12
853 211
853 483
853 525
853 669
853 694
853 752
853 804
853 863
853 962
853 972
853 988
853 995
854 60
854 364
854 426
854 571
854 584
854 671
854 845
854 851
854 895
854 900
854 960
854 980
854 981
855 328
855 405
855 618
855 745
855 826
855 890
855 904
855 918
855 929
855 931
855 933
855 982
855 984
856 66
856 129
856 198
856 337
856 365
856 408
856 422
856 504
856 658
856 688
856 834
856 875
856 896
857 270
857 369
857 413
857 502
857 507
857 617
857 664
857 791
857 930
857 951
857 976
857 985
857 999
858 69
858 321
858 375
858 390
858 486
858 587
858 592
858 651
858 695
858 714
858 848
858 899
858 985
859 122
859 124
859 589
859 631
859 692
859 805
859 868
859 878
859 894
859 932
859 939
859 963
859 973
859 975
860 439
860 601
860 621
860 713
860 764
860 773
860 782
860 813
860 825
860 922
860 928
860 934
860 945
860 979
861 294
861 336
861 421
861 463
861 474
861 730
861 768
861 798
861 807
861 848
861 867
861 878
861 908
861 925
862 64
862 327
862 421
862 748
862 824
862 887
862 897
862 915
862 925
862 962
862 969
862 990
862 992
862 996
863 0
863 53
863 199
863 264
863 491
863 525
863 639
863 767
863 836
863 853
863 913
863 942
863 963
863 988
864 65
864 152
864 193
864 305
864 341
864 408
864 464
864 658
864 688
864 821
864 834
864 898
864 923
864 947
865 310
865 451
865 632
865 713
865 738
865 744
865 757
865 881
865 909
865 914
865 919
865 928
865 936
865 943
866 107
866 243
866 393
866 477
866 619
866 657
866 685
866 701
866 750
866 936
866 938
866 946
866 969
866 999
867 37
867 303
867 334
867 441
867 509
867 643
867 753
867 796
867 815
867 861
867 868
867 920
867 958
867 975
867 976
868 21
868 53
868 330
868 631
868 689
868 859
868 867
868 873
868 914
868 963
868 968
868 973
868 978
868 987
868 993
869 3
869 132
869 159
869 177
869 329
869 354
869 475
869 616
869 644
869 754
869 760
869 795
869 891
869 912
869 924
870 255
870 260
870 484
870 506
870 589
870 620
870 669
870 673
870 799
870 894
870 944
870 963
870 973
870 987
870 993
871 50
871 68
871 101
871 382
871 470
871 523
871 530
871 567
871 738
871 761
871 831
871 851
871 937
871 953
871 982
872 360
872 439
872 465
872 517
872 684
872 782
872 823
872 880
872 929
872 945
872 964
872 976
872 979
872 992
872 994
873 276
873 302
873 429
873 562
873 691
873 839
873 868
873 917
873 921
873 939
873 963
873 968
873 973
873 993
873 999
874 133
874 219
874 282
874 337
874 348
874 478
874 539
874 581
874 677
874 717
874 749
874 820
874 835
874 910
874 995
875 9
875 32
875 453
875 675
875 689
875 692
875 709
875 734
875 763
875 788
875 856
875 894
875 963
875 977
875 993
876 70
876 117
876 185
876 251
876 468
876 573
876 629
876 696
876 900
876 930
876 951
876 961
876 975
876 984
876 985
877 63
877 336
877 357
877 402
877 701
877 733
877 819
877 835
877 940
877 941
877 942
877 949
877 967
877 997
877 999
878 397
878 438
878 759
878 805
878 817
878 859
878 861
878 879
878 886
878 907
878 923
878 967
878 989
878 997
878 999
879 2
879 22
879 298
879 390
879 605
879 678
879 687
879 701
879 805
879 878
879 917
879 923
879 967
879 978
879 999
880 220
880 340
880 370
880 398
880 494
880 683
880 770
880 829
880 872
880 902
880 947
880 954
880 959
880 965
880 982
881 212
881 283
881 350
881 542
881 555
881 572
881 638
881 677
881 744
881 836
881 865
881 909
881 919
881 934
881 988
882 112
882 127
882 130
882 283
882 368
882 373
882 455
882 555
882 696
882 701
882 736
882 751
882 919
882 933
882 934
883 88
883 280
883 438
883 446
883 554
883 570
883 710
883 745
883 918
883 927
883 931
883 953
883 966
883 983
883 985
884 164
884 174
884 223
884 265
884 304
884 351
884 409
884 482
884 637
884 749
884 829
884 838
884 844
884 886
884 956
885 163
885 283
885 284
885 372
885 381
885 537
885 555
885 635
885 748
885 891
885 937
885 940
885 947
885 952
885 959
885 982
886 180
886 213
886 347
886 535
886 543
886 609
886 796
886 815
886 878
886 884
886 892
886 899
886 940
886 972
886 975
886 985
887 71
887 134
887 259
887 299
887 585
887 649
887 672
887 761
887 862
887 925
887 945
887 974
887 980
887 990
887 992
887 996
888 356
888 390
888 401
888 485
888 647
888 672
888 828
888 891
888 896
888 915
888 958
888 962
888 974
888 990
888 992
888 996
889 245
889 264
889 318
889 362
889 496
889 554
889 563
889 743
889 745
889 758
889 826
889 927
889 931
889 937
889 983
889 984
890 10
890 544
890 594
890 604
890 731
890 826
890 855
890 895
890 927
890 931
890 933
890 945
890 977
890 981
890 983
890 984
891 360
891 444
891 495
891 597
891 734
891 752
891 772
891 831
891 869
891 885
891 888
891 892
891 910
891 950
891 970
891 995
892 199
892 285
892 529
892 577
892 716
892 805
892 836
892 886
892 891
892 895
892 907
892 950
892 952
892 984
892 988
892 995
893 128
893 331
893 551
893 555
893 556
893 697
893 709
893 713
893 715
893 810
893 895
893 914
893 919
893 934
893 947
893 997
894 256
894 469
894 562
894 734
894 778
894 786
894 859
894 870
894 875
894 937
894 939
894 968
894 973
894 987
894 993
894 995
895 423
895 496
895 501
895 691
895 718
895 754
895 767
895 832
895 837
895 845
895 854
895 890
895 892
895 893
895 960
895 980
896 593
896 610
896 661
896 759
896 785
896 818
896 856
896 888
896 897
896 898
896 915
896 933
896 974
896 990
896 991
896 992
896 996
897 355
897 399
897 454
897 562
897 600
897 673
897 735
897 791
897 818
897 862
897 896
897 904
897 915
897 974
897 990
897 992
897 996
898 65
898 73
898 74
898 129
898 193
898 202
898 276
898 341
898 422
898 504
898 658
898 688
898 821
898 834
898 864
898 896
898 991
899 40
899 89
899 112
899 321
899 413
899 588
899 724
899 791
899 815
899 858
899 886
899 920
899 939
899 958
899 971
899 975
899 985
900 109
900 229
900 266
900 629
900 703
900 791
900 815
900 854
900 876
900 901
900 911
900 930
900 940
900 958
900 961
900 975
900 993
901 81
901 293
901 450
901 606
901 648
901 723
901 773
901 779
901 781
901 833
901 847
901 900
901 942
901 951
901 964
901 971
901 995
902 307
902 349
902 395
902 488
902 580
902 626
902 738
902 805
902 880
902 905
902 909
902 917
902 935
902 941
902 949
902 967
902 989
903 30
903 95
903 191
903 514
903 515
903 769
903 811
903 835
903 846
903 850
903 905
903 912
903 941
903 953
903 978
903 990
903 997
904 203
904 237
904 323
904 585
904 640
904 731
904 808
904 855
904 897
904 918
904 927
904 931
904 933
904 961
904 966
904 983
904 986
905 39
905 397
905 441
905 498
905 646
905 793
905 819
905 833
905 902
905 903
905 909
905 917
905 920
905 941
905 942
905 967
905 989
905 999
906 48
906 61
906 275
906 606
906 608
906 615
906 679
906 684
906 779
906 781
906 913
906 918
906 929
906 939
906 943
906 951
906 989
906 994
907 144
907 400
907 460
907 489
907 536
907 559
907 623
907 740
907 878
907 892
907 911
907 914
907 923
907 941
907 949
907 989
907 997
907 999
908 23
908 168
908 306
908 307
908 336
908 424
908 471
908 474
908 554
908 594
908 595
908 618
908 768
908 781
908 804
908 807
908 861
908 951
909 13
909 128
909 179
909 310
909 444
909 451
909 713
909 718
909 744
909 771
909 784
909 865
909 881
909 902
909 905
909 919
909 943
909 949
910 36
910 86
910 344
910 414
910 491
910 557
910 611
910 830
910 846
910 874
910 891
910 929
910 952
910 968
910 970
910 972
910 988
910 995
911 319
911 353
911 378
911 387
911 507
911 516
911 526
911 580
911 634
911 654
911 675
911 787
911 809
911 850
911 900
911 907
911 914
911 986
912 20
912 177
912 228
912 242
912 277
912 351
912 519
912 579
912 584
912 616
912 644
912 760
912 777
912 795
912 845
912 869
912 903
912 914
913 207
913 450
913 548
913 615
913 737
913 750
913 758
913 779
913 781
913 808
913 863
913 906
913 922
913 928
913 929
913 945
913 964
913 979
913 995
914 112
914 224
914 283
914 324
914 331
914 373
914 405
914 455
914 481
914 713
914 771
914 844
914 865
914 868
914 893
914 907
914 911
914 912
914 919
915 16
915 268
915 369
915 412
915 663
915 822
915 828
915 862
915 888
915 896
915 897
915 925
915 933
915 954
915 962
915 969
915 990
915 992
915 996
916 80
916 101
916 133
916 142
916 204
916 219
916 282
916 333
916 337
916 348
916 403
916 464
916 478
916 493
916 581
916 774
916 780
916 820
916 917
917 100
917 108
917 285
917 682
917 705
917 805
917 873
917 879
917 902
917 905
917 916
917 921
917 933
917 935
917 941
917 949
917 978
917 997
917 999
918 155
918 532
918 575
918 601
918 755
918 808
918 826
918 838
918 855
918 883
918 904
918 906
918 927
918 932
918 933
918 964
918 973
918 983
918 984
919 130
919 310
919 418
919 445
919 462
919 637
919 697
919 744
919 771
919 865
919 881
919 882
919 893
919 909
919 914
919 934
919 956
919 978
919 984
920 185
920 310
920 326
920 369
920 452
920 466
920 513
920 587
920 636
920 666
920 699
920 717
920 783
920 822
920 867
920 899
920 905
920 940
920 958
920 975
921 9
921 226
921 254
921 561
921 589
921 632
921 668
921 700
921 734
921 747
921 806
921 873
921 917
921 924
921 932
921 949
921 968
921 977
921 984
921 991
922 15
922 150
922 392
922 435
922 449
922 450
922 578
922 630
922 659
922 684
922 743
922 776
922 822
922 860
922 913
922 926
922 951
922 964
922 978
922 982
923 27
923 176
923 380
923 681
923 701
923 740
923 768
923 835
923 864
923 878
923 879
923 907
923 924
923 935
923 951
923 957
923 967
923 978
923 989
923 999
924 91
924 169
924 403
924 469
924 529
924 565
924 632
924 643
924 700
924 839
924 869
924 921
924 923
924 927
924 932
924 934
924 939
924 944
924 968
924 977
924 993
925 67
925 333
925 355
925 459
925 545
925 641
925 649
925 672
925 818
925 819
925 822
925 828
925 861
925 862
925 887
925 915
925 928
925 974
925 978
925 992
925 996
926 92
926 103
926 290
926 313
926 345
926 587
926 655
926 674
926 707
926 729
926 741
926 778
926 793
926 827
926 922
926 938
926 947
926 957
926 971
926 974
926 991
926 998
927 78
927 230
927 245
927 293
927 389
927 613
927 674
927 719
927 755
927 826
927 883
927 889
927 890
927 904
927 918
927 924
927 930
927 931
927 966
927 983
927 984
927 996
928 62
928 158
928 208
928 274
928 307
928 392
928 411
928 439
928 505
928 659
928 702
928 712
928 760
928 781
928 797
928 860
928 865
928 913
928 925
928 951
928 964
928 994
929 185
929 201
929 411
929 517
929 548
929 560
929 604
929 612
929 679
929 690
929 712
929 773
929 774
929 781
929 843
929 847
929 855
929 872
929 906
929 910
929 913
929 979
929 985
930 45
930 171
930 192
930 381
930 390
930 429
930 486
930 539
930 592
930 598
930 599
930 670
930 696
930 753
930 792
930 857
930 876
930 900
930 927
930 939
930 958
930 975
930 994
931 77
931 135
931 217
931 389
931 392
931 528
931 563
931 576
931 585
931 639
931 710
931 808
931 813
931 855
931 883
931 889
931 890
931 904
931 927
931 932
931 960
931 983
931 984
932 148
932 403
932 436
932 454
932 495
932 582
932 631
932 646
932 656
932 708
932 741
932 801
932 814
932 859
932 918
932 921
932 924
932 931
932 960
932 973
932 977
932 987
932 993
933 230
933 246
933 293
933 438
933 575
933 604
933 731
933 745
933 746
933 755
933 784
933 826
933 846
933 855
933 882
933 890
933 896
933 904
933 915
933 917
933 918
933 938
933 984
934 36
934 235
934 280
934 331
934 350
934 373
934 419
934 481
934 581
934 617
934 632
934 744
934 784
934 801
934 810
934 841
934 860
934 881
934 882
934 893
934 919
934 924
934 943
935 2
935 104
935 379
935 380
935 394
935 447
935 485
935 537
935 580
935 595
935 623
935 693
935 769
935 902
935 917
935 923
935 939
935 941
935 942
935 944
935 949
935 978
935 984
935 997
936 25
936 126
936 290
936 479
936 590
936 643
936 655
936 686
936 707
936 750
936 775
936 792
936 793
936 812
936 849
936 865
936 866
936 938
936 940
936 946
936 969
936 971
936 989
936 998
937 7
937 16
937 35
937 43
937 68
937 101
937 103
937 248
937 252
937 459
937 467
937 533
937 631
937 683
937 706
937 748
937 803
937 824
937 871
937 885
937 889
937 894
937 965
937 998
938 153
938 345
938 396
938 407
938 470
938 557
938 560
938 590
938 617
938 633
938 643
938 665
938 704
938 742
938 793
938 866
938 926
938 933
938 936
938 946
938 956
938 957
938 971
938 991
939 316
939 419
939 434
939 445
939 456
939 565
939 640
939 723
939 741
939 804
939 859
939 873
939 894
939 899
939 906
939 924
939 930
939 935
939 944
939 963
939 973
939 977
939 987
939 993
940 157
940 334
940 375
940 383
940 509
940 535
940 565
940 695
940 696
940 703
940 727
940 758
940 763
940 783
940 877
940 885
940 886
940 900
940 920
940 936
940 961
940 962
940 964
940 975
941 27
941 92
941 95
941 295
941 376
941 447
941 769
941 772
941 778
941 805
941 817
941 819
941 877
941 902
941 903
941 905
941 907
941 917
941 935
941 956
941 964
941 967
941 997
941 999
942 165
942 202
942 338
942 344
942 483
942 488
942 493
942 514
942 547
942 626
942 720
942 769
942 786
942 790
942 819
942 863
942 877
942 901
942 905
942 935
942 967
942 989
942 997
942 999
943 127
943 179
943 235
943 273
943 280
943 350
943 462
943 524
943 556
943 559
943 590
943 629
943 632
943 638
943 689
943 690
943 784
943 829
943 844
943 865
943 906
943 909
943 934
943 944
943 956
944 91
944 281
944 316
944 377
944 419
944 436
944 602
944 631
944 642
944 684
944 688
944 794
944 870
944 924
944 935
944 939
944 943
944 952
944 962
944 963
944 968
944 973
944 977
944 987
944 993
945 125
945 150
945 174
945 195
945 418
945 487
945 505
945 511
945 549
945 615
945 625
945 659
945 671
945 728
945 786
945 825
945 831
945 833
945 840
945 860
945 872
945 887
945 890
945 913
945 947
945 951
946 42
946 44
946 75
946 225
946 258
946 279
946 546
946 611
946 657
946 725
946 750
946 763
946 778
946 807
946 812
946 827
946 866
946 936
946 938
946 948
946 953
946 957
946 965
946 981
946 991
946 998
947 102
947 138
947 147
947 342
947 383
947 386
947 506
947 523
947 569
947 574
947 576
947 618
947 636
947 669
947 775
947 824
947 848
947 864
947 880
947 885
947 893
947 926
947 945
947 953
947 959
947 982
948 46
948 62
948 89
948 99
948 166
948 182
948 197
948 271
948 391
948 414
948 432
948 491
948 500
948 506
948 534
948 583
948 650
948 651
948 704
948 732
948 766
948 782
948 946
948 955
948 957
948 964
949 27
949 72
949 196
949 216
949 441
949 446
949 493
949 498
949 510
949 520
949 525
949 626
949 701
949 706
949 714
949 790
949 877
949 902
949 907
949 909
949 917
949 921
949 935
949 968
949 978
949 997
949 999
950 253
950 264
950 297
950 402
950 452
950 461
950 495
950 503
950 525
950 573
950 680
950 685
950 694
950 772
950 800
950 814
950 851
950 891
950 892
950 953
950 956
950 976
950 982
950 988
950 993
950 994
950 995
951 4
951 93
951 96
951 205
951 295
951 512
951 624
951 627
951 679
951 690
951 750
951 797
951 813
951 833
951 857
951 876
951 901
951 906
951 908
951 922
951 923
951 928
951 945
951 962
951 979
951 994
951 996
952 12
952 36
952 45
952 51
952 214
952 233
952 300
952 330
952 423
952 444
952 474
952 529
952 630
952 721
952 830
952 836
952 844
952 851
952 885
952 892
952 910
952 944
952 956
952 968
952 970
952 972
952 988
953 7
953 122
953 143
953 247
953 261
953 372
953 417
953 480
953 487
953 607
953 635
953 636
953 662
953 711
953 748
953 775
953 803
953 824
953 852
953 871
953 883
953 903
953 946
953 947
953 950
953 954
953 959
954 18
954 67
954 181
954 207
954 227
954 251
954 296
954 311
954 318
954 332
954 340
954 386
954 394
954 515
954 530
954 645
954 691
954 693
954 711
954 762
954 770
954 824
954 852
954 880
954 915
954 953
954 958
954 982
955 29
955 46
955 89
955 99
955 166
955 182
955 197
955 203
955 271
955 391
955 414
955 432
955 500
955 534
955 535
955 583
955 650
955 651
955 697
955 704
955 710
955 732
955 766
955 948
955 958
955 960
955 970
955 998
956 92
956 243
956 313
956 346
956 457
956 560
956 567
956 682
956 685
956 699
956 742
956 793
956 812
956 827
956 849
956 850
956 884
956 919
956 938
956 941
956 943
956 950
956 952
956 957
956 969
956 971
956 991
956 998
957 28
957 44
957 75
957 107
957 229
957 290
957 345
957 496
957 514
957 560
957 624
957 633
957 674
957 699
957 763
957 778
957 799
957 849
957 923
957 926
957 938
957 946
957 948
957 956
957 976
957 983
957 984
957 998
958 37
958 114
958 119
958 192
958 314
958 466
958 509
958 561
958 568
958 578
958 617
958 629
958 666
958 698
958 717
958 758
958 825
958 867
958 888
958 899
958 900
958 920
958 930
958 954
958 955
958 976
958 985
958 994
959 136
959 138
959 143
959 151
959 173
959 183
959 311
959 382
959 398
959 442
959 613
959 659
959 691
959 694
959 746
959 748
959 761
959 801
959 803
959 824
959 839
959 848
959 880
959 885
959 947
959 953
959 976
959 985
960 201
960 284
960 305
960 309
960 423
960 455
960 501
960 519
960 571
960 591
960 596
960 605
960 660
960 671
960 718
960 754
960 767
960 797
960 826
960 832
960 835
960 845
960 854
960 895
960 931
960 932
960 955
960 980
960 981
961 37
961 56
961 119
961 301
961 303
961 366
961 395
961 486
961 522
961 550
961 553
961 573
961 599
961 609
961 619
961 664
961 672
961 697
961 703
961 758
961 791
961 808
961 876
961 900
961 904
961 940
961 967
961 976
961 992
962 4
962 47
962 56
962 109
962 165
962 250
962 282
962 412
962 508
962 531
962 593
962 649
962 672
962 759
962 785
962 818
962 827
962 828
962 853
962 862
962 888
962 915
962 940
962 944
962 951
962 974
962 990
962 992
962 996
963 21
963 60
963 128
963 144
963 232
963 240
963 316
963 411
963 449
963 453
963 639
963 669
963 700
963 723
963 777
963 801
963 806
963 808
963 859
963 863
963 868
963 870
963 873
963 875
963 939
963 944
963 973
963 977
963 987
963 992
964 44
964 93
964 98
964 140
964 277
964 367
964 549
964 578
964 606
964 627
964 702
964 718
964 723
964 764
964 781
964 782
964 796
964 840
964 843
964 847
964 872
964 901
964 913
964 918
964 922
964 928
964 940
964 941
964 948
964 975
965 136
965 139
965 220
965 249
965 279
965 296
965 317
965 394
965 437
965 480
965 523
965 530
965 552
965 584
965 607
965 618
965 645
965 652
965 662
965 706
965 770
965 779
965 838
965 848
965 852
965 880
965 937
965 946
965 967
965 982
966 18
966 91
966 136
966 217
966 246
966 318
966 328
966 359
966 468
966 479
966 544
966 547
966 563
966 570
966 585
966 604
966 710
966 711
966 731
966 745
966 746
966 755
966 808
966 883
966 904
966 927
966 972
966 983
966 984
966 999
967 15
967 50
967 90
967 371
967 425
967 483
967 518
967 551
967 610
967 705
967 714
967 720
967 740
967 809
967 835
967 849
967 877
967 878
967 879
967 902
967 905
967 923
967 941
967 942
967 961
967 965
967 980
967 985
967 997
967 999
968 13
968 169
968 209
968 254
968 385
968 424
968 445
968 562
968 631
968 640
968 646
968 653
968 692
968 708
968 734
968 799
968 868
968 873
968 894
968 910
968 921
968 924
968 944
968 949
968 952
968 977
968 980
968 981
968 987
968 992
968 993
969 52
969 71
969 83
969 141
969 147
969 171
969 184
969 187
969 226
969 258
969 386
969 567
969 603
969 633
969 686
969 699
969 726
969 756
969 769
969 778
969 812
969 849
969 862
969 866
969 915
969 936
969 956
969 972
969 984
969 985
969 998
970 154
970 221
970 257
970 285
970 443
970 452
970 464
970 475
970 486
970 491
970 597
970 628
970 630
970 647
970 664
970 680
970 752
970 758
970 772
970 802
970 830
970 846
970 891
970 910
970 952
970 955
970 972
970 973
970 988
970 993
970 996
971 84
971 115
971 131
971 188
971 324
971 513
971 559
971 600
971 603
971 619
971 642
971 643
971 655
971 682
971 699
971 726
971 750
971 756
971 778
971 780
971 793
971 812
971 827
971 851
971 899
971 901
971 926
971 936
971 938
971 956
971 974
971 998
972 73
972 160
972 262
972 278
972 291
972 332
972 362
972 492
972 495
972 549
972 602
972 611
972 687
972 694
972 695
972 716
972 752
972 765
972 795
972 800
972 816
972 836
972 846
972 853
972 886
972 910
972 952
972 966
972 969
972 970
972 987
972 995
973 70
973 88
973 200
973 373
973 406
973 458
973 499
973 561
973 562
973 575
973 589
973 602
973 611
973 669
973 676
973 692
973 747
973 750
973 801
973 806
973 815
973 830
973 859
973 868
973 870
973 873
973 894
973 918
973 932
973 939
973 944
973 963
973 970
974 5
974 20
974 48
974 94
974 123
974 146
974 231
974 256
974 322
974 366
974 396
974 467
974 485
974 661
974 663
974 767
974 782
974 785
974 794
974 818
974 827
974 836
974 887
974 888
974 896
974 897
974 925
974 926
974 962
974 971
974 987
974 990
974 992
974 996
975 8
975 63
975 99
975 171
975 215
975 314
975 375
975 415
975 429
975 433
975 471
975 486
975 513
975 564
975 592
975 664
975 783
975 791
975 796
975 815
975 859
975 867
975 876
975 886
975 899
975 900
975 920
975 930
975 940
975 964
975 976
975 988
975 990
975 994
975 996
976 19
976 58
976 59
976 90
976 114
976 145
976 228
976 237
976 260
976 303
976 383
976 468
976 521
976 522
976 543
976 573
976 592
976 598
976 609
976 696
976 698
976 718
976 758
976 773
976 783
976 857
976 867
976 872
976 950
976 957
976 958
976 959
976 961
976 975
976 991
977 74
977 78
977 209
977 281
977 355
977 404
977 406
977 433
977 455
977 456
977 458
977 469
977 484
977 533
977 561
977 605
977 620
977 646
977 769
977 793
977 839
977 875
977 890
977 921
977 924
977 932
977 939
977 944
977 963
977 968
977 987
977 990
977 991
977 993
977 994
978 1
978 10
978 30
978 76
978 90
978 175
978 338
978 371
978 380
978 430
978 483
978 515
978 551
978 588
978 623
978 625
978 670
978 681
978 714
978 740
978 816
978 817
978 832
978 868
978 879
978 903
978 917
978 919
978 922
978 923
978 925
978 935
978 949
978 989
978 994
978 997
979 24
979 34
979 98
979 139
979 172
979 194
979 221
979 295
979 366
979 367
979 392
979 399
979 472
979 517
979 608
979 625
979 723
979 728
979 743
979 782
979 808
979 823
979 825
979 831
979 843
979 851
979 860
979 872
979 913
979 929
979 951
979 980
979 987
979 990
979 994
979 995
979 996
980 11
980 64
980 214
980 263
980 269
980 309
980 312
980 346
980 423
980 426
980 460
980 472
980 499
980 501
980 540
980 551
980 571
980 576
980 605
980 638
980 671
980 718
980 754
980 767
980 797
980 832
980 837
980 842
980 845
980 854
980 887
980 895
980 960
980 967
980 968
980 979
980 981
980 999
981 17
981 80
981 188
981 206
981 231
981 269
981 298
981 312
981 364
981 377
981 391
981 426
981 472
981 499
981 553
981 571
981 591
981 596
981 605
981 616
981 660
981 671
981 710
981 718
981 747
981 754
981 797
981 832
981 837
981 842
981 845
981 850
981 854
981 890
981 946
981 960
981 968
981 980
982 69
982 77
982 149
982 173
982 176
982 240
982 249
982 253
982 255
982 372
982 426
982 427
982 434
982 448
982 458
982 478
982 533
982 574
982 618
982 629
982 635
982 645
982 706
982 761
982 762
982 775
982 803
982 810
982 813
982 824
982 855
982 871
982 880
982 885
982 922
982 947
982 950
982 954
982 965
983 39
983 124
983 237
983 286
983 293
983 304
983 315
983 359
983 362
983 410
983 446
983 532
983 544
983 563
983 565
983 570
983 575
983 586
983 654
983 707
983 710
983 731
983 745
983 746
983 773
983 808
983 820
983 826
983 883
983 889
983 890
983 904
983 918
983 927
983 931
983 957
983 966
983 984
983 988
984 10
984 39
984 135
984 155
984 286
984 323
984 352
984 389
984 412
984 438
984 502
984 528
984 532
984 544
984 563
984 570
984 585
984 601
984 675
984 710
984 745
984 746
984 755
984 855
984 876
984 889
984 890
984 892
984 918
984 919
984 921
984 927
984 931
984 933
984 935
984 957
984 966
984 969
984 983
984 999
985 19
985 42
985 109
985 145
985 180
985 289
985 301
985 325
985 333
985 374
985 415
985 466
985 473
985 550
985 598
985 617
985 666
985 679
985 695
985 698
985 703
985 727
985 753
985 755
985 764
985 788
985 792
985 815
985 857
985 858
985 876
985 883
985 886
985 899
985 929
985 958
985 959
985 967
985 969
985 998
986 0
986 26
986 38
986 48
986 58
986 106
986 158
986 222
986 319
986 335
986 339
986 343
986 353
986 370
986 378
986 387
986 430
986 440
986 509
986 516
986 517
986 518
986 526
986 558
986 579
986 585
986 608
986 622
986 654
986 665
986 700
986 720
986 740
986 751
986 757
986 765
986 809
986 850
986 904
986 911
987 33
987 74
987 88
987 97
987 144
987 186
987 233
987 309
987 320
987 349
987 385
987 466
987 563
987 589
987 602
987 620
987 644
987 646
987 668
987 700
987 709
987 725
987 734
987 741
987 839
987 868
987 870
987 894
987 932
987 939
987 944
987 963
987 968
987 972
987 974
987 977
987 979
987 989
987 993
987 997
987 999
988 187
988 262
988 291
988 297
988 327
988 339
988 343
988 344
988 388
988 452
988 503
988 527
988 547
988 614
988 621
988 622
988 628
988 630
988 639
988 666
988 706
988 765
988 768
988 798
988 802
988 816
988 838
988 846
988 851
988 853
988 863
988 881
988 892
988 910
988 950
988 952
988 970
988 975
988 983
988 995
988 998
988 999
989 19
989 23
989 72
989 76
989 79
989 104
989 149
989 217
989 238
989 262
989 274
989 356
989 398
989 433
989 451
989 460
989 483
989 488
989 514
989 520
989 536
989 577
989 678
989 729
989 733
989 740
989 762
989 790
989 811
989 819
989 820
989 824
989 835
989 878
989 902
989 905
989 906
989 907
989 923
989 936
989 942
989 978
989 987
990 5
990 35
990 47
990 123
990 138
990 146
990 224
990 236
990 263
990 327
990 337
990 355
990 396
990 399
990 401
990 407
990 431
990 467
990 518
990 520
990 538
990 593
990 600
990 673
990 759
990 764
990 768
990 822
990 828
990 862
990 887
990 888
990 896
990 897
990 903
990 915
990 962
990 974
990 975
990 977
990 979
990 992
990 996
991 28
991 52
991 71
991 82
991 153
991 196
991 288
991 324
991 327
991 435
991 448
991 457
991 465
991 479
991 560
991 567
991 627
991 674
991 682
991 686
991 699
991 708
991 726
991 736
991 742
991 756
991 776
991 806
991 812
991 827
991 845
991 849
991 896
991 898
991 921
991 926
991 938
991 946
991 956
991 976
991 977
991 998
991 999
992 49
992 59
992 94
992 151
992 152
992 182
992 236
992 250
992 256
992 259
992 359
992 366
992 388
992 393
992 417
992 467
992 476
992 498
992 593
992 600
992 661
992 663
992 673
992 715
992 735
992 785
992 818
992 862
992 872
992 887
992 888
992 896
992 897
992 915
992 925
992 961
992 962
992 963
992 968
992 974
992 990
992 994
992 996
993 33
993 65
993 70
993 97
993 232
993 308
993 321
993 436
993 453
993 460
993 469
993 476
993 513
993 586
993 640
993 655
993 656
993 668
993 689
993 709
993 725
993 741
993 752
993 783
993 788
993 799
993 832
993 839
993 868
993 870
993 873
993 875
993 894
993 900
993 924
993 932
993 939
993 944
993 950
993 968
993 970
993 977
993 987
993 996
994 14
994 34
994 62
994 96
994 108
994 139
994 156
994 172
994 181
994 194
994 195
994 207
994 340
994 449
994 500
994 549
994 624
994 625
994 684
994 692
994 702
994 712
994 727
994 743
994 764
994 773
994 779
994 798
994 813
994 825
994 828
994 833
994 840
994 847
994 872
994 906
994 928
994 930
994 950
994 951
994 958
994 975
994 977
994 978
994 979
994 992
995 98
995 121
995 129
995 160
995 167
995 175
995 177
995 178
995 214
995 248
995 257
995 272
995 292
995 300
995 343
995 352
995 360
995 388
995 443
995 463
995 527
995 558
995 597
995 621
995 639
995 640
995 680
995 705
995 716
995 724
995 772
995 800
995 814
995 830
995 853
995 874
995 891
995 892
995 894
995 901
995 910
995 913
995 950
995 972
995 979
995 988
995 998
996 56
996 134
996 173
996 231
996 259
996 299
996 322
996 348
996 382
996 393
996 401
996 407
996 412
996 417
996 453
996 476
996 518
996 545
996 591
996 649
996 661
996 663
996 673
996 697
996 730
996 759
996 785
996 813
996 818
996 822
996 841
996 862
996 887
996 888
996 896
996 897
996 915
996 925
996 927
996 951
996 962
996 970
996 974
996 975
996 979
996 990
996 992
996 993
997 32
997 175
997 273
997 338
997 354
997 363
997 397
997 400
997 460
997 489
997 498
997 514
997 515
997 520
997 538
997 547
997 571
997 580
997 593
997 623
997 626
997 660
997 663
997 693
997 701
997 714
997 729
997 744
997 757
997 769
997 805
997 817
997 819
997 823
997 877
997 878
997 893
997 903
997 907
997 917
997 935
997 941
997 942
997 949
997 967
997 978
997 987
997 998
998 6
998 26
998 75
998 85
998 107
998 125
998 190
998 234
998 287
998 320
998 324
998 428
998 435
998 470
998 479
998 532
998 590
998 602
998 603
998 608
998 623
998 633
998 642
998 645
998 682
998 685
998 726
998 742
998 750
998 756
998 763
998 775
998 778
998 812
998 926
998 936
998 937
998 946
998 955
998 956
998 957
998 969
998 971
998 985
998 988
998 991
998 995
998 997
998 999
999 1
999 25
999 54
999 72
999 79
999 84
999 86
999 100
999 238
999 281
999 298
999 306
999 315
999 371
999 379
999 398
999 425
999 479
999 510
999 597
999 670
999 701
999 729
999 733
999 740
999 790
999 811
999 817
999 819
999 857
999 866
999 873
999 877
999 878
999 879
999 905
999 907
999 917
999 923
999 941
999 942
999 949
999 966
999 967
999 980
999 984
999 987
999 988
999 991
999 998
