0 215 218
1 0 113
2 193
3 0 1 10 11 12 14 15 16 21 22 23 25 27 28 29 30 33 34 35 36 37 40 42 44 47 48 54 55 59 73 74 77 78 79 86 89 91 92 97 106 107 108 109 110 112 113 114 116 119 120 124 125 127 129 130 133 136 139 143 147 156 157 158 159 160 161 162 163 166 170 173 176 178 181 182 183 184 186 190 191 192 193 197 198 200 203 204 205 206 207 214 215 216 217 218 219 220 221 222 223 224 226 227 228 230 231 234 238 245 246 247 248 249 250 251 252 254 255 257 258 262 264
4 33 121 193
5 190
6 31 100 190
7 96
8 6 11
9 11 34 73 82 124 125
10 89 206
11 8 34 82 124 172 184
12 47 48
13 36 92 101
14 217
16 58
17 18 75 147
18 17 19 75 147
19 20 75 147
20 75 147
23 47 48
24 65
25 171 259
26 32 35
27 47 48
28 29 30 86 238
29 28
30 28
33 47 48
35 49 50 201
36 92 224
39 38
40 40 193
41 40
43 8 226
44 56 57
46 28 29 148 238
47 23 33 49 50 132 195 201
49 35 120 143
51 46 156 157 228 240
52 51 53
53 28 30 39 42 52 87 88 105 106 111 148 149 154 156 162 165 185 244 250 251
56 44 56
57 57
59 235
62 166
63 64 109 112 129
65 37 192 235
66 35 192 235 251
67 67 68
69 33 35 192 193 252
70 15 157
71 106 110 112
75 92 147 229 242
76 36 92 101
77 79
78 79
79 77 78
80 79
81 69 100 107 131 254
82 34 135 194
83 46
84 86 166
85 86
86 28 160 210 211 212 213 214
87 88
88 87
89 180
90 217
92 36 75
93 96
94 93
95 93 96
96 94 95
98 129 143 157
99 157
101 76 104
102 47 48
104 101
105 106
106 105 106
107 81
111 112
112 111
115 116
117 46 118
118 117
120 49 50 201
122 122
123 47 48
126 49 50 201
127 127
128 129
129 49 50 201
131 81
132 47 48
134 101
137 138
138 137
139 45 57 70 92 108 139 147 208 229 259
140 49 50 201
142 66 251
143 49 50 201
145 19 109
146 145
147 72 146 209 219 229
148 150
149 150
151 226
152 152
153 61
154 155
155 154 155
156 156 157
160 86
161 224
162 163
163 162 163
164 15 36 91 161 164 223 224 248
165 166
166 165
167 49 50 201
168 168
169 64 194 203 226 258
172 226
174 60 175 179
177 133 159 171 237 255 259
179 174 175 176 179
182 203
184 81 190
185 186
186 185 186
187 103
188 131 254
189 62
190 63 81 107 127 184 254 257
193 193
194 203
195 196
196 47 48
198 144
199 46
201 129
202 49 50 201
208 208
209 92
211 214
212 86 211 214
213 210 214
214 86 210 211 212 213
215 84
216 106 217
218 14 28 175 217
221 84 85
222 221
224 36 161 248
225 226
226 61 225 226
229 75 92
230 114 231
232 15
233 234
234 47 48 233
236 49 50 201
238 46
239 238
240 241
242 75
243 47 48
244 245
245 244 245
248 36 92 224
250 251
251 250
253 56
254 81
255 75 76 92 141 147 208 219 229 259
256 56 158 183 254
260 250
261 37 106 145
262 193
263 0