0 850
0 870
0 986
1 904
1 917
1 978
2 976
2 989
2 997
3 177
3 556
3 947
4 875
4 913
4 979
5 950
5 962
5 990
6 710
6 991
6 998
7 618
7 945
7 954
8 157
8 457
8 876
9 807
9 968
9 993
10 855
10 966
10 997
11 605
11 734
11 980
12 187
12 891
12 911
13 169
13 841
13 909
14 32
14 648
14 684
15 636
15 906
15 979
16 574
16 681
16 959
17 679
17 950
17 981
18 434
18 691
18 945
19 599
19 695
19 717
20 869
20 912
20 947
21 747
21 973
21 993
22 309
22 726
22 957
23 949
23 967
23 999
24 506
24 825
24 994
25 596
25 893
25 948
26 821
26 943
26 986
27 811
27 942
27 989
28 595
28 937
28 998
29 944
29 979
29 982
30 978
30 989
30 999
31 357
31 719
31 789
32 14
32 948
32 967
33 844
33 932
33 963
34 617
34 831
34 922
35 506
35 824
35 982
36 892
36 951
36 995
37 920
37 961
37 976
38 502
38 757
38 986
39 762
39 927
39 983
40 937
40 956
40 998
41 653
41 821
41 823
42 632
42 938
42 991
43 683
43 934
43 955
44 285
44 926
44 953
45 814
45 988
45 995
46 271
46 534
46 704
47 962
47 974
47 990
48 440
48 516
48 986
49 287
49 896
49 992
50 507
50 805
50 923
51 899
51 910
51 988
52 567
52 971
52 991
53 802
53 988
53 995
54 598
54 978
54 999
55 803
55 938
55 965
56 412
56 836
56 887
57 829
57 884
57 995
58 603
58 654
58 986
59 60
59 888
59 974
60 59
60 875
60 973
61 829
61 901
61 922
62 516
62 906
62 944
63 766
63 920
63 958
64 845
64 888
64 980
65 834
65 856
65 898
66 276
66 856
66 898
67 311
67 655
67 915
68 635
68 761
68 965
69 163
69 803
69 824
70 725
70 868
70 973
71 624
71 964
71 996
72 740
72 949
72 997
73 856
73 892
73 951
74 950
74 977
74 993
75 324
75 926
75 971
76 948
76 997
76 999
77 720
77 762
77 939
78 79
78 924
78 963
79 78
79 997
79 999
80 773
80 950
80 980
81 549
81 692
81 922
82 448
82 937
82 957
83 937
83 950
83 998
84 917
84 987
84 997
85 736
85 919
85 969
86 923
86 959
86 989
87 145
87 976
87 992
88 940
88 945
88 987
89 396
89 651
89 800
90 917
90 993
90 997
91 839
91 859
91 936
92 975
92 991
92 998
93 647
93 847
93 994
94 896
94 992
94 996
95 705
95 879
95 942
96 712
96 840
96 929
97 844
97 968
97 987
98 781
98 782
98 964
99 583
99 704
99 992
100 907
100 989
100 997
101 515
101 748
101 945
102 942
102 954
102 982
103 956
103 971
103 998
104 720
104 905
104 997
105 342
105 566
105 708
106 489
106 943
106 986
107 827
107 969
107 991
108 582
108 681
108 967
109 468
109 734
109 975
110 825
110 853
110 946
111 771
111 857
111 958
112 846
112 914
112 934
113 760
113 912
113 947
114 858
114 899
114 988
115 756
115 956
115 998
116 698
116 783
116 975
117 599
117 756
117 975
118 550
118 564
118 789
119 680
119 976
119 985
120 667
120 708
120 819
121 298
121 568
121 680
122 383
122 870
122 932
123 862
123 897
123 988
124 126
124 983
124 984
125 428
125 590
125 957
126 124
126 662
126 955
127 502
127 919
127 934
128 784
128 865
128 952
129 834
129 856
129 898
130 837
130 882
130 919
131 599
131 953
131 956
132 329
132 381
132 869
133 377
133 677
133 874
134 828
134 992
134 996
135 904
135 966
135 984
136 484
136 945
136 959
137 437
137 509
137 719
138 607
138 889
138 955
139 979
139 983
139 994
140 411
140 764
140 779
141 730
141 804
141 981
142 282
142 780
142 916
143 738
143 965
143 982
144 944
144 987
144 993
145 87
145 325
145 976
146 944
146 990
146 992
147 567
147 643
147 998
148 730
148 908
148 967
149 608
149 954
149 965
150 843
150 964
150 994
151 871
151 954
151 963
152 688
152 812
152 898
153 733
153 957
153 991
154 351
154 947
154 986
155 755
155 808
155 966
156 157
156 578
156 929
157 8
157 156
157 930
158 516
158 881
158 986
159 802
159 816
159 853
160 546
160 910
160 995
161 874
161 916
161 978
162 812
162 864
162 984
163 69
163 954
163 965
164 265
164 838
164 884
165 545
165 948
165 996
166 414
166 650
166 689
167 682
167 951
167 988
168 737
168 804
168 928
169 13
169 968
169 973
170 422
170 913
170 994
171 727
171 984
171 985
172 782
172 860
172 994
173 582
173 750
173 959
174 749
174 838
174 915
175 425
175 967
175 999
176 848
176 852
176 939
177 3
177 947
177 970
178 328
178 892
178 911
179 865
179 919
179 952
180 839
180 920
180 975
181 571
181 964
181 979
182 432
182 583
182 766
183 945
183 954
183 962
184 206
184 633
184 756
185 717
185 815
185 911
186 365
186 739
186 792
187 12
187 316
187 988
188 960
188 981
188 991
189 630
189 710
189 988
190 417
190 926
190 971
191 923
191 989
191 999
192 301
192 960
192 975
193 812
193 864
193 898
194 743
194 946
194 979
195 913
195 932
195 964
196 849
196 909
196 957
197 651
197 704
197 990
198 739
198 834
198 856
199 623
199 972
199 988
200 562
200 921
200 987
201 837
201 980
201 981
202 812
202 898
202 994
203 271
203 732
203 857
204 581
204 752
204 916
205 946
205 957
205 979
206 184
206 950
206 980
207 776
207 929
207 979
208 465
208 813
208 929
209 851
209 973
209 987
210 634
210 943
210 986
211 339
211 941
211 988
212 632
212 909
212 935
213 958
213 960
213 975
214 752
214 836
214 970
215 226
215 368
215 844
216 903
216 927
216 949
217 246
217 690
217 983
218 628
218 941
218 957
219 463
219 874
219 916
220 945
220 967
220 982
221 721
221 816
221 997
222 757
222 885
222 986
223 482
223 693
223 884
224 524
224 919
224 952
225 490
225 956
225 969
226 215
226 603
226 998
227 410
227 959
227 965
228 550
228 900
228 976
229 375
229 831
229 961
230 799
230 931
230 984
231 887
231 992
231 996
232 875
232 932
232 985
233 873
233 875
233 987
234 963
234 973
234 993
235 881
235 882
235 951
236 703
236 822
236 992
237 931
237 983
237 984
238 949
238 976
238 989
239 807
239 861
239 942
240 561
240 700
240 968
241 635
241 848
241 945
242 869
242 912
242 947
243 971
243 980
243 998
244 667
244 708
244 905
245 889
245 932
245 984
246 217
246 937
246 984
247 738
247 739
247 885
248 911
248 970
248 988
249 574
249 938
249 959
250 962
250 990
250 992
251 494
251 741
251 939
252 317
252 938
252 957
253 800
253 951
253 970
254 698
254 968
254 993
255 533
255 607
255 982
256 962
256 974
256 996
257 593
257 851
257 951
258 476
258 567
258 849
259 925
259 990
259 992
260 325
260 930
260 985
261 958
261 972
261 976
262 611
262 667
262 853
263 882
263 896
263 992
264 836
264 970
264 988
265 164
265 838
265 884
266 869
266 912
266 947
267 930
267 958
267 961
268 730
268 754
268 786
269 933
269 950
269 981
270 587
270 925
270 985
271 46
271 203
271 689
272 892
272 954
272 970
273 850
273 914
273 919
274 904
274 978
274 989
275 294
275 474
275 908
276 66
276 422
276 864
277 869
277 947
277 979
278 830
278 891
278 998
279 642
279 750
279 937
280 556
280 684
280 810
281 801
281 868
281 963
282 142
282 464
282 780
282 820
283 713
283 721
283 810
283 934
284 529
284 761
284 945
284 982
285 44
285 716
285 891
285 972
286 918
286 927
286 933
286 984
287 49
287 457
287 674
287 926
288 560
288 841
288 956
288 969
289 829
289 838
289 884
289 997
290 567
290 827
290 956
290 998
291 722
291 863
291 911
291 995
292 852
292 951
292 988
292 995
293 855
293 890
293 931
293 966
294 275
294 787
294 804
294 908
295 692
295 813
295 928
295 946
296 712
296 803
296 955
296 959
297 863
297 933
297 988
297 995
298 121
298 902
298 997
298 999
299 822
299 897
299 944
299 992
300 747
300 869
300 894
300 977
301 192
301 587
301 954
301 958
302 921
302 968
302 973
302 987
303 664
303 815
303 938
303 976
304 749
304 829
304 884
304 996
305 812
305 864
305 898
305 974
306 936
306 940
306 977
306 993
307 925
307 974
307 996
307 998
308 586
308 964
308 973
308 977
309 22
309 950
309 960
309 981
310 481
310 810
310 892
310 909
311 67
311 317
311 880
311 955
312 478
312 950
312 980
312 981
313 783
313 926
313 953
313 998
314 696
314 876
314 943
314 976
315 443
315 474
315 836
315 995
316 187
316 799
316 940
316 987
317 252
317 311
317 582
317 945
318 904
318 931
318 983
318 986
319 665
319 751
319 966
319 986
320 707
320 957
320 991
320 998
321 867
321 930
321 958
321 998
322 804
322 888
322 896
322 996
323 673
323 927
323 966
323 984
324 75
324 969
324 971
324 998
325 145
325 260
325 562
325 791
326 419
326 629
326 961
326 985
327 896
327 926
327 992
327 996
328 178
328 970
328 971
328 972
329 132
329 869
329 912
329 947
330 800
330 944
330 972
330 995
331 632
331 895
331 909
331 934
332 491
332 680
332 911
332 980
333 818
333 857
333 899
333 920
334 468
334 584
334 930
334 958
335 675
335 757
335 943
335 986
336 768
336 804
336 861
336 908
337 610
337 677
337 820
337 916
338 409
338 489
338 978
338 997
339 211
339 716
339 820
339 836
340 871
340 938
340 982
340 996
341 658
341 812
341 834
341 856
342 105
342 357
342 607
342 789
343 639
343 687
343 892
343 970
344 443
344 853
344 972
344 995
345 642
345 849
345 926
345 979
346 347
346 960
346 980
346 981
347 346
347 461
347 972
347 988
348 820
348 874
348 916
348 927
349 623
349 859
349 987
349 993
350 555
350 810
350 865
350 934
351 154
351 714
351 795
351 912
352 503
352 802
352 863
352 995
353 751
353 824
353 850
353 986
354 580
354 777
354 912
354 947
355 393
355 990
355 992
355 994
356 935
356 974
356 990
356 996
357 31
357 342
357 667
357 708
358 492
358 652
358 821
358 865
359 614
359 745
359 918
359 983
360 444
360 748
360 910
360 972
361 442
361 768
361 852
361 938
362 600
362 890
362 935
362 984
363 639
363 834
363 856
363 898
364 675
364 842
364 895
364 960
365 186
365 821
365 823
365 829
366 828
366 896
366 960
366 990
367 410
367 764
367 969
367 994
368 215
368 481
368 865
368 909
369 698
369 727
369 814
369 900
370 371
370 787
370 850
370 943
371 370
371 729
371 903
371 999
372 404
372 954
372 955
372 959
373 590
373 806
373 865
373 934
374 415
374 758
374 805
374 958
375 229
375 753
375 975
375 985
376 609
376 760
376 777
376 947
377 133
377 950
377 980
377 981
378 654
378 686
378 943
378 986
379 645
379 902
379 917
379 967
380 877
380 903
380 949
380 997
381 132
381 885
381 955
381 959
382 569
382 762
382 764
382 871
383 122
383 867
383 886
383 961
384 634
384 787
384 853
384 986
385 850
385 968
385 977
385 987
386 645
386 938
386 954
386 982
387 850
387 933
387 943
387 986
388 846
388 929
388 941
388 970
389 585
389 800
389 918
389 935
390 413
390 680
390 796
390 975
391 651
391 689
391 766
391 862
392 825
392 831
392 843
392 906
393 355
393 925
393 990
393 996
394 651
394 913
394 946
394 979
395 415
395 466
395 900
395 961
396 89
396 583
396 704
396 799
397 514
397 973
397 978
397 989
398 449
398 576
398 886
398 961
399 494
399 648
399 702
399 929
400 909
400 948
400 997
400 999
401 962
401 973
401 992
401 996
402 614
402 878
402 951
402 988
403 589
403 870
403 873
403 963
404 372
404 859
404 963
404 973
405 406
405 844
405 909
405 952
406 405
406 589
406 602
406 973
407 974
407 990
407 992
407 996
408 658
408 824
408 834
408 864
409 338
409 637
409 829
409 884
410 227
410 367
410 928
410 979
411 140
411 512
411 906
411 964
412 56
412 809
412 962
412 996
413 390
413 571
413 958
413 961
414 166
414 500
414 704
414 914
415 374
415 395
415 976
415 985
416 463
416 807
416 832
416 908
417 190
417 818
417 990
417 996
418 843
418 882
418 928
418 979
419 326
419 839
419 936
419 968
420 421
420 804
420 861
420 916
421 420
421 471
421 798
421 926
422 170
422 276
422 856
422 864
423 797
423 845
423 960
423 980
424 511
424 737
424 802
424 861
425 175
425 659
425 817
425 999
426 767
426 950
426 980
426 981
427 706
427 761
427 824
427 880
428 125
428 807
428 956
428 969
429 790
429 867
429 975
429 985
430 558
430 665
430 943
430 986
431 841
431 865
431 913
431 952
432 182
432 651
432 689
432 838
433 949
433 967
433 978
433 994
434 18
434 552
434 885
434 945
435 679
435 774
435 969
435 971
436 508
436 839
436 940
436 977
437 137
437 566
437 719
437 980
438 927
438 966
438 983
438 998
439 840
439 872
439 964
439 986
440 48
440 696
440 943
440 986
441 805
441 907
441 942
441 949
442 361
442 480
442 965
442 974
443 315
443 344
443 535
443 995
444 360
444 721
444 914
444 995
445 799
445 936
445 968
445 987
446 580
446 935
446 983
446 984
447 903
447 942
447 997
447 999
448 82
448 457
448 886
448 926
449 398
449 563
449 698
449 975
450 901
450 944
450 979
450 994
451 455
451 559
451 809
451 847
451 909
452 816
452 830
452 867
452 988
452 995
453 730
453 859
453 868
453 921
453 973
454 668
454 918
454 963
454 968
454 977
455 451
455 632
455 881
455 882
455 974
456 853
456 870
456 873
456 987
456 993
457 8
457 287
457 448
457 827
457 956
458 646
458 744
458 924
458 987
458 993
459 537
459 743
459 824
459 955
459 982
460 817
460 876
460 907
460 989
460 999
461 347
461 491
461 770
461 910
461 995
462 697
462 713
462 744
462 881
462 967
463 219
463 416
463 798
463 861
463 908
464 282
464 677
464 874
464 916
464 994
465 208
465 684
465 813
465 906
465 986
466 395
466 550
466 732
466 758
466 976
467 822
467 884
467 897
467 925
467 990
468 109
468 334
468 899
468 912
468 975
469 631
469 801
469 921
469 983
469 993
470 793
470 955
470 957
470 971
470 991
471 421
471 565
471 798
471 807
471 908
472 854
472 960
472 980
472 981
472 997
473 695
473 696
473 703
473 876
473 966
474 275
474 315
474 730
474 737
474 908
475 830
475 891
475 940
475 988
475 995
476 258
476 818
476 974
476 992
476 996
477 873
477 880
477 938
477 939
477 982
478 312
478 677
478 820
478 874
478 916
479 590
479 793
479 854
479 937
479 998
480 442
480 685
480 738
480 885
480 982
481 310
481 368
481 830
481 914
481 952
482 223
482 542
482 749
482 829
482 838
483 917
483 978
483 982
483 989
483 997
484 136
484 656
484 747
484 868
484 932
485 869
485 915
485 925
485 990
485 996
486 629
486 702
486 899
486 961
486 985
487 647
487 833
487 865
487 944
487 994
488 551
488 590
488 978
488 989
488 999
489 106
489 338
489 819
489 989
489 999
490 225
490 789
490 956
490 957
490 969
491 332
491 461
491 905
491 972
491 995
492 358
492 573
492 676
492 821
492 823
493 539
493 813
493 820
493 874
493 916
494 251
494 399
494 939
494 959
494 965
495 762
495 848
495 852
495 939
495 962
496 619
496 956
496 957
496 970
496 998
497 545
497 774
497 779
497 860
497 964
498 923
498 948
498 949
498 951
498 967
499 950
499 960
499 980
499 981
499 989
500 414
500 534
500 650
500 766
500 986
501 950
501 960
501 972
501 980
501 981
502 38
502 127
502 806
502 934
502 952
503 352
503 630
503 860
503 941
503 970
504 606
504 877
504 878
504 967
504 997
505 831
505 833
505 872
505 928
505 998
506 24
506 35
506 582
506 938
506 955
507 50
507 565
507 868
507 936
507 993
508 436
508 915
508 974
508 990
508 992
509 137
509 629
509 930
509 961
509 985
510 875
510 920
510 921
510 940
510 987
511 424
511 768
511 786
511 807
511 890
512 411
512 635
512 928
512 929
512 944
513 791
513 796
513 899
513 902
513 930
514 397
514 930
514 967
514 997
514 999
515 101
515 905
515 923
515 948
515 949
516 48
516 62
516 158
516 943
516 986
517 647
517 779
517 868
517 922
517 994
518 822
518 897
518 962
518 982
518 996
519 693
519 777
519 795
519 912
519 947
520 681
520 903
520 934
520 989
520 999
521 522
521 920
521 975
521 985
521 990
522 521
522 553
522 797
522 858
522 900
523 706
523 940
523 945
523 965
523 982
524 224
524 660
524 841
524 914
524 952
525 526
525 836
525 891
525 910
525 988
526 525
526 665
526 850
526 943
526 986
527 724
527 863
527 893
527 951
527 995
528 654
528 731
528 746
528 931
528 984
529 284
529 836
529 851
529 892
529 941
530 848
530 885
530 938
530 959
530 964
531 649
531 974
531 990
531 995
531 996
532 883
532 890
532 906
532 931
532 984
533 255
533 635
533 683
533 859
533 954
534 46
534 500
534 743
534 766
534 876
535 443
535 900
535 930
535 976
535 985
536 902
536 905
536 907
536 979
536 989
537 459
537 871
537 939
537 947
537 955
538 897
538 982
538 990
538 992
538 996
539 493
539 780
539 849
539 874
539 916
540 596
540 955
540 960
540 980
540 981
541 557
541 619
541 676
541 722
541 739
542 482
542 866
542 969
542 971
542 991
543 886
543 899
543 920
543 961
543 994
544 883
544 903
544 931
544 933
544 984
545 165
545 497
545 962
545 990
545 996
546 160
546 643
546 685
546 937
546 957
547 917
547 923
547 967
547 981
547 989
548 782
548 922
548 944
548 985
548 994
549 81
549 840
549 946
549 964
549 989
550 118
550 228
550 466
550 858
550 920
551 488
551 811
551 942
551 946
551 978
552 434
552 553
552 636
552 711
552 748
553 522
553 552
553 698
553 975
553 985
554 918
554 927
554 981
554 983
554 984
555 350
555 772
555 844
555 914
555 952
556 3
556 280
556 715
556 844
556 919
557 541
557 653
557 739
557 821
557 991
558 430
558 654
558 850
558 943
558 955
558 986
559 451
559 578
559 844
559 881
559 882
559 952
560 288
560 918
560 937
560 953
560 991
560 998
561 240
561 569
561 931
561 963
561 977
561 987
562 200
562 325
562 620
562 968
562 977
562 987
563 449
563 755
563 935
563 966
563 983
563 984
564 118
564 620
564 667
564 719
564 789
564 923
565 471
565 507
565 588
565 700
565 794
565 993
566 105
566 437
566 708
566 719
566 789
566 989
567 52
567 147
567 258
567 290
567 604
567 991
568 121
568 639
568 892
568 956
568 988
568 995
569 382
569 561
569 645
569 939
569 954
569 965
570 826
570 927
570 933
570 935
570 954
570 983
571 181
571 413
571 847
571 872
571 964
571 994
572 652
572 676
572 722
572 739
572 821
572 854
573 492
573 796
573 876
573 958
573 961
573 976
574 16
574 249
574 738
574 845
574 852
574 982
575 879
575 904
575 931
575 933
575 966
575 983
576 398
576 683
576 803
576 848
576 880
576 998
577 841
577 853
577 941
577 972
577 988
577 995
578 156
578 559
578 624
578 906
578 925
578 964
579 751
579 787
579 850
579 868
579 943
579 986
580 354
580 446
580 770
580 877
580 949
580 999
581 204
581 780
581 820
581 874
581 916
581 945
582 108
582 173
582 317
582 506
582 945
582 959
583 99
583 182
583 396
583 584
583 732
583 941
584 334
584 583
584 644
584 795
584 912
584 947
585 389
585 888
585 889
585 933
585 983
585 984
586 308
586 868
586 875
586 940
586 963
586 981
587 270
587 301
587 598
587 813
587 930
587 985
588 565
588 664
588 758
588 867
588 961
588 976
589 403
589 406
589 921
589 968
589 972
589 977
590 125
590 373
590 479
590 488
590 679
590 991
591 596
591 845
591 895
591 960
591 969
591 981
592 633
592 758
592 815
592 857
592 867
592 976
593 257
593 862
593 925
593 962
593 974
593 992
594 595
594 737
594 768
594 807
594 871
594 938
595 28
595 594
595 786
595 798
595 861
595 908
596 25
596 540
596 591
596 950
596 980
596 981
597 752
597 816
597 851
597 894
597 970
597 988
598 54
598 587
598 717
598 961
598 975
598 976
599 19
599 117
599 131
599 783
599 886
599 930
600 362
600 818
600 862
600 962
600 974
600 990
601 725
601 904
601 918
601 966
601 983
601 984
602 406
602 700
602 801
602 893
602 968
602 977
603 58
603 226
603 926
603 971
603 991
603 998
604 567
604 810
604 935
604 966
604 983
604 984
605 11
605 752
605 842
605 960
605 980
605 981
606 504
606 624
606 764
606 929
606 944
606 979
607 138
607 255
607 342
607 885
607 939
607 965
608 149
608 684
608 743
608 928
608 964
608 973
609 376
609 695
609 783
609 857
609 867
609 975
610 337
610 622
610 675
610 841
610 850
610 986
611 262
611 721
611 729
611 752
611 941
611 995
612 648
612 727
612 781
612 929
612 944
612 972
613 614
613 848
613 945
613 954
613 965
613 970
614 359
614 402
614 613
614 846
614 972
614 988
615 714
615 782
615 901
615 906
615 946
615 994
616 760
616 777
616 795
616 869
616 912
616 947
617 34
617 791
617 900
617 958
617 961
617 985
618 7
618 833
618 852
618 939
618 965
618 982
619 496
619 541
619 793
619 953
619 991
619 998
620 562
620 564
620 747
620 924
620 936
620 987
621 830
621 892
621 941
621 970
621 972
621 992
622 610
622 634
622 757
622 787
622 899
622 986
623 199
623 349
623 877
623 893
623 903
623 997
624 71
624 578
624 606
624 831
624 852
624 994
625 782
625 840
625 860
625 901
625 923
625 943
626 715
626 790
626 942
626 978
626 989
626 997
627 628
627 712
627 813
627 913
627 928
627 944
628 218
628 627
628 816
628 941
628 951
628 972
629 326
629 486
629 509
629 696
629 727
629 883
630 189
630 503
630 800
630 836
630 850
630 951
631 469
631 799
631 856
631 940
631 987
631 993
632 42
632 212
632 331
632 455
632 881
632 952
633 184
633 592
633 763
633 953
633 971
633 998
634 210
634 384
634 622
634 751
634 840
634 943
634 986
635 68
635 241
635 512
635 533
635 646
635 954
635 965
636 15
636 552
636 824
636 852
636 959
636 965
636 982
637 409
637 641
637 749
637 829
637 838
637 884
637 948
638 724
638 791
638 882
638 909
638 914
638 934
638 952
639 343
639 363
639 568
639 851
639 970
639 988
639 995
640 894
640 921
640 924
640 929
640 932
640 987
640 993
641 637
641 648
641 749
641 829
641 838
641 884
641 971
642 279
642 345
642 674
642 736
642 827
642 969
642 996
643 147
643 546
643 849
643 900
643 969
643 971
643 991
644 584
644 760
644 869
644 898
644 901
644 912
644 947
645 379
645 386
645 569
645 852
645 880
645 938
645 965
646 458
646 635
646 839
646 873
646 894
646 987
646 993
647 93
647 487
647 517
647 776
647 922
647 986
647 994
648 14
648 399
648 612
648 641
648 760
648 901
648 929
649 531
649 962
649 966
649 974
649 990
649 992
649 996
650 166
650 500
650 651
650 652
650 689
650 766
650 978
651 89
651 197
651 391
651 394
651 432
651 650
651 732
652 358
652 572
652 650
652 676
652 821
652 823
652 980
653 41
653 557
653 676
653 722
653 823
653 845
653 855
654 58
654 378
654 528
654 558
654 787
654 943
654 986
655 67
655 699
655 763
655 778
655 866
655 953
655 998
656 484
656 657
656 668
656 932
656 936
656 963
656 993
657 656
657 914
657 926
657 957
657 971
657 991
657 998
658 341
658 408
658 688
658 834
658 835
658 864
658 898
659 425
659 668
659 709
659 747
659 977
659 987
659 993
660 524
660 671
660 832
660 895
660 946
660 980
660 981
661 759
661 827
661 862
661 974
661 990
661 992
661 996
662 126
662 691
662 901
662 929
662 954
662 955
662 982
663 733
663 785
663 887
663 896
663 990
663 992
663 996
664 303
664 588
664 753
664 796
664 920
664 976
664 977
665 319
665 430
665 526
665 730
665 786
665 943
665 986
666 695
666 728
666 804
666 858
666 867
666 975
666 985
667 120
667 244
667 262
667 357
667 564
667 719
667 789
668 454
668 656
668 659
668 864
668 940
668 977
668 993
669 794
669 932
669 936
669 940
669 949
669 968
669 993
670 835
670 843
670 942
670 967
670 989
670 997
670 999
671 660
671 854
671 863
671 950
671 960
671 980
671 981
672 862
672 897
672 913
672 962
672 974
672 992
672 996
673 323
673 735
673 888
673 896
673 915
673 974
673 996
674 287
674 642
674 699
674 742
674 892
674 953
674 991
675 335
675 364
675 610
675 751
675 866
675 943
675 986
676 492
676 541
676 572
676 652
676 653
676 739
676 742
677 133
677 337
677 464
677 478
677 780
677 916
677 976
678 785
678 805
678 879
678 893
678 948
678 997
678 999
679 17
679 435
679 590
679 937
679 953
679 957
679 998
680 119
680 121
680 332
680 390
680 863
680 970
680 995
681 16
681 108
681 520
681 733
681 879
681 942
681 989
682 167
682 866
682 920
682 937
682 953
682 969
682 998
683 43
683 533
683 576
683 690
683 885
683 959
683 982
684 14
684 280
684 465
684 608
684 692
684 934
684 964
685 480
685 546
685 717
685 926
685 971
685 991
685 998
686 378
686 763
686 866
686 953
686 969
686 971
686 998
687 343
687 830
687 853
687 891
687 972
687 974
687 985
688 152
688 658
688 708
688 812
688 856
688 864
688 898
689 166
689 271
689 391
689 432
689 650
689 732
689 827
690 217
690 683
690 776
690 906
690 929
690 979
690 994
691 18
691 662
691 762
691 938
691 948
691 954
691 955
692 81
692 295
692 684
692 774
692 858
692 901
692 994
693 223
693 519
693 879
693 978
693 989
693 997
693 999
694 816
694 846
694 851
694 910
694 911
694 981
694 995
695 19
695 473
695 609
695 666
695 858
695 931
695 962
695 975
696 314
696 440
696 473
696 629
696 792
696 876
696 975
696 985
697 462
697 773
697 784
697 882
697 903
697 909
697 919
697 934
698 116
698 254
698 369
698 449
698 553
698 783
698 920
698 958
699 655
699 674
699 827
699 849
699 877
699 953
699 957
699 998
700 240
700 565
700 602
700 859
700 890
700 921
700 977
700 987
701 811
701 877
701 891
701 923
701 942
701 949
701 978
701 999
702 399
702 486
702 773
702 779
702 843
702 912
702 946
702 994
703 236
703 473
703 783
703 792
703 886
703 900
703 961
703 985
704 46
704 99
704 197
704 396
704 414
704 732
704 766
704 927
705 95
705 714
705 819
705 935
705 967
705 969
705 997
705 999
706 427
706 523
706 852
706 871
706 880
706 913
706 955
706 965
707 320
707 849
707 917
707 926
707 937
707 956
707 985
707 998
708 105
708 120
708 244
708 357
708 566
708 688
708 738
708 789
709 659
709 745
709 924
709 936
709 963
709 968
709 973
709 987
710 6
710 189
710 731
710 746
710 808
710 933
710 983
710 984
711 552
711 885
711 938
711 939
711 945
711 952
711 977
711 982
712 96
712 296
712 627
712 743
712 764
712 913
712 922
712 979
713 283
713 462
713 715
713 806
713 809
713 909
713 952
713 968
714 351
714 615
714 705
714 811
714 917
714 923
714 948
714 997
715 556
715 626
715 713
715 744
715 865
715 919
715 934
715 952
716 285
716 339
716 816
716 891
716 936
716 953
716 972
716 995
717 19
717 185
717 598
717 685
717 858
717 899
717 958
717 975
718 754
718 769
718 797
718 895
718 950
718 960
718 978
718 980
719 31
719 137
719 437
719 564
719 566
719 667
719 789
719 987
720 77
720 104
720 848
720 893
720 949
720 967
720 978
720 999
721 221
721 283
721 444
721 611
721 830
721 970
721 988
721 995
722 291
722 541
722 572
722 653
722 739
722 821
722 823
722 971
723 833
723 840
723 843
723 944
723 946
723 978
723 979
723 994
724 527
724 638
724 765
724 911
724 924
724 951
724 970
724 995
725 70
725 601
725 742
725 794
725 963
725 973
725 977
725 987
726 22
726 750
726 793
726 842
726 927
726 969
726 991
726 998
727 171
727 369
727 612
727 629
727 899
727 930
727 961
727 976
728 666
728 825
728 860
728 906
728 944
728 946
728 979
728 994
729 371
729 611
729 817
729 819
729 905
729 947
729 949
729 989
730 141
730 148
730 268
730 453
730 474
730 665
730 737
730 861
731 528
731 710
731 911
731 918
731 931
731 935
731 983
731 984
732 203
732 466
732 583
732 651
732 689
732 704
732 766
732 861
733 153
733 663
733 681
733 790
733 811
733 819
733 923
733 997
734 11
734 109
734 741
734 868
734 894
734 977
734 987
734 993
735 673
735 765
735 785
735 818
735 828
735 842
735 990
735 992
736 85
736 642
736 742
736 910
736 953
736 956
736 969
736 991
737 168
737 424
737 474
737 594
737 730
737 768
737 779
737 804
737 952
738 143
738 247
738 480
738 574
738 708
738 939
738 945
738 951
738 982
739 186
739 198
739 247
739 541
739 557
739 572
739 676
739 722
739 823
740 72
740 817
740 835
740 878
740 902
740 903
740 914
740 978
740 999
741 251
741 734
741 806
741 873
741 921
741 963
741 968
741 987
741 993
742 674
742 676
742 725
742 736
742 957
742 969
742 971
742 991
742 998
743 194
743 459
743 534
743 608
743 712
743 840
743 922
743 979
743 994
744 458
744 462
744 715
744 771
744 784
744 806
744 844
744 881
744 901
745 359
745 709
745 808
745 826
745 904
745 927
745 935
745 966
745 984
746 528
746 710
746 921
746 927
746 931
746 966
746 983
746 984
746 991
747 21
747 300
747 484
747 620
747 659
747 922
747 924
747 940
747 957
748 101
748 360
748 552
748 761
748 824
748 939
748 954
748 955
748 965
749 174
749 304
749 482
749 637
749 641
749 838
749 884
749 961
749 985
750 173
750 279
750 726
750 756
750 778
750 894
750 937
750 957
750 991
751 319
751 353
751 579
751 634
751 675
751 757
751 976
751 986
751 995
752 204
752 214
752 597
752 605
752 611
752 814
752 816
752 846
752 863
753 375
753 664
753 754
753 755
753 791
753 815
753 930
753 976
753 985
754 268
754 718
754 753
754 767
754 837
754 950
754 960
754 980
754 981
755 155
755 563
755 753
755 889
755 927
755 931
755 935
755 950
755 983
756 115
756 117
756 184
756 750
756 866
756 937
756 942
756 991
756 998
757 38
757 222
757 335
757 622
757 751
757 915
757 943
757 972
757 986
758 374
758 466
758 588
758 592
758 803
758 858
758 867
758 969
758 985
759 661
759 785
759 888
759 915
759 933
759 974
759 990
759 996
759 999
760 113
760 376
760 616
760 644
760 648
760 761
760 869
760 912
760 947
761 68
761 284
761 427
761 748
761 760
761 775
761 965
761 970
761 982
762 39
762 77
762 382
762 495
762 691
762 938
762 956
762 959
762 982
763 633
763 655
763 686
763 827
763 830
763 953
763 956
763 969
763 999
764 140
764 367
764 382
764 606
764 712
764 833
764 946
764 964
764 972
765 724
765 735
765 802
765 846
765 854
765 941
765 969
765 970
765 972
766 63
766 182
766 391
766 500
766 534
766 650
766 704
766 732
766 768
767 426
767 754
767 842
767 845
767 895
767 960
767 965
767 980
767 981
768 336
768 361
768 511
768 594
768 737
768 766
768 786
768 798
768 807
769 718
769 835
769 879
769 893
769 903
769 917
769 949
769 997
769 999
770 461
770 580
770 772
770 835
770 907
770 978
770 989
770 997
770 999
771 111
771 744
771 784
771 806
771 810
771 865
771 914
771 934
771 987
772 555
772 770
772 817
772 878
772 906
772 923
772 942
772 948
772 989
772 997
773 80
773 697
773 702
773 781
773 825
773 872
773 928
773 944
773 946
773 979
774 435
774 497
774 692
774 776
774 872
774 929
774 944
774 964
774 976
774 979
775 761
775 803
775 809
775 880
775 938
775 954
775 959
775 965
775 982
775 990
776 207
776 647
776 690
776 774
776 833
776 911
776 913
776 964
776 994
776 995
777 354
777 376
777 519
777 616
777 795
777 844
777 869
777 912
777 947
777 997
778 655
778 750
778 780
778 793
778 849
778 863
778 937
778 953
778 991
778 998
779 140
779 497
779 517
779 702
779 737
779 847
779 866
779 901
779 906
779 964
780 142
780 282
780 539
780 581
780 677
780 778
780 820
780 874
780 916
780 987
781 98
781 612
781 773
781 831
781 840
781 847
781 964
781 977
781 988
781 994
782 98
782 172
782 548
782 615
782 625
782 823
782 825
782 964
782 979
782 990
783 116
783 313
783 599
783 609
783 698
783 703
783 791
783 894
783 976
783 985
784 128
784 697
784 744
784 771
784 809
784 914
784 919
784 932
784 934
784 965
785 663
785 678
785 735
785 759
785 897
785 920
785 962
785 974
785 990
785 996
786 268
786 511
786 595
786 665
786 768
786 798
786 807
786 816
786 861
786 908
787 294
787 370
787 384
787 579
787 622
787 654
787 850
787 943
787 977
787 986
788 789
788 859
788 924
788 939
788 940
788 968
788 973
788 977
788 987
788 993
789 31
789 118
789 342
789 490
789 564
789 566
789 667
789 708
789 719
789 788
790 429
790 626
790 733
790 791
790 819
790 907
790 923
790 948
790 978
790 999
791 325
791 513
791 617
791 638
791 753
791 783
791 790
791 792
791 975
791 976
792 186
792 696
792 703
792 791
792 876
792 886
792 958
792 963
792 975
792 985
793 470
793 479
793 619
793 726
793 778
793 795
793 916
793 937
793 957
793 998
794 565
794 669
794 725
794 822
794 924
794 936
794 940
794 968
794 973
794 975
795 351
795 519
795 584
795 616
795 777
795 793
795 859
795 869
795 912
795 947
796 390
796 513
796 573
796 664
796 806
796 886
796 899
796 958
796 985
796 990
797 423
797 522
797 718
797 798
797 842
797 854
797 950
797 960
797 980
797 981
798 421
798 463
798 471
798 595
798 768
798 786
798 797
798 861
798 908
798 999
799 230
799 316
799 396
799 445
799 631
799 875
799 940
799 977
799 987
799 993
800 89
800 253
800 330
800 389
800 630
800 802
800 892
800 951
800 972
800 995
801 281
801 469
801 602
801 848
801 919
801 932
801 963
801 973
801 977
801 993
802 53
802 159
802 352
802 424
802 765
802 800
802 814
802 879
802 911
802 951
803 55
803 69
803 296
803 576
803 758
803 775
803 828
803 938
803 965
803 982
804 141
804 168
804 294
804 322
804 336
804 420
804 666
804 737
804 861
804 908
805 50
805 374
805 441
805 678
805 879
805 902
805 910
805 948
805 978
805 989
806 373
806 502
806 713
806 741
806 744
806 771
806 796
806 882
806 914
806 934
807 9
807 239
807 416
807 428
807 471
807 511
807 594
807 768
807 786
807 908
808 155
808 710
808 745
808 908
808 918
808 933
808 966
808 978
808 983
808 984
808 991
809 412
809 451
809 713
809 775
809 784
809 841
809 881
809 882
809 914
809 934
809 952
810 280
810 283
810 310
810 350
810 604
810 771
810 817
810 825
810 865
810 881
810 882
811 27
811 551
811 701
811 714
811 733
811 878
811 937
811 949
811 984
811 989
811 999
812 152
812 162
812 193
812 202
812 305
812 341
812 688
812 856
812 870
812 898
812 933
813 208
813 295
813 465
813 493
813 587
813 627
813 913
813 922
813 928
813 946
813 979
814 45
814 369
814 752
814 802
814 891
814 924
814 941
814 951
814 970
814 972
814 988
815 185
815 303
815 592
815 753
815 863
815 900
815 920
815 930
815 946
815 975
815 985
816 159
816 221
816 452
816 597
816 628
816 694
816 716
816 752
816 786
816 863
816 922
817 425
817 460
817 729
817 740
817 772
817 810
817 818
817 877
817 878
817 967
817 997
818 333
818 417
818 476
818 600
818 735
818 817
818 887
818 897
818 915
818 974
818 992
819 120
819 489
819 705
819 729
819 733
819 790
819 839
819 942
819 967
819 989
819 997
820 282
820 337
820 339
820 348
820 478
820 493
820 581
820 780
820 862
820 874
820 916
821 26
821 41
821 358
821 365
821 492
821 557
821 572
821 652
821 722
821 823
821 902
822 236
822 299
822 467
822 518
822 794
822 897
822 915
822 939
822 962
822 992
822 996
823 41
823 365
823 492
823 652
823 653
823 722
823 739
823 782
823 821
823 828
823 990
824 35
824 69
824 353
824 408
824 427
824 459
824 636
824 748
824 880
824 954
824 955
824 982
825 24
825 110
825 392
825 728
825 773
825 782
825 810
825 833
825 860
825 944
825 989
825 994
826 570
826 745
826 831
826 889
826 890
826 927
826 931
826 933
826 935
826 964
826 966
826 983
827 107
827 290
827 457
827 642
827 661
827 689
827 699
827 763
827 866
827 953
827 971
827 991
828 134
828 366
828 735
828 803
828 823
828 888
828 896
828 898
828 962
828 974
828 992
828 996
829 57
829 61
829 289
829 304
829 365
829 409
829 482
829 637
829 641
829 834
829 838
829 884
830 278
830 452
830 475
830 481
830 621
830 687
830 721
830 763
830 851
830 891
830 972
830 989
831 34
831 229
831 392
831 505
831 624
831 781
831 826
831 833
831 847
831 922
831 944
831 994
832 416
832 660
832 837
832 842
832 845
832 854
832 895
832 950
832 960
832 980
832 981
832 996
833 487
833 505
833 618
833 723
833 764
833 776
833 825
833 831
833 872
833 906
833 988
833 994
834 65
834 129
834 198
834 341
834 363
834 408
834 658
834 829
834 864
834 898
834 932
834 938
835 658
835 670
835 740
835 769
835 770
835 877
835 905
835 924
835 942
835 978
835 997
835 999
836 56
836 214
836 264
836 315
836 339
836 525
836 529
836 630
836 951
836 988
836 991
836 995
837 130
837 201
837 754
837 832
837 842
837 845
837 895
837 950
837 959
837 960
837 980
837 981
838 164
838 174
838 265
838 289
838 432
838 482
838 637
838 641
838 749
838 829
838 884
838 979
839 91
839 180
839 419
839 436
839 646
839 819
839 859
839 875
839 924
839 936
839 973
839 987
840 96
840 439
840 549
840 625
840 634
840 723
840 743
840 781
840 913
840 928
840 930
840 994
841 13
841 288
841 431
841 524
841 577
841 610
841 809
841 844
841 881
841 882
841 914
841 919
841 934
842 364
842 605
842 726
842 735
842 767
842 797
842 832
842 837
842 854
842 895
842 950
842 960
842 981
843 150
843 392
843 418
843 670
843 702
843 723
843 860
843 872
843 913
843 922
843 946
843 949
843 994
844 33
844 97
844 215
844 405
844 555
844 556
844 559
844 744
844 777
844 841
844 882
844 919
844 952
845 64
845 423
845 574
845 591
845 653
845 767
845 832
845 837
845 854
845 895
845 960
845 980
845 981
846 112
846 388
846 614
846 694
846 752
846 765
846 851
846 935
846 941
846 951
846 961
846 970
846 995
847 93
847 451
847 571
847 779
847 781
847 831
847 891
847 922
847 928
847 929
847 946
847 973
847 994
848 176
848 241
848 495
848 530
848 576
848 613
848 720
848 801
848 880
848 938
848 952
848 955
848 982
849 196
849 258
849 345
849 539
849 643
849 699
849 707
849 778
849 895
849 956
849 957
849 971
849 991
850 0
850 273
850 353
850 370
850 385
850 387
850 526
850 558
850 579
850 610
850 630
850 787
850 986
851 209
851 257
851 529
851 597
851 639
851 694
851 830
851 846
851 853
851 923
851 972
851 988
851 996
852 176
852 292
852 361
852 495
852 574
852 618
852 624
852 636
852 645
852 706
852 871
852 955
852 982
853 110
853 159
853 262
853 344
853 384
853 456
853 577
853 687
853 851
853 910
853 911
853 941
853 988
854 472
854 479
854 572
854 671
854 765
854 797
854 832
854 842
854 845
854 950
854 960
854 980
854 981
855 10
855 293
855 653
855 883
855 889
855 890
855 892
855 904
855 931
855 933
855 966
855 983
855 984
856 65
856 66
856 73
856 129
856 198
856 341
856 363
856 422
856 631
856 688
856 812
856 864
856 898
857 111
857 203
857 333
857 592
857 609
857 858
857 876
857 899
857 930
857 945
857 958
857 961
857 985
858 114
858 522
858 550
858 666
858 692
858 695
858 717
858 758
858 857
858 907
858 958
858 975
858 976
859 91
859 349
859 404
859 453
859 533
859 700
859 788
859 795
859 839
859 897
859 963
859 968
859 977
859 987
860 172
860 497
860 503
860 625
860 728
860 825
860 843
860 861
860 862
860 913
860 922
860 944
860 979
860 994
861 239
861 336
861 420
861 424
861 463
861 595
861 730
861 732
861 786
861 798
861 804
861 860
861 908
861 952
862 123
862 391
862 593
862 600
862 661
862 672
862 820
862 860
862 887
862 925
862 962
862 974
862 992
862 996
863 291
863 297
863 352
863 527
863 671
863 680
863 752
863 778
863 815
863 816
863 911
863 951
863 972
863 995
864 162
864 193
864 276
864 305
864 408
864 422
864 658
864 668
864 688
864 834
864 856
864 896
864 898
864 966
865 128
865 179
865 350
865 358
865 368
865 373
865 431
865 487
865 715
865 771
865 810
865 909
865 922
865 952
866 542
866 655
866 675
866 682
866 686
866 756
866 779
866 827
866 926
866 928
866 953
866 956
866 971
866 998
867 321
867 383
867 429
867 452
867 588
867 592
867 609
867 666
867 758
867 869
867 920
867 961
867 975
867 976
867 983
868 70
868 281
868 453
868 484
868 507
868 517
868 579
868 586
868 734
868 875
868 894
868 936
868 963
868 973
868 978
869 20
869 132
869 242
869 266
869 277
869 300
869 329
869 485
869 616
869 644
869 760
869 777
869 795
869 867
869 947
870 0
870 122
870 403
870 456
870 812
870 921
870 924
870 932
870 936
870 940
870 962
870 968
870 973
870 977
870 993
871 151
871 340
871 382
871 537
871 594
871 706
871 852
871 874
871 885
871 938
871 939
871 954
871 955
871 958
871 959
872 439
872 505
872 571
872 773
872 774
872 833
872 843
872 921
872 928
872 929
872 944
872 946
872 955
872 963
872 994
873 233
873 403
873 456
873 477
873 646
873 741
873 875
873 893
873 932
873 936
873 948
873 963
873 973
873 987
873 993
874 133
874 161
874 219
874 348
874 464
874 478
874 493
874 539
874 581
874 780
874 820
874 871
874 889
874 916
874 939
875 4
875 60
875 232
875 233
875 510
875 586
875 799
875 839
875 868
875 873
875 957
875 963
875 977
875 993
875 994
876 8
876 314
876 460
876 473
876 534
876 573
876 696
876 792
876 857
876 900
876 930
876 964
876 975
876 976
876 985
877 380
877 504
877 580
877 623
877 699
877 701
877 817
877 835
877 878
877 881
877 917
877 934
877 942
877 989
877 997
878 402
878 504
878 740
878 772
878 811
878 817
878 877
878 893
878 903
878 906
878 917
878 920
878 923
878 948
878 949
879 95
879 575
879 678
879 681
879 693
879 769
879 802
879 805
879 880
879 923
879 942
879 948
879 949
879 978
879 997
880 311
880 427
880 477
880 576
880 645
880 706
880 775
880 824
880 848
880 879
880 924
880 959
880 965
880 982
880 987
881 158
881 235
881 455
881 462
881 559
881 632
881 744
881 809
881 810
881 841
881 877
881 919
881 934
881 952
881 980
882 130
882 235
882 263
882 418
882 455
882 559
882 638
882 697
882 806
882 809
882 810
882 841
882 844
882 914
882 949
883 532
883 544
883 629
883 855
883 889
883 904
883 905
883 918
883 927
883 931
883 933
883 966
883 970
883 983
883 984
884 57
884 164
884 223
884 265
884 289
884 304
884 409
884 467
884 637
884 641
884 749
884 829
884 838
884 959
884 973
885 222
885 247
885 381
885 434
885 480
885 530
885 607
885 683
885 711
885 871
885 887
885 930
885 938
885 954
885 959
885 982
886 383
886 398
886 448
886 543
886 599
886 703
886 792
886 796
886 899
886 900
886 917
886 920
886 935
886 949
886 976
886 985
887 56
887 231
887 663
887 818
887 862
887 885
887 888
887 915
887 925
887 928
887 962
887 974
887 990
887 992
887 996
887 998
888 59
888 64
888 322
888 585
888 673
888 759
888 828
888 887
888 915
888 925
888 962
888 971
888 974
888 990
888 992
888 996
889 138
889 245
889 585
889 755
889 826
889 855
889 874
889 883
889 918
889 927
889 931
889 933
889 935
889 963
889 983
889 984
890 293
890 362
890 511
890 532
890 700
890 826
890 855
890 904
890 918
890 927
890 933
890 935
890 966
890 975
890 983
890 984
891 12
891 278
891 285
891 475
891 525
891 687
891 701
891 716
891 814
891 830
891 847
891 910
891 941
891 988
891 995
891 999
892 36
892 73
892 178
892 272
892 310
892 343
892 529
892 568
892 621
892 674
892 800
892 855
892 970
892 972
892 988
892 995
893 25
893 527
893 602
893 623
893 678
893 720
893 769
893 873
893 878
893 902
893 905
893 917
893 948
893 978
893 987
893 989
894 300
894 597
894 640
894 646
894 734
894 750
894 783
894 868
894 924
894 936
894 949
894 963
894 968
894 973
894 977
894 993
895 331
895 364
895 591
895 660
895 718
895 767
895 832
895 837
895 842
895 845
895 849
895 941
895 950
895 960
895 980
895 981
896 49
896 94
896 263
896 322
896 327
896 366
896 663
896 673
896 828
896 864
896 902
896 915
896 919
896 925
896 962
896 974
896 990
897 123
897 299
897 467
897 518
897 538
897 672
897 785
897 818
897 822
897 859
897 899
897 915
897 962
897 990
897 992
897 996
897 998
898 65
898 66
898 129
898 152
898 193
898 202
898 305
898 363
898 644
898 658
898 688
898 812
898 828
898 834
898 856
898 864
898 900
899 51
899 114
899 333
899 468
899 486
899 513
899 543
899 622
899 717
899 727
899 796
899 857
899 886
899 897
899 900
899 958
899 976
900 228
900 369
900 395
900 522
900 535
900 617
900 643
900 703
900 815
900 876
900 886
900 898
900 899
900 920
900 943
900 976
900 985
901 61
901 450
901 615
901 625
901 644
901 648
901 662
901 692
901 744
901 779
901 906
901 913
901 929
901 953
901 964
901 979
901 994
902 298
902 379
902 513
902 536
902 740
902 805
902 821
902 893
902 896
902 905
902 907
902 917
902 948
902 978
902 989
902 997
902 999
903 216
903 371
903 380
903 447
903 520
903 544
903 623
903 697
903 740
903 769
903 878
903 904
903 905
903 949
903 967
903 978
903 997
904 1
904 135
904 274
904 318
904 575
904 601
904 745
904 855
904 883
904 890
904 903
904 927
904 931
904 933
904 935
904 983
904 984
905 104
905 244
905 491
905 515
905 536
905 729
905 835
905 883
905 893
905 902
905 903
905 942
905 948
905 952
905 967
905 978
905 997
905 999
906 15
906 62
906 392
906 411
906 465
906 532
906 578
906 615
906 690
906 728
906 772
906 779
906 833
906 878
906 901
906 928
906 946
906 994
907 100
907 441
907 460
907 536
907 770
907 790
907 858
907 902
907 923
907 942
907 948
907 949
907 959
907 967
907 978
907 983
907 989
907 999
908 148
908 275
908 294
908 336
908 416
908 463
908 471
908 474
908 595
908 786
908 798
908 804
908 807
908 808
908 861
908 953
908 957
908 962
909 13
909 196
909 212
909 310
909 331
909 368
909 400
909 405
909 451
909 638
909 697
909 713
909 865
909 910
909 914
909 919
909 921
909 952
910 51
910 160
910 360
910 461
910 525
910 694
910 736
910 805
910 853
910 891
910 909
910 911
910 913
910 941
910 951
910 970
910 972
910 988
911 12
911 178
911 185
911 248
911 291
911 332
911 694
911 724
911 731
911 776
911 802
911 853
911 863
911 910
911 917
911 941
911 951
911 972
912 20
912 113
912 242
912 266
912 329
912 351
912 354
912 468
912 519
912 584
912 616
912 644
912 702
912 760
912 777
912 795
912 947
912 968
913 4
913 170
913 195
913 394
913 431
913 627
913 672
913 706
913 712
913 776
913 813
913 840
913 843
913 860
913 901
913 910
913 929
913 979
913 994
914 112
914 273
914 414
914 444
914 481
914 524
914 555
914 638
914 657
914 740
914 771
914 784
914 806
914 809
914 841
914 882
914 909
914 934
914 952
915 67
915 174
915 485
915 508
915 673
915 757
915 759
915 818
915 822
915 887
915 888
915 896
915 897
915 919
915 925
915 958
915 962
915 990
915 996
916 142
916 161
916 204
916 219
916 337
916 348
916 420
916 464
916 478
916 493
916 539
916 581
916 677
916 780
916 793
916 820
916 874
916 931
916 981
917 1
917 84
917 90
917 379
917 483
917 547
917 707
917 714
917 769
917 877
917 878
917 886
917 893
917 902
917 911
917 936
917 967
917 997
917 999
918 286
918 359
918 389
918 454
918 554
918 560
918 601
918 731
918 808
918 883
918 889
918 890
918 925
918 931
918 933
918 935
918 966
918 983
918 984
919 85
919 127
919 130
919 179
919 224
919 273
919 556
919 697
919 715
919 784
919 801
919 841
919 844
919 881
919 896
919 909
919 915
919 934
919 952
920 37
920 63
920 180
920 333
920 510
920 521
920 543
920 550
920 664
920 682
920 698
920 785
920 815
920 867
920 878
920 886
920 900
920 930
920 958
920 985
921 200
921 302
921 453
921 469
921 510
921 589
921 640
921 700
921 741
921 746
921 870
921 872
921 909
921 924
921 928
921 936
921 940
921 973
921 977
921 993
922 34
922 61
922 81
922 517
922 548
922 647
922 712
922 743
922 747
922 813
922 816
922 831
922 843
922 847
922 860
922 865
922 929
922 946
922 951
922 964
923 50
923 86
923 191
923 498
923 515
923 547
923 564
923 625
923 701
923 714
923 733
923 772
923 790
923 851
923 878
923 879
923 907
923 975
923 997
923 999
924 78
924 458
924 620
924 640
924 709
924 724
924 747
924 788
924 794
924 814
924 835
924 839
924 870
924 880
924 894
924 921
924 932
924 965
924 968
924 987
924 993
925 259
925 270
925 307
925 393
925 467
925 485
925 578
925 593
925 862
925 887
925 888
925 896
925 915
925 918
925 927
925 939
925 962
925 974
925 990
925 992
925 996
926 44
926 75
926 190
926 287
926 313
926 327
926 345
926 421
926 448
926 603
926 657
926 685
926 707
926 866
926 956
926 957
926 969
926 971
926 978
926 991
926 995
926 998
927 39
927 216
927 286
927 323
927 348
927 438
927 554
927 570
927 704
927 726
927 745
927 746
927 755
927 826
927 883
927 889
927 890
927 904
927 925
927 935
927 966
927 983
928 168
928 295
928 410
928 418
928 505
928 512
928 608
928 627
928 773
928 813
928 840
928 847
928 866
928 872
928 887
928 906
928 921
928 944
928 946
928 964
928 979
928 994
929 96
929 156
929 207
929 208
929 388
929 399
929 512
929 606
929 612
929 640
929 648
929 662
929 690
929 774
929 847
929 872
929 901
929 913
929 922
929 937
929 938
929 964
929 979
930 157
930 260
930 267
930 321
930 334
930 509
930 513
930 514
930 535
930 587
930 599
930 727
930 753
930 815
930 840
930 857
930 876
930 885
930 920
930 961
930 975
930 985
930 999
931 230
931 237
931 293
931 318
931 528
931 532
931 544
931 561
931 575
931 695
931 731
931 746
931 755
931 826
931 855
931 883
931 889
931 904
931 916
931 918
931 935
931 940
931 966
932 33
932 122
932 195
932 232
932 245
932 484
932 640
932 656
932 669
932 784
932 801
932 834
932 870
932 873
932 924
932 936
932 940
932 963
932 968
932 973
932 977
932 987
932 993
933 269
933 286
933 297
933 387
933 544
933 570
933 575
933 585
933 710
933 759
933 808
933 812
933 826
933 855
933 883
933 889
933 890
933 904
933 918
933 935
933 966
933 983
933 984
934 43
934 112
934 127
934 283
934 331
934 350
934 373
934 502
934 520
934 638
934 684
934 697
934 715
934 771
934 784
934 806
934 809
934 841
934 877
934 881
934 914
934 919
934 999
935 212
935 356
935 362
935 389
935 446
935 563
935 570
935 604
935 705
935 731
935 745
935 755
935 826
935 846
935 886
935 889
935 890
935 904
935 918
935 927
935 931
935 933
935 966
935 983
936 91
936 306
936 419
936 445
936 507
936 620
936 656
936 669
936 709
936 716
936 794
936 839
936 868
936 870
936 873
936 894
936 917
936 921
936 932
936 940
936 956
936 961
936 963
936 977
937 28
937 40
937 82
937 83
937 246
937 279
937 479
937 546
937 560
937 679
937 682
937 707
937 750
937 756
937 778
937 793
937 811
937 929
937 942
937 956
937 969
937 971
937 991
937 999
938 42
938 55
938 249
938 252
938 303
938 340
938 361
938 386
938 477
938 506
938 530
938 594
938 645
938 691
938 711
938 762
938 775
938 803
938 834
938 848
938 871
938 885
938 929
938 959
939 77
939 176
939 251
939 477
939 494
939 495
939 537
939 569
939 607
939 618
939 711
939 738
939 748
939 788
939 822
939 871
939 874
939 925
939 942
939 945
939 954
939 955
939 959
939 982
940 88
940 306
940 316
940 436
940 475
940 510
940 523
940 586
940 631
940 668
940 669
940 747
940 788
940 794
940 799
940 870
940 921
940 931
940 932
940 936
940 963
940 967
940 968
940 973
941 211
941 218
941 388
941 503
941 529
941 577
941 583
941 611
941 621
941 628
941 765
941 814
941 846
941 853
941 891
941 895
941 910
941 911
941 944
941 958
941 970
941 988
941 995
941 996
942 27
942 95
942 102
942 239
942 441
942 447
942 551
942 626
942 670
942 681
942 701
942 756
942 772
942 819
942 835
942 877
942 879
942 905
942 907
942 937
942 939
942 967
942 978
942 999
943 26
943 106
943 210
943 314
943 335
943 370
943 378
943 387
943 430
943 440
943 516
943 526
943 558
943 579
943 625
943 634
943 654
943 665
943 675
943 757
943 787
943 900
943 947
943 948
943 986
944 29
944 62
944 144
944 146
944 299
944 330
944 450
944 487
944 512
944 548
944 606
944 612
944 627
944 723
944 728
944 773
944 774
944 825
944 831
944 860
944 872
944 928
944 941
944 979
944 994
945 7
945 18
945 88
945 101
945 136
945 183
945 220
945 241
945 284
945 317
945 434
945 523
945 581
945 582
945 613
945 711
945 738
945 857
945 939
945 954
945 955
945 958
945 959
945 961
945 965
945 982
946 110
946 194
946 205
946 295
946 394
946 549
946 551
946 615
946 660
946 702
946 723
946 728
946 764
946 773
946 813
946 815
946 843
946 847
946 872
946 906
946 922
946 928
946 951
946 955
946 964
946 979
947 3
947 20
947 113
947 154
947 177
947 242
947 266
947 277
947 329
947 354
947 376
947 519
947 537
947 584
947 616
947 644
947 729
947 760
947 777
947 795
947 869
947 912
947 943
947 953
947 965
947 992
948 25
948 32
948 76
948 165
948 400
948 498
948 515
948 637
948 678
948 691
948 714
948 772
948 790
948 805
948 873
948 878
948 879
948 893
948 902
948 905
948 907
948 943
948 949
948 967
948 978
948 989
949 23
949 72
949 216
949 238
949 380
949 433
949 441
949 498
949 515
949 580
949 669
949 701
949 720
949 729
949 769
949 811
949 843
949 878
949 879
949 882
949 886
949 894
949 903
949 907
949 948
949 989
949 999
950 5
950 17
950 74
950 80
950 83
950 206
950 269
950 309
950 312
950 377
950 426
950 499
950 501
950 596
950 671
950 718
950 754
950 755
950 797
950 832
950 837
950 842
950 854
950 895
950 977
950 980
950 981
951 36
951 73
951 167
951 235
951 253
951 257
951 292
951 402
951 498
951 527
951 628
951 630
951 724
951 738
951 800
951 802
951 814
951 836
951 846
951 863
951 910
951 911
951 922
951 946
951 970
951 972
951 995
952 128
952 179
952 224
952 405
952 431
952 481
952 502
952 524
952 555
952 559
952 632
952 638
952 711
952 713
952 715
952 737
952 809
952 844
952 848
952 861
952 865
952 881
952 905
952 909
952 914
952 919
952 953
953 44
953 131
953 313
953 560
953 619
953 633
953 655
953 674
953 679
953 682
953 686
953 699
953 716
953 736
953 763
953 778
953 827
953 866
953 901
953 908
953 947
953 952
953 969
953 970
953 971
953 991
953 998
954 7
954 102
954 149
954 151
954 163
954 183
954 272
954 301
954 372
954 386
954 533
954 569
954 570
954 613
954 635
954 662
954 691
954 748
954 775
954 824
954 871
954 885
954 939
954 945
954 955
954 973
954 975
954 984
955 43
955 126
955 138
955 296
955 311
955 372
955 381
955 459
955 470
955 506
955 537
955 540
955 558
955 662
955 691
955 706
955 748
955 824
955 848
955 852
955 871
955 872
955 939
955 945
955 946
955 954
955 959
955 982
956 40
956 103
956 115
956 131
956 225
956 288
956 290
956 428
956 457
956 490
956 496
956 568
956 707
956 736
956 762
956 763
956 849
956 866
956 926
956 936
956 937
956 957
956 958
956 959
956 969
956 971
956 991
956 998
957 22
957 82
957 125
957 153
957 196
957 205
957 218
957 252
957 320
957 470
957 490
957 496
957 546
957 657
957 679
957 699
957 742
957 747
957 750
957 793
957 849
957 875
957 908
957 926
957 956
957 969
957 991
957 998
958 63
958 111
958 213
958 261
958 267
958 301
958 321
958 334
958 374
958 413
958 573
958 617
958 698
958 717
958 792
958 796
958 857
958 858
958 871
958 899
958 915
958 920
958 941
958 945
958 956
958 961
958 976
958 985
959 16
959 86
959 136
959 173
959 227
959 249
959 296
959 372
959 381
959 494
959 530
959 582
959 636
959 683
959 762
959 775
959 837
959 871
959 880
959 884
959 885
959 907
959 938
959 939
959 945
959 955
959 956
959 965
960 188
960 192
960 213
960 309
960 346
960 364
960 366
960 423
960 472
960 499
960 501
960 540
960 591
960 605
960 671
960 718
960 754
960 767
960 797
960 832
960 837
960 842
960 845
960 854
960 895
960 973
960 974
960 980
960 981
961 37
961 229
961 267
961 326
961 383
961 395
961 398
961 413
961 486
961 509
961 543
961 573
961 588
961 598
961 617
961 703
961 727
961 749
961 846
961 857
961 867
961 930
961 936
961 945
961 958
961 963
961 967
961 975
961 976
962 5
962 47
962 183
962 250
962 256
962 401
962 412
962 495
962 518
962 545
962 593
962 600
962 649
962 672
962 695
962 785
962 822
962 828
962 862
962 870
962 887
962 888
962 896
962 897
962 908
962 915
962 925
962 990
962 992
963 33
963 78
963 151
963 234
963 281
963 403
963 404
963 454
963 561
963 586
963 656
963 709
963 725
963 741
963 792
963 801
963 859
963 868
963 872
963 873
963 875
963 889
963 894
963 932
963 936
963 940
963 961
963 967
963 973
963 993
964 71
964 98
964 150
964 181
964 195
964 308
964 411
964 439
964 497
964 530
964 549
964 571
964 578
964 608
964 684
964 764
964 774
964 776
964 779
964 781
964 782
964 826
964 876
964 901
964 922
964 928
964 929
964 946
964 970
964 989
965 55
965 68
965 143
965 149
965 163
965 227
965 442
965 494
965 523
965 569
965 607
965 613
965 618
965 635
965 636
965 645
965 706
965 748
965 761
965 767
965 775
965 784
965 803
965 880
965 924
965 945
965 947
965 959
965 966
965 981
966 10
966 135
966 155
966 293
966 319
966 323
966 438
966 473
966 563
966 575
966 601
966 604
966 649
966 745
966 746
966 808
966 826
966 855
966 864
966 883
966 890
966 918
966 927
966 931
966 933
966 935
966 965
966 983
966 984
966 988
967 23
967 32
967 108
967 148
967 175
967 220
967 379
967 433
967 462
967 498
967 504
967 514
967 547
967 670
967 705
967 720
967 817
967 819
967 903
967 905
967 907
967 917
967 940
967 942
967 948
967 961
967 963
967 978
967 989
967 997
968 9
968 97
968 169
968 240
968 254
968 302
968 385
968 419
968 445
968 454
968 562
968 589
968 602
968 669
968 709
968 713
968 741
968 788
968 794
968 859
968 870
968 894
968 912
968 924
968 932
968 940
968 977
968 982
968 985
968 986
968 989
969 85
969 107
969 225
969 288
969 324
969 367
969 428
969 435
969 490
969 542
969 591
969 642
969 643
969 682
969 686
969 705
969 726
969 736
969 742
969 758
969 763
969 765
969 926
969 937
969 953
969 956
969 957
969 971
969 979
969 988
969 991
970 177
970 214
970 248
970 253
970 264
970 272
970 328
970 343
970 388
970 496
970 503
970 597
970 613
970 621
970 639
970 680
970 721
970 724
970 761
970 765
970 814
970 846
970 883
970 892
970 910
970 941
970 951
970 953
970 964
970 988
970 995
971 52
971 75
971 103
971 190
971 243
971 324
971 328
971 435
971 470
971 542
971 603
971 633
971 641
971 643
971 657
971 685
971 686
971 722
971 742
971 827
971 849
971 866
971 888
971 926
971 937
971 953
971 956
971 969
971 972
971 977
971 988
971 991
972 199
972 261
972 285
972 328
972 330
972 344
972 347
972 360
972 491
972 501
972 577
972 589
972 612
972 614
972 621
972 628
972 687
972 716
972 757
972 764
972 765
972 800
972 814
972 830
972 851
972 863
972 892
972 910
972 911
972 951
972 971
972 995
973 21
973 60
973 70
973 169
973 209
973 234
973 302
973 308
973 397
973 401
973 404
973 406
973 453
973 608
973 709
973 725
973 788
973 794
973 801
973 839
973 847
973 868
973 870
973 873
973 884
973 894
973 921
973 932
973 940
973 954
973 960
973 963
973 993
974 47
974 59
974 256
974 305
974 307
974 356
974 407
974 442
974 455
974 476
974 508
974 531
974 593
974 600
974 649
974 661
974 672
974 673
974 687
974 759
974 785
974 818
974 828
974 862
974 887
974 888
974 896
974 925
974 960
974 975
974 976
974 990
974 992
974 996
975 92
975 109
975 116
975 117
975 180
975 192
975 213
975 375
975 390
975 429
975 449
975 468
975 521
975 553
975 598
975 609
975 666
975 695
975 696
975 717
975 791
975 792
975 794
975 815
975 858
975 867
975 876
975 890
975 923
975 930
975 954
975 961
975 974
975 985
975 992
976 2
976 37
976 87
976 119
976 145
976 228
976 238
976 261
976 303
976 314
976 415
976 466
976 535
976 573
976 588
976 592
976 598
976 664
976 677
976 727
976 751
976 753
976 774
976 783
976 791
976 858
976 867
976 876
976 886
976 899
976 900
976 958
976 961
976 974
976 983
977 74
977 300
977 306
977 308
977 385
977 436
977 454
977 561
977 562
977 589
977 602
977 659
977 664
977 668
977 700
977 711
977 725
977 734
977 781
977 787
977 788
977 799
977 801
977 859
977 870
977 875
977 894
977 921
977 932
977 936
977 950
977 968
977 971
977 983
977 993
978 1
978 30
978 54
978 161
978 274
978 338
978 397
978 433
978 483
978 488
978 551
978 626
978 650
978 693
978 701
978 718
978 720
978 723
978 740
978 770
978 790
978 805
978 808
978 835
978 868
978 879
978 893
978 902
978 903
978 905
978 907
978 926
978 942
978 948
978 967
978 999
979 4
979 15
979 29
979 139
979 181
979 194
979 205
979 207
979 277
979 345
979 394
979 410
979 418
979 450
979 536
979 606
979 690
979 712
979 723
979 728
979 743
979 773
979 774
979 782
979 813
979 838
979 860
979 901
979 913
979 928
979 929
979 944
979 946
979 969
979 991
979 993
979 994
980 11
980 64
980 80
980 201
980 206
980 243
980 312
980 332
980 346
980 377
980 423
980 426
980 437
980 472
980 499
980 501
980 540
980 596
980 605
980 652
980 660
980 671
980 718
980 754
980 767
980 797
980 832
980 837
980 845
980 854
980 881
980 895
980 950
980 960
980 981
980 982
980 984
980 987
981 17
981 141
981 188
981 201
981 269
981 309
981 312
981 346
981 377
981 426
981 472
981 499
981 501
981 540
981 547
981 554
981 586
981 591
981 596
981 605
981 660
981 671
981 694
981 754
981 767
981 797
981 832
981 837
981 842
981 845
981 854
981 895
981 916
981 950
981 960
981 965
981 980
981 991
982 29
982 35
982 102
982 143
982 220
982 255
982 284
982 340
982 386
982 459
982 477
982 480
982 483
982 518
982 523
982 538
982 574
982 618
982 636
982 662
982 683
982 711
982 738
982 761
982 762
982 775
982 803
982 824
982 848
982 852
982 880
982 885
982 939
982 945
982 955
982 968
982 980
982 983
982 997
983 39
983 124
983 139
983 217
983 237
983 318
983 359
983 438
983 446
983 469
983 554
983 563
983 570
983 575
983 585
983 601
983 604
983 710
983 731
983 746
983 755
983 808
983 826
983 855
983 867
983 883
983 889
983 890
983 904
983 907
983 918
983 927
983 933
983 935
983 966
983 976
983 977
983 982
983 984
984 124
984 135
984 162
984 171
984 230
984 237
984 245
984 246
984 286
984 323
984 362
984 446
984 528
984 532
984 544
984 554
984 563
984 585
984 601
984 604
984 710
984 731
984 745
984 746
984 808
984 811
984 855
984 883
984 889
984 890
984 904
984 918
984 933
984 954
984 966
984 980
984 983
984 987
984 995
984 998
985 119
985 171
985 232
985 260
985 270
985 326
985 375
985 415
985 429
985 486
985 509
985 521
985 535
985 548
985 553
985 587
985 617
985 666
985 687
985 696
985 703
985 707
985 749
985 753
985 758
985 783
985 792
985 796
985 815
985 857
985 876
985 886
985 900
985 920
985 930
985 958
985 968
985 975
985 986
985 993
986 0
986 26
986 38
986 48
986 58
986 106
986 154
986 158
986 210
986 222
986 318
986 319
986 335
986 353
986 378
986 384
986 387
986 430
986 439
986 440
986 465
986 500
986 516
986 526
986 558
986 579
986 610
986 622
986 634
986 647
986 654
986 665
986 675
986 751
986 757
986 787
986 850
986 943
986 968
986 985
987 84
987 88
987 97
987 144
987 200
987 209
987 233
987 302
987 316
987 349
987 385
987 445
987 456
987 458
987 510
987 561
987 562
987 620
987 631
987 640
987 646
987 659
987 700
987 709
987 719
987 725
987 734
987 741
987 771
987 780
987 788
987 799
987 839
987 859
987 873
987 880
987 893
987 924
987 932
987 980
987 984
988 45
988 51
988 53
988 114
988 123
988 167
988 187
988 189
988 199
988 211
988 248
988 264
988 292
988 297
988 347
988 402
988 452
988 475
988 525
988 568
988 577
988 597
988 614
988 639
988 721
988 781
988 814
988 833
988 836
988 851
988 853
988 891
988 892
988 910
988 941
988 966
988 969
988 970
988 971
988 995
988 997
988 999
989 2
989 27
989 30
989 86
989 100
989 191
989 238
989 274
989 397
989 460
989 483
989 488
989 489
989 499
989 520
989 536
989 547
989 549
989 566
989 626
989 670
989 681
989 693
989 729
989 770
989 772
989 805
989 811
989 819
989 825
989 830
989 877
989 893
989 902
989 907
989 948
989 949
989 964
989 967
989 968
989 990
989 993
989 999
990 5
990 47
990 146
990 197
990 250
990 259
990 355
990 356
990 366
990 393
990 407
990 417
990 467
990 485
990 508
990 521
990 531
990 538
990 545
990 600
990 649
990 661
990 663
990 735
990 759
990 775
990 782
990 785
990 796
990 823
990 887
990 888
990 896
990 897
990 915
990 925
990 962
990 974
990 989
990 992
990 993
990 994
990 996
991 6
991 42
991 52
991 92
991 107
991 153
991 188
991 320
991 470
991 542
991 557
991 560
991 567
991 590
991 603
991 619
991 643
991 657
991 674
991 685
991 726
991 736
991 742
991 746
991 750
991 756
991 778
991 808
991 827
991 836
991 849
991 926
991 937
991 953
991 956
991 957
991 969
991 971
991 979
991 981
991 993
991 996
991 998
992 49
992 87
992 94
992 99
992 134
992 146
992 231
992 236
992 250
992 259
992 263
992 299
992 327
992 355
992 401
992 407
992 476
992 508
992 538
992 593
992 621
992 649
992 661
992 663
992 672
992 735
992 818
992 822
992 828
992 862
992 887
992 888
992 897
992 925
992 947
992 962
992 974
992 975
992 990
992 993
992 994
992 996
992 997
993 9
993 21
993 74
993 90
993 144
993 234
993 254
993 306
993 349
993 456
993 458
993 469
993 507
993 565
993 631
993 640
993 646
993 656
993 659
993 668
993 669
993 734
993 741
993 788
993 799
993 801
993 870
993 873
993 875
993 894
993 921
993 924
993 932
993 963
993 973
993 977
993 979
993 985
993 989
993 990
993 991
993 992
993 996
993 999
994 24
994 93
994 139
994 150
994 170
994 172
994 202
994 355
994 367
994 433
994 450
994 464
994 487
994 517
994 543
994 548
994 571
994 615
994 624
994 647
994 690
994 692
994 702
994 723
994 728
994 743
994 776
994 781
994 825
994 831
994 833
994 840
994 843
994 847
994 860
994 872
994 875
994 901
994 906
994 913
994 928
994 944
994 979
994 990
994 992
994 995
995 36
995 45
995 53
995 57
995 160
995 291
995 292
995 297
995 315
995 330
995 344
995 352
995 443
995 444
995 452
995 461
995 475
995 491
995 527
995 531
995 568
995 577
995 611
995 639
995 680
995 694
995 716
995 721
995 724
995 751
995 776
995 800
995 836
995 846
995 863
995 891
995 892
995 926
995 941
995 951
995 970
995 972
995 984
995 988
995 994
995 996
995 997
996 71
996 94
996 134
996 165
996 231
996 256
996 304
996 307
996 322
996 327
996 340
996 356
996 393
996 401
996 407
996 412
996 417
996 476
996 485
996 518
996 531
996 538
996 545
996 642
996 649
996 661
996 663
996 672
996 673
996 759
996 785
996 822
996 828
996 832
996 851
996 862
996 887
996 888
996 897
996 915
996 925
996 941
996 974
996 990
996 991
996 992
996 993
996 995
997 2
997 10
997 72
997 76
997 79
997 84
997 90
997 100
997 104
997 221
997 289
997 298
997 338
997 380
997 400
997 447
997 472
997 483
997 504
997 514
997 623
997 626
997 670
997 678
997 693
997 705
997 714
997 733
997 769
997 770
997 772
997 777
997 817
997 819
997 835
997 877
997 879
997 902
997 903
997 905
997 917
997 923
997 967
997 982
997 988
997 992
997 995
997 999
998 6
998 28
998 40
998 83
998 92
998 103
998 115
998 147
998 226
998 243
998 278
998 290
998 307
998 313
998 320
998 321
998 324
998 438
998 479
998 496
998 505
998 560
998 576
998 603
998 619
998 633
998 655
998 657
998 679
998 682
998 685
998 686
998 699
998 707
998 726
998 742
998 756
998 778
998 793
998 866
998 887
998 897
998 926
998 953
998 956
998 957
998 984
998 991
998 999
999 23
999 30
999 54
999 76
999 79
999 175
999 191
999 298
999 371
999 400
999 425
999 447
999 460
999 488
999 489
999 514
999 520
999 580
999 670
999 678
999 693
999 701
999 705
999 720
999 740
999 759
999 763
999 769
999 770
999 790
999 798
999 811
999 835
999 891
999 902
999 905
999 907
999 917
999 923
999 930
999 934
999 937
999 942
999 949
999 978
999 988
999 989
999 993
999 997
999 998
