0 0
1 0
2 1
3 2
4 2
5 2
6 1
7 3
8 2
9 2
10 3
11 1
12 2
13 2
14 2
15 2
16 2
17 2
18 2
19 2
20 2
21 2
22 2
23 2
24 2
25 2
26 2
27 2
28 2
29 2
30 2
31 2
32 2
33 2
34 2
35 2
36 2
37 2
38 2
39 2
40 2
41 2
42 4
43 3
44 3
45 4
46 4
47 4
48 4
49 4
50 4
51 4
52 4
53 4
54 4
55 0
56 0
57 0
58 0
59 0
60 0
61 0
62 0
63 0
64 0
65 0
66 4
67 4
68 3
69 0
70 0
71 4
72 0
73 3
74 3
75 4
76 3
77 0
78 0
79 4
80 0
81 4
82 0
83 0
84 0
85 0
86 0
87 4
88 0
89 0
90 0
91 0
92 0
93 0
94 0
95 0
96 0
97 3
98 0
99 4
100 0
101 0
102 0
103 0
104 0
105 0
106 0
107 0
108 0
109 0
110 0
111 0
112 0
113 4
114 0
115 4
116 3
117 3
118 0
119 0
120 0
121 4
122 0
123 0
124 2
125 4
126 0
127 0
128 0
129 0
130 2
131 0
132 3
133 1
134 2
135 0
136 4
137 1
138 0
139 0
140 4
141 3
142 4
143 3
144 3
145 3
146 4
147 4
148 0
149 0
150 0
151 0
152 0
153 0
154 0
155 0
156 0
157 0
158 0
159 2
160 1
161 4
162 0
163 4
164 4
165 0
166 1
167 4
168 0
169 0
170 0
171 0
172 0
173 1
174 3
175 0
176 0
177 0
178 0
179 1
180 1
181 1
182 1
183 1
184 2
185 1
186 1
187 1
188 1
189 1
190 1
191 2
192 2
193 3
194 3
