128 17 24 153 28 166 39 40 170 44 177 178 53 61 67 84 103 105 114 116 
0 1 3 4 5 6 7 8 10 11 12 13 14 17 18 19 20 21 22 23 24 26 27 28 29 30 31 32 33 34 35 37 39 40 41 42 44 45 47 48 49 50 51 53 55 56 57 58 59 60 61 62 63 65 66 67 68 69 70 71 72 73 74 75 76 77 78 79 81 82 83 84 85 86 87 88 89 90 91 92 93 95 97 98 99 101 102 103 104 105 106 108 109 110 111 112 113 114 115 116 118 119 120 122 123 124 125 126 127 128 129 130 131 132 133 134 135 136 137 138 139 140 141 142 143 144 145 146 147 148 149 150 152 153 155 156 157 158 159 160 161 162 163 164 165 166 167 168 169 170 171 172 173 174 175 176 177 178 179 180 181 182 183 184 185 186 187 188 189 190 191 192 193 194 195 196 197 198 199 201 202 205 207 208 209 210 211 212 213 214 215 216 217 219 220 221 222 223 224 225 226 
3 132 137 146 147 19 27 156 164 165 48 178 51 179 57 61 189 62 191 72 84 215 93 109 115 
0 161 131 87 187 
133 200 43 203 80 81 212 217 25 
130 8 138 139 158 32 33 162 169 41 171 50 72 77 205 208 88 217 110 112 122 
129 2 100 218 9 107 43 46 15 52 154 94 
1 163 58 196 102 166 74 108 79 124 20 86 215 217 186 60 157 30 
128 131 143 144 145 18 20 155 28 30 44 173 175 176 50 178 180 184 58 187 65 194 67 197 198 73 202 78 84 215 89 217 92 222 224 99 102 108 114 124 127 
98 195 68 66 101 13 113 116 148 214 22 188 126 
64 121 106 151 
3 4 11 13 14 16 17 19 21 22 24 25 26 28 30 39 40 42 43 44 45 47 48 51 53 55 57 61 62 65 66 67 68 69 70 72 73 74 76 78 80 81 83 84 85 87 89 91 92 97 98 99 101 103 104 105 109 111 113 114 115 116 118 124 126 128 132 135 136 137 140 141 145 146 147 148 149 150 153 156 159 160 161 164 165 166 167 168 170 173 174 176 177 178 179 180 188 189 190 191 195 197 198 200 203 207 210 212 213 214 215 217 219 220 221 223 224 
69 104 73 74 83 85 118 217 223 
128 5 134 6 135 133 10 11 12 141 142 14 18 149 150 23 21 153 26 28 157 159 160 34 163 167 40 168 42 172 174 176 49 50 179 181 55 184 183 186 56 63 65 194 196 197 198 199 71 201 202 207 209 211 212 85 216 219 91 220 222 224 97 102 103 105 108 111 113 116 123 127 
