0 3
1 7
2 6
3 11
4 11
5 13
6 13
7 1
8 5
9 6
10 13
11 13
12 13
13 11
14 13
15 6
16 11
17 11
18 13
19 11
20 8
21 13
22 11
23 13
24 11
25 11
26 13
27 2
28 13
29 1
30 11
31 1
32 5
33 5
34 13
35 1
36 -1
37 1
38 -1
39 11
40 13
41 5
42 13
43 11
44 11
45 11
46 6
47 11
48 11
49 13
50 13
51 11
52 6
53 11
54 -1
55 13
56 13
57 11
58 8
59 1
60 7
61 11
62 11
63 13
64 10
65 13
66 11
67 11
68 11
69 12
70 11
71 13
72 11
73 12
74 12
75 1
76 11
77 5
78 11
79 7
80 11
81 11
82 1
83 12
84 11
85 13
86 7
87 11
88 5
89 11
90 1
91 13
92 11
93 2
94 6
95 1
96 -1
97 13
98 11
99 11
100 6
101 11
102 13
103 13
104 12
105 13
106 10
107 6
108 13
109 11
110 5
111 13
112 5
113 13
114 11
115 11
116 13
117 -1
118 12
119 1
120 1
121 10
122 5
123 13
124 11
125 1
126 11
127 13
128 13
129 6
130 5
131 8
132 11
133 13
134 13
135 13
136 11
137 11
138 5
139 5
140 11
141 13
142 13
143 8
144 8
145 11
146 11
147 11
148 11
149 13
150 13
151 10
152 1
153 13
154 6
155 8
156 11
157 13
158 5
159 13
160 13
161 11
162 5
163 13
164 11
165 11
166 11
167 13
168 13
169 5
170 11
171 5
172 13
173 11
174 13
175 8
176 13
177 11
178 11
179 13
180 11
181 13
182 1
183 13
184 13
185 1
186 13
187 8
188 11
189 11
190 11
191 11
192 1
193 1
194 13
195 11
196 13
197 13
198 13
199 13
200 11
201 13
202 13
203 11
204 -1
205 5
206 -1
207 13
208 5
209 13
210 11
211 13
212 13
213 11
214 11
215 11
216 13
217 12
218 6
219 13
220 13
221 11
222 13
223 12
224 13
225 1
226 1
