1 3 4 15 33 36 107 119 136 188 234 278 289 297 305 306 315 321 325 330 349 377 380 396 483 507 533 536 548 591 592 596 597 605 636 644 669 705 733 738 741 746 757 758 762 763 765 770 783 809 811 816 820 843 896 923 925 962 974 990 992 996
20 69 75 88 103 120 151 169 194 220 244 276 287 313 322 337 364 399 419 438 441 516 556 620 703 767 800 804 810 868 884 904 916 986
11 13 16 92 108 126 156 181 185 303 308 339 343 346 347 350 375 382 391 437 472 537 568 593 679 688 702 706 771 830 835 840 871 909 921 960 980 981
24 40 56 124 127 143 198 229 341 363 383 387 403 489 508 692 742 806 818 948 955
37 42 60 80 110 112 123 133 135 140 149 152 165 193 202 225 230 248 256 257 273 284 291 355 366 376 397 410 431 448 451 455 459 461 463 494 500 511 522 538 555 563 574 589 598 604 611 615 622 623 643 653 680 684 697 722 726 736 748 749 750 753 761 776 788 839 841 849 858 890 892 924 936 938 946 956 957 969 971 991 998
0 12 31 73 86 94 128 137 138 148 155 158 164 167 174 177 187 195 199 217 242 246 249 251 267 270 279 288 293 295 299 311 344 359 360 367 395 405 414 442 450 457 466 474 478 498 501 510 512 513 515 519 520 526 535 541 542 551 562 576 595 637 639 646 663 665 666 677 718 721 731 766 777 779 803 817 831 837 846 852 854 855 872 873 902 945 951 964 979 994
18 28 30 35 39 43 54 57 61 78 93 97 101 105 118 121 129 130 153 191 200 208 211 223 235 245 250 258 277 280 283 310 319 326 368 374 379 385 400 440 446 454 456 481 495 504 579 582 583 586 599 601 614 618 641 660 672 678 693 719 724 730 744 778 794 799 801 826 827 844 850 866 869 874 875 877 879 886 901 935 941 942 949 967 978 989 997 999
26 77 115 212 224 484 490 534 567 578 581 635 658 725 882
38 83 106 163 178 196 213 241 265 266 292 348 358 420 421 422 433 554 557 561 619 735 768 785 805 829 845
99 144 184 338 369 447 524 588 608 754 819 878 881 928 934
2 17 44 46 51 52 55 76 122 197 203 205 207 210 221 260 285 296 302 384 389 413 476 493 499 503 525 529 547 602 609 626 647 674 708 729 740 790 862 885 888 894 922 926 930 932 966 983 984
6 41 45 50 65 71 74 84 85 91 95 102 117 145 160 161 170 173 175 183 190 192 204 206 214 228 252 254 255 261 304 312 317 335 365 381 386 398 404 409 416 439 467 468 470 473 487 509 518 521 523 540 546 549 566 590 617 628 629 631 640 659 683 685 687 700 712 751 755 769 812 814 822 828 833 836 889 905 911 917 920 927 950 952 970 972 988 995
8 68 176 320 426 436 479 506 530 564 613 652 676 815 903
5 34 64 66 82 89 98 100 109 113 116 147 150 166 179 209 216 222 227 236 264 294 309 329 333 340 351 354 393 401 402 407 425 427 430 458 460 482 497 505 531 532 569 571 573 580 584 587 606 612 625 634 645 649 650 651 654 661 668 673 682 690 715 717 734 747 752 791 795 797 807 832 860 876 891 931 939 944 963 968 973 977 987 993
22 23 25 32 49 62 70 79 90 104 141 172 182 186 215 232 233 247 253 275 281 307 314 323 357 362 370 373 406 415 429 432 444 465 469 475 477 480 492 514 528 552 558 572 594 600 603 616 621 632 633 648 655 656 662 667 681 689 699 714 720 728 743 772 773 774 784 787 798 802 813 823 824 863 867 880 883 899 900 906 907 937 947 953 954 959 965 982
87 231 327 334 345 412 559 575 624 627 671 675 782 786 834 838 914 919
7 29 48 168 263 274 336 392 443 502 670 686 694 711 759 775 792 796 853 857 897
19 27 47 63 67 72 81 96 114 132 134 139 142 159 162 201 219 237 238 239 240 259 268 269 272 290 298 300 318 324 328 331 332 342 353 361 371 372 378 388 390 394 408 418 428 434 462 464 471 485 486 488 496 527 543 550 560 570 585 638 695 696 704 707 709 713 716 723 727 756 764 781 789 808 821 842 856 859 861 864 865 893 895 898 913 918 929 940 958 961 975 976 985
9 10 21 53 59 131 146 154 157 171 180 189 218 226 243 262 282 316 356 411 417 423 424 449 452 453 491 517 539 544 553 565 607 610 630 657 664 691 701 710 739 745 825 847 848 851 870 912 933 943
14 58 111 125 271 286 301 352 435 445 545 577 642 698 732 737 760 780 793 887 908 910 915
