0 6
1 1
2 11
3 1
4 1
5 14
6 12
7 17
8 13
9 19
10 19
11 3
12 6
13 3
14 20
15 1
16 3
17 11
18 7
19 18
20 2
21 19
22 15
23 15
24 4
25 15
26 8
27 18
28 7
29 17
30 7
31 6
32 15
33 1
34 14
35 7
36 1
37 5
38 9
39 7
40 4
41 12
42 5
43 7
44 11
45 12
46 11
47 18
48 17
49 15
50 12
51 11
52 11
53 19
54 7
55 11
56 4
57 7
58 20
59 19
60 5
61 7
62 15
63 18
64 14
65 12
66 14
67 18
68 13
69 2
70 15
71 12
72 18
73 6
74 12
75 2
76 11
77 8
78 7
79 15
80 5
81 18
82 14
83 9
84 12
85 12
86 6
87 16
88 2
89 14
90 15
91 12
92 3
93 7
94 6
95 12
96 18
97 7
98 14
99 10
100 14
101 7
102 12
103 2
104 15
105 7
106 9
107 1
108 3
109 14
110 5
111 20
112 5
113 14
114 18
115 8
116 14
117 12
118 7
119 1
120 2
121 7
122 11
123 5
124 4
125 20
126 3
127 4
128 6
129 7
130 7
131 19
132 18
133 5
134 18
135 5
136 1
137 6
138 6
139 18
140 5
141 15
142 18
143 4
144 10
145 12
146 19
147 14
148 6
149 5
150 14
151 2
152 5
153 7
154 19
155 6
156 3
157 19
158 6
159 18
160 12
161 12
162 18
163 9
164 6
165 5
166 14
167 6
168 17
169 2
170 12
171 19
172 15
173 12
174 6
175 12
176 13
177 6
178 9
179 14
180 19
181 3
182 15
183 12
184 10
185 3
186 15
187 6
188 1
189 19
190 12
191 7
192 12
193 5
194 2
195 6
196 9
197 11
198 4
199 6
200 7
201 18
202 5
203 11
204 12
205 11
206 12
207 11
208 7
209 14
210 11
211 7
212 8
213 9
214 12
215 15
216 14
217 6
218 19
219 18
220 2
221 11
222 14
223 7
224 8
225 5
226 19
227 14
228 12
229 4
230 5
231 16
232 15
233 15
234 1
235 7
236 14
237 18
238 18
239 18
240 18
241 9
242 6
243 19
244 2
245 7
246 6
247 15
248 5
249 6
250 7
251 6
252 12
253 15
254 12
255 12
256 5
257 5
258 7
259 18
260 11
261 12
262 19
263 17
264 14
265 9
266 9
267 6
268 18
269 18
270 6
271 20
272 18
273 5
274 17
275 15
276 2
277 7
278 1
279 6
280 7
281 15
282 19
283 7
284 5
285 11
286 20
287 2
288 6
289 1
290 18
291 5
292 9
293 6
294 14
295 6
296 11
297 1
298 18
299 6
300 18
301 20
302 11
303 3
304 12
305 1
306 1
307 15
308 3
309 14
310 7
311 6
312 12
313 2
314 15
315 1
316 19
317 12
318 18
319 7
320 13
321 1
322 2
323 15
324 18
325 1
326 7
327 16
328 18
329 14
330 1
331 18
332 18
333 14
334 16
335 12
336 17
337 2
338 10
339 3
340 14
341 4
342 18
343 3
344 6
345 16
346 3
347 3
348 9
349 1
350 3
351 14
352 20
353 18
354 14
355 5
356 19
357 15
358 9
359 6
360 6
361 18
362 15
363 4
364 2
365 12
366 5
367 6
368 7
369 10
370 15
371 18
372 18
373 15
374 7
375 3
376 5
377 1
378 18
379 7
380 1
381 12
382 3
383 4
384 11
385 7
386 12
387 4
388 18
389 11
390 18
391 3
392 17
393 14
394 18
395 6
396 1
397 5
398 12
399 2
400 7
401 14
402 14
403 4
404 12
405 6
406 15
407 14
408 18
409 12
410 5
411 19
412 16
413 11
414 6
415 15
416 12
417 19
418 18
419 2
420 9
421 9
422 9
423 19
424 19
425 14
426 13
427 14
428 18
429 15
430 14
431 5
432 15
433 9
434 18
435 20
436 13
437 3
438 2
439 12
440 7
441 2
442 6
443 17
444 15
445 20
446 7
447 10
448 5
449 19
450 6
451 5
452 19
453 19
454 7
455 5
456 7
457 6
458 14
459 5
460 14
461 5
462 18
463 5
464 18
465 15
466 6
467 12
468 12
469 15
470 12
471 18
472 3
473 12
474 6
475 15
476 11
477 15
478 6
479 13
480 15
481 7
482 14
483 1
484 8
485 18
486 18
487 12
488 18
489 4
490 8
491 19
492 15
493 11
494 5
495 7
496 18
497 14
498 6
499 11
500 5
501 6
502 17
503 11
504 7
505 14
506 13
507 1
508 4
509 12
510 6
511 5
512 6
513 6
514 15
515 6
516 2
517 19
518 12
519 6
520 6
521 12
522 5
523 12
524 10
525 11
526 6
527 18
528 15
529 11
530 13
531 14
532 14
533 1
534 8
535 6
536 1
537 3
538 5
539 19
540 12
541 6
542 6
543 18
544 19
545 20
546 12
547 11
548 1
549 12
550 18
551 6
552 15
553 19
554 9
555 5
556 2
557 9
558 15
559 16
560 18
561 9
562 6
563 5
564 13
565 19
566 12
567 8
568 3
569 14
570 18
571 14
572 15
573 14
574 5
575 16
576 6
577 20
578 8
579 7
580 14
581 8
582 7
583 7
584 14
585 18
586 7
587 14
588 10
589 5
590 12
591 1
592 1
593 3
594 15
595 6
596 1
597 1
598 5
599 7
600 15
601 7
602 11
603 15
604 5
605 1
606 14
607 19
608 10
609 11
610 19
611 5
612 14
613 13
614 7
615 5
616 15
617 12
618 7
619 9
620 2
621 15
622 5
623 5
624 16
625 14
626 11
627 16
628 12
629 12
630 19
631 12
632 15
633 15
634 14
635 8
636 1
637 6
638 18
639 6
640 12
641 7
642 20
643 5
644 1
645 14
646 6
647 11
648 15
649 14
650 14
651 14
652 13
653 5
654 14
655 15
656 15
657 19
658 8
659 12
660 7
661 14
662 15
663 6
664 19
665 6
666 6
667 15
668 14
669 1
670 17
671 16
672 7
673 14
674 11
675 16
676 13
677 6
678 7
679 3
680 5
681 15
682 14
683 12
684 5
685 12
686 17
687 12
688 3
689 15
690 14
691 19
692 4
693 7
694 17
695 18
696 18
697 5
698 20
699 15
700 12
701 19
702 3
703 2
704 18
705 1
706 3
707 18
708 11
709 18
710 19
711 17
712 12
713 18
714 15
715 14
716 18
717 14
718 6
719 7
720 15
721 6
722 5
723 18
724 7
725 8
726 5
727 18
728 15
729 11
730 7
731 6
732 20
733 1
734 14
735 9
736 5
737 20
738 1
739 19
740 11
741 1
742 4
743 15
744 7
745 19
746 1
747 14
748 5
749 5
750 5
751 12
752 14
753 5
754 10
755 12
756 18
757 1
758 1
759 17
760 20
761 5
762 1
763 1
764 18
765 1
766 6
767 2
768 9
769 12
770 1
771 3
772 15
773 15
774 15
775 17
776 5
777 6
778 7
779 6
780 20
781 18
782 16
783 1
784 15
785 9
786 16
787 15
788 5
789 18
790 11
791 14
792 17
793 20
794 7
795 14
796 17
797 14
798 15
799 7
800 2
801 7
802 15
803 6
804 2
805 9
806 4
807 14
808 18
809 1
810 2
811 1
812 12
813 15
814 12
815 13
816 1
817 6
818 4
819 10
820 1
821 18
822 12
823 15
824 15
825 19
826 7
827 7
828 12
829 9
830 3
831 6
832 14
833 12
834 16
835 3
836 12
837 6
838 16
839 5
840 3
841 5
842 18
843 1
844 7
845 9
846 6
847 19
848 19
849 5
850 7
851 19
852 6
853 17
854 6
855 6
856 18
857 17
858 5
859 18
860 14
861 18
862 11
863 15
864 18
865 18
866 7
867 15
868 2
869 7
870 19
871 3
872 6
873 6
874 7
875 7
876 14
877 7
878 10
879 7
880 15
881 10
882 8
883 15
884 2
885 11
886 7
887 20
888 11
889 12
890 5
891 14
892 5
893 18
894 11
895 18
896 1
897 17
898 18
899 15
900 15
901 7
902 6
903 13
904 2
905 12
906 15
907 15
908 20
909 3
910 20
911 12
912 19
913 18
914 16
915 20
916 2
917 12
918 18
919 16
920 12
921 3
922 11
923 1
924 5
925 1
926 11
927 12
928 10
929 18
930 11
931 14
932 11
933 19
934 10
935 7
936 5
937 15
938 5
939 14
940 18
941 7
942 7
943 19
944 14
945 6
946 5
947 15
948 4
949 7
950 12
951 6
952 12
953 15
954 15
955 4
956 5
957 5
958 18
959 15
960 3
961 18
962 1
963 14
964 6
965 15
966 11
967 7
968 14
969 5
970 12
971 5
972 12
973 14
974 1
975 18
976 18
977 14
978 7
979 6
980 3
981 3
982 15
983 11
984 11
985 18
986 2
987 14
988 12
989 7
990 1
991 5
992 1
993 14
994 6
995 12
996 1
997 7
998 5
999 7
