0 852
0 988
0 994
1 859
1 990
1 992
2 926
2 932
2 958
3 368
3 475
3 974
4 781
4 962
4 974
5 196
5 340
5 987
6 510
6 920
6 970
7 775
7 790
7 857
8 613
8 903
8 932
9 611
9 943
9 986
10 610
10 977
10 986
11 593
11 980
11 989
12 803
12 833
12 945
13 236
13 891
13 980
14 908
14 915
14 931
15 119
15 963
15 974
16 364
16 722
16 981
17 123
17 926
17 984
18 693
18 876
18 999
19 613
19 709
19 864
20 868
20 967
20 986
21 424
21 701
21 875
22 405
22 492
22 558
23 667
23 899
23 998
24 341
24 600
24 955
25 111
25 469
25 953
26 882
26 918
26 992
27 324
27 570
27 801
28 178
28 943
28 999
29 537
29 711
29 897
30 826
30 915
30 942
31 102
31 360
31 994
32 594
32 745
32 943
33 660
33 940
33 996
34 842
34 977
34 987
35 869
35 985
35 989
36 746
36 811
36 911
37 454
37 892
37 971
38 345
38 557
38 561
39 689
39 917
39 997
40 428
40 948
40 955
41 814
41 970
41 983
42 721
42 971
42 981
43 665
43 794
43 935
44 160
44 966
44 984
45 133
45 192
45 683
46 729
46 821
46 984
47 929
47 956
47 975
48 759
48 897
48 968
49 448
49 739
49 953
50 75
50 312
50 950
51 271
51 641
51 984
52 774
52 930
52 983
53 453
53 587
53 739
54 420
54 794
54 989
55 733
55 922
55 966
56 590
56 742
56 955
57 794
57 983
57 997
58 577
58 915
58 989
59 471
59 825
59 851
60 879
60 956
60 998
61 515
61 827
61 989
62 629
62 662
62 784
63 821
63 905
63 961
64 836
64 987
64 993
65 872
65 988
65 995
66 805
66 968
66 993
67 471
67 567
67 985
68 685
68 815
68 903
69 629
69 800
69 986
70 927
70 954
70 965
71 976
71 988
71 997
72 918
72 971
72 975
73 251
73 833
73 979
74 751
74 844
74 917
75 50
75 804
75 986
76 898
76 966
76 984
77 635
77 945
77 995
78 368
78 785
78 999
79 651
79 906
79 953
80 881
80 938
80 989
81 222
81 958
81 975
82 584
82 764
82 963
83 127
83 367
83 805
84 751
84 969
84 988
85 828
85 954
85 988
86 105
86 846
86 945
87 838
87 919
87 988
88 707
88 916
88 947
89 922
89 944
89 968
90 289
90 614
90 982
91 145
91 952
91 966
92 161
92 903
92 932
93 730
93 869
93 969
94 855
94 937
94 945
95 833
95 949
95 952
96 974
96 975
96 985
97 524
97 877
97 928
98 658
98 891
98 987
99 651
99 928
99 934
100 116
100 488
100 993
101 363
101 672
101 978
102 31
102 650
102 659
103 884
103 904
103 964
104 461
104 681
104 954
105 86
105 941
105 978
106 829
106 881
106 912
107 896
107 947
107 990
108 626
108 960
108 980
109 569
109 806
109 939
110 924
110 991
110 992
111 25
111 887
111 908
112 522
112 565
112 991
113 309
113 831
113 977
114 165
114 505
114 859
115 210
115 484
115 581
116 100
116 942
116 977
117 687
117 788
117 988
118 885
118 989
118 997
119 15
119 831
119 974
120 438
120 941
120 995
121 811
121 901
121 999
122 926
122 966
122 981
123 17
123 454
123 938
124 628
124 902
124 948
125 698
125 737
125 949
126 739
126 909
126 981
127 83
127 948
127 955
128 520
128 650
128 855
129 446
129 719
129 922
130 744
130 816
130 942
131 912
131 937
131 954
132 238
132 388
132 990
133 45
133 560
133 753
134 547
134 940
134 958
135 939
135 969
135 971
136 990
136 992
136 998
137 275
137 611
137 951
138 964
138 986
138 994
139 898
139 918
139 966
140 598
140 772
140 957
141 854
141 880
141 967
142 634
142 865
142 961
143 631
143 948
143 955
144 179
144 798
144 934
145 91
145 936
145 972
146 411
146 870
146 960
147 935
147 963
147 968
148 902
148 951
148 996
149 643
149 984
149 998
150 882
150 939
150 977
151 703
151 904
151 985
152 653
152 956
152 985
153 941
153 965
153 992
154 452
154 851
154 974
155 344
155 374
155 852
156 960
156 965
156 980
157 282
157 851
157 936
158 443
158 854
158 945
159 464
159 655
159 985
160 44
160 631
160 978
161 92
161 354
161 950
162 861
162 946
162 972
163 554
163 619
163 993
164 551
164 728
164 731
165 114
165 849
165 991
166 310
166 634
166 832
167 677
167 846
167 996
168 670
168 694
168 768
169 441
169 755
169 916
170 828
170 920
170 963
171 487
171 745
171 943
172 528
172 880
172 997
173 365
173 697
173 970
174 831
174 947
174 964
175 731
175 911
175 927
176 177
176 320
176 815
177 176
177 872
177 994
178 28
178 433
178 619
179 144
179 650
179 931
180 517
180 690
180 943
181 679
181 926
181 980
182 714
182 982
182 999
183 920
183 955
183 995
184 431
184 928
184 934
185 731
185 909
185 960
186 415
186 495
186 631
187 731
187 816
187 990
188 465
188 915
188 996
189 681
189 691
189 943
190 796
190 920
190 950
191 875
191 964
191 989
192 45
192 617
192 831
193 956
193 958
193 971
194 364
194 958
194 986
195 623
195 855
195 945
196 5
196 477
196 785
197 489
197 674
197 930
198 818
198 955
198 998
199 235
199 654
199 766
200 741
200 978
200 999
201 268
201 553
201 940
202 450
202 455
202 978
203 349
203 861
203 862
204 892
204 948
204 952
205 926
205 965
205 990
206 531
206 861
206 972
207 914
207 983
207 984
208 879
208 968
208 999
209 748
209 877
209 993
210 115
210 930
210 932
211 815
211 978
211 999
212 756
212 777
212 882
213 829
213 845
213 981
214 970
214 995
214 996
215 362
215 946
215 954
216 460
216 896
216 993
217 461
217 964
217 985
218 710
218 790
218 912
219 960
219 976
219 985
220 868
220 936
220 986
221 316
221 930
221 977
222 81
222 887
222 968
223 855
223 970
223 989
224 452
224 567
224 882
225 577
225 969
225 991
226 851
226 891
226 912
227 606
227 699
227 917
228 952
228 980
228 988
229 797
229 948
229 955
230 482
230 494
230 500
231 914
231 919
231 953
232 398
232 465
232 768
233 787
233 892
233 899
234 809
234 991
234 996
235 199
235 330
235 999
236 13
236 444
236 973
237 696
237 940
237 974
238 132
238 861
238 963
239 643
239 856
239 973
240 318
240 678
240 958
241 422
241 805
241 945
242 637
242 801
242 852
243 847
243 912
243 985
244 322
244 839
244 986
245 420
245 801
245 997
246 405
246 755
246 855
247 824
247 859
247 899
248 356
248 643
248 991
249 298
249 951
249 994
250 827
250 989
250 998
251 73
251 734
251 994
252 492
252 889
252 995
253 774
253 823
253 938
254 386
254 820
254 889
255 649
255 988
255 995
256 273
256 957
256 978
257 841
257 991
257 994
258 879
258 901
258 973
259 727
259 976
259 992
260 521
260 930
260 984
261 950
261 995
261 997
262 536
262 745
262 933
263 501
263 792
263 897
264 825
264 963
264 977
265 592
265 785
265 829
266 365
266 768
266 845
267 803
267 817
267 974
268 201
268 756
268 877
269 476
269 713
269 926
270 816
270 959
270 964
271 51
271 780
271 915
272 832
272 929
272 958
273 256
273 776
273 974
274 397
274 599
274 897
275 137
275 863
275 883
276 376
276 868
276 986
277 819
277 866
277 997
278 882
278 932
278 974
279 414
279 929
279 979
280 860
280 908
280 941
281 805
281 880
281 883
282 157
282 326
282 739
282 847
283 379
283 871
283 961
283 989
284 736
284 820
284 969
284 983
285 626
285 910
285 922
285 979
286 577
286 698
286 880
286 910
287 884
287 901
287 986
287 992
288 395
288 831
288 895
288 923
289 90
289 536
289 935
289 992
290 432
290 893
290 940
290 976
291 684
291 740
291 995
291 998
292 318
292 554
292 619
292 735
293 295
293 414
293 605
293 964
294 309
294 668
294 797
294 842
295 293
295 663
295 987
295 994
296 790
296 966
296 968
296 983
297 909
297 923
297 925
297 962
298 249
298 709
298 895
298 975
299 581
299 837
299 987
299 994
300 418
300 550
300 630
300 915
301 846
301 848
301 887
301 910
302 790
302 852
302 983
302 984
303 391
303 909
303 981
303 987
304 937
304 952
304 981
304 995
305 550
305 734
305 811
305 996
306 741
306 975
306 992
306 996
307 774
307 948
307 949
307 965
308 698
308 959
308 960
308 981
309 113
309 294
309 481
309 967
310 166
310 945
310 949
310 978
311 576
311 791
311 873
311 880
312 50
312 555
312 828
312 946
313 769
313 780
313 810
313 904
314 827
314 907
314 982
314 991
315 733
315 862
315 992
315 993
316 221
316 701
316 933
316 969
317 381
317 626
317 911
317 950
318 240
318 292
318 459
318 929
319 660
319 850
319 958
319 997
320 176
320 506
320 564
320 983
321 974
321 992
321 996
321 997
322 244
322 977
322 986
322 995
323 655
323 784
323 899
323 980
324 27
324 342
324 780
324 898
325 740
325 795
325 974
325 990
326 282
326 807
326 874
326 875
327 640
327 671
327 914
327 984
328 713
328 852
328 975
328 996
329 944
329 945
329 963
329 993
330 235
330 835
330 962
330 990
331 488
331 695
331 764
331 850
332 727
332 756
332 976
332 982
333 707
333 927
333 939
333 977
334 584
334 782
334 832
334 914
335 828
335 905
335 942
335 995
336 753
336 792
336 796
336 857
337 406
337 767
337 840
337 904
338 854
338 928
338 934
338 995
339 340
339 909
339 980
339 982
340 5
340 339
340 709
340 987
341 24
341 907
341 948
341 955
342 324
342 790
342 792
342 961
343 918
343 960
343 980
343 981
344 155
344 902
344 979
344 999
345 38
345 834
345 914
345 956
346 494
346 909
346 949
346 981
347 659
347 746
347 921
347 960
348 557
348 805
348 845
348 849
349 203
349 904
349 925
349 990
350 658
350 909
350 980
350 981
351 826
351 867
351 876
351 963
352 545
352 793
352 887
352 980
353 716
353 752
353 794
353 913
354 161
354 791
354 963
354 987
355 696
355 750
355 849
355 975
356 248
356 630
356 942
356 943
357 899
357 907
357 937
357 999
358 561
358 829
358 845
358 850
359 766
359 873
359 907
359 987
360 31
360 760
360 872
360 979
361 560
361 749
361 854
361 958
362 215
362 385
362 689
362 927
363 101
363 818
363 853
363 948
364 16
364 194
364 904
364 986
365 173
365 266
365 837
365 927
366 930
366 980
366 991
366 998
367 83
367 541
367 872
367 978
368 3
368 78
368 660
368 935
369 484
369 643
369 928
369 934
370 597
370 920
370 937
370 947
371 727
371 842
371 895
371 970
372 464
372 680
372 940
372 985
373 600
373 900
373 944
373 965
374 155
374 905
374 967
374 997
375 921
375 953
375 980
375 981
376 276
376 840
376 956
376 998
377 581
377 862
377 990
377 996
378 809
378 940
378 976
378 977
379 283
379 799
379 961
379 986
380 694
380 923
380 992
380 996
381 317
381 628
381 886
381 998
382 383
382 921
382 960
382 969
383 382
383 522
383 948
383 955
384 785
384 924
384 930
384 983
385 362
385 604
385 826
385 997
386 254
386 870
386 905
386 911
387 818
387 948
387 955
387 979
388 132
388 800
388 865
388 985
389 867
389 885
389 943
389 983
390 883
390 918
390 961
390 980
391 303
391 830
391 980
391 994
392 443
392 694
392 853
392 854
393 645
393 799
393 987
393 993
394 574
394 741
394 961
394 985
395 288
395 551
395 639
395 866
396 620
396 738
396 799
396 992
397 274
397 538
397 748
397 962
398 232
398 744
398 917
398 952
399 460
399 712
399 916
399 986
400 801
400 971
400 994
400 997
401 535
401 891
401 944
401 993
402 816
402 830
402 977
402 993
403 806
403 941
403 948
403 955
404 782
404 817
404 889
404 995
405 22
405 246
405 873
405 960
406 337
406 408
406 863
406 947
407 612
407 764
407 939
407 968
408 406
408 621
408 929
408 976
409 612
409 828
409 879
409 952
410 576
410 701
410 924
410 946
411 146
411 825
411 900
411 943
412 526
412 559
412 658
412 914
413 885
413 932
413 950
413 983
414 279
414 293
414 791
414 800
415 186
415 600
415 772
415 943
416 772
416 876
416 905
416 911
417 607
417 659
417 723
417 912
418 300
418 488
418 984
418 989
419 767
419 904
419 952
419 988
420 54
420 245
420 785
420 805
421 735
421 785
421 845
421 982
422 241
422 805
422 845
422 979
423 664
423 847
423 935
423 943
424 21
424 539
424 931
424 933
425 460
425 497
425 691
425 831
426 452
426 652
426 815
426 903
427 585
427 807
427 977
427 987
428 40
428 754
428 789
428 808
429 644
429 784
429 863
429 900
430 690
430 973
430 987
430 991
431 184
431 985
431 991
431 998
432 290
432 937
432 959
432 980
433 178
433 785
433 885
433 942
434 662
434 709
434 756
434 976
435 747
435 793
435 908
435 927
436 676
436 815
436 859
436 903
437 921
437 966
437 980
437 981
438 120
438 492
438 916
438 934
439 596
439 755
439 945
439 970
440 884
440 967
440 996
440 999
441 169
441 916
441 959
441 986
442 823
442 831
442 951
442 994
443 158
443 392
443 686
443 999
444 236
444 924
444 959
444 982
445 725
445 780
445 908
445 915
446 129
446 879
446 917
446 978
447 881
447 910
447 928
447 934
448 49
448 896
448 924
448 998
449 657
449 833
449 943
449 964
450 202
450 542
450 639
450 945
451 653
451 671
451 681
451 969
451 991
452 154
452 224
452 426
452 607
452 630
453 53
453 539
453 710
453 858
453 982
454 37
454 123
454 886
454 949
454 999
455 202
455 718
455 749
455 793
455 969
456 511
456 586
456 794
456 820
456 967
457 855
457 857
457 873
457 994
457 995
458 892
458 923
458 968
458 973
458 977
459 318
459 953
459 957
459 969
459 998
460 216
460 399
460 425
460 572
460 973
461 104
461 217
461 890
461 892
461 971
462 471
462 893
462 918
462 953
462 991
463 661
463 788
463 824
463 946
463 969
464 159
464 372
464 624
464 821
464 878
465 188
465 232
465 686
465 867
465 965
466 855
466 864
466 872
466 906
466 964
467 889
467 929
467 972
467 992
467 995
468 752
468 911
468 917
468 936
468 988
469 25
469 720
469 935
469 954
469 968
470 487
470 719
470 734
470 920
470 988
471 59
471 67
471 462
471 913
471 989
472 830
472 910
472 977
472 980
472 981
473 617
473 859
473 950
473 972
473 984
474 519
474 854
474 927
474 983
474 994
475 3
475 528
475 605
475 689
475 900
476 269
476 529
476 562
476 926
476 932
477 196
477 798
477 953
477 957
477 982
478 721
478 810
478 947
478 951
478 964
479 613
479 815
479 903
479 966
479 993
480 633
480 823
480 906
480 968
480 976
481 309
481 719
481 781
481 978
481 999
482 230
482 795
482 968
482 976
482 977
483 719
483 738
483 896
483 936
483 996
484 115
484 369
484 581
484 771
484 882
485 895
485 915
485 958
485 961
485 982
486 687
486 856
486 864
486 976
486 996
487 171
487 470
487 700
487 836
487 982
488 100
488 331
488 418
488 978
488 985
489 197
489 496
489 878
489 948
489 955
490 534
490 578
490 882
490 893
490 917
491 812
491 817
491 851
491 870
491 912
492 22
492 252
492 438
492 883
492 982
493 633
493 730
493 862
493 983
493 984
494 230
494 346
494 843
494 938
494 957
495 186
495 778
495 783
495 901
495 999
496 489
496 543
496 898
496 976
496 990
497 425
497 905
497 973
497 987
497 996
498 731
498 914
498 964
498 972
498 994
499 609
499 887
499 916
499 932
499 966
500 230
500 589
500 888
500 997
500 998
501 263
501 613
501 718
501 777
501 994
502 648
502 694
502 713
502 853
502 897
503 888
503 894
503 912
503 968
503 984
504 670
504 744
504 941
504 971
504 989
505 114
505 727
505 963
505 968
505 987
506 320
506 531
506 652
506 903
506 965
507 767
507 888
507 896
507 962
507 992
508 738
508 806
508 887
508 948
508 955
509 683
509 889
509 970
509 974
509 996
510 6
510 520
510 666
510 889
510 945
511 456
511 957
511 971
511 995
511 998
512 535
512 779
512 800
512 949
512 994
513 656
513 854
513 873
513 926
513 994
514 773
514 798
514 893
514 915
514 937
515 61
515 639
515 779
515 854
515 952
516 620
516 884
516 908
516 928
516 986
517 180
517 610
517 785
517 899
517 912
518 814
518 851
518 919
518 950
518 967
519 474
519 535
519 779
519 918
519 970
520 128
520 510
520 827
520 951
520 986
521 260
521 685
521 920
521 990
521 995
522 112
522 383
522 697
522 761
522 906
523 584
523 669
523 683
523 950
523 972
524 97
524 796
524 881
524 928
524 934
525 558
525 592
525 862
525 930
525 984
526 412
526 580
526 873
526 951
526 979
527 707
527 910
527 913
527 940
527 954
528 172
528 475
528 543
528 851
528 900
529 476
529 922
529 941
529 982
529 984
530 564
530 676
530 903
530 941
530 957
531 206
531 506
531 891
531 963
531 973
532 569
532 717
532 860
532 952
532 990
533 843
533 960
533 975
533 990
533 996
534 490
534 588
534 635
534 658
534 874
535 401
535 512
535 519
535 777
535 997
536 262
536 289
536 562
536 783
536 992
537 29
537 567
537 830
537 871
537 960
538 397
538 849
538 932
538 971
538 992
539 424
539 453
539 701
539 787
539 920
540 621
540 625
540 712
540 812
540 836
541 367
541 641
541 852
541 951
541 995
542 450
542 665
542 818
542 941
542 951
543 496
543 528
543 722
543 865
543 958
544 565
544 908
544 933
544 942
544 943
545 352
545 732
545 777
545 887
545 993
546 561
546 911
546 935
546 952
546 995
547 134
547 915
547 926
547 966
547 983
548 907
548 923
548 992
548 994
548 996
549 626
549 875
549 950
549 988
549 995
550 300
550 305
550 802
550 808
550 898
551 164
551 395
551 770
551 817
551 969
552 823
552 937
552 944
552 965
552 987
553 201
553 664
553 825
553 846
553 933
554 163
554 292
554 768
554 928
554 938
555 312
555 871
555 924
555 936
555 957
556 800
556 876
556 986
556 987
556 999
557 38
557 348
557 750
557 785
557 846
558 22
558 525
558 578
558 656
558 667
558 965
559 412
559 675
559 828
559 914
559 919
559 948
560 133
560 361
560 722
560 789
560 821
560 985
561 38
561 358
561 546
561 768
561 944
561 986
562 476
562 536
562 639
562 666
562 951
562 979
563 736
563 748
563 785
563 839
563 969
563 983
564 320
564 530
564 597
564 865
564 903
564 998
565 112
565 544
565 870
565 943
565 945
565 961
566 755
566 775
566 836
566 886
566 950
566 952
567 67
567 224
567 537
567 658
567 725
567 940
568 753
568 854
568 871
568 921
568 960
568 981
569 109
569 532
569 734
569 752
569 773
569 843
570 27
570 861
570 929
570 931
570 974
570 985
571 654
571 743
571 931
571 939
571 973
571 991
572 460
572 725
572 743
572 937
572 947
572 964
573 606
573 798
573 876
573 916
573 939
573 993
574 394
574 841
574 946
574 947
574 956
574 969
575 579
575 834
575 838
575 914
575 919
575 979
576 311
576 410
576 583
576 909
576 945
576 994
577 58
577 225
577 286
577 732
577 806
577 908
578 490
578 558
578 725
578 882
578 956
578 960
579 575
579 838
579 875
579 967
579 989
579 999
580 526
580 860
580 903
580 932
580 939
580 993
581 115
581 299
581 377
581 484
581 658
581 725
582 601
582 638
582 822
582 967
582 989
582 997
583 576
583 586
583 742
583 875
583 877
583 931
584 82
584 334
584 523
584 797
584 931
584 975
585 427
585 723
585 878
585 918
585 961
585 985
586 456
586 583
586 900
586 949
586 966
586 997
587 53
587 795
587 931
587 944
587 964
587 973
588 534
588 878
588 881
588 905
588 928
588 934
589 500
589 705
589 735
589 956
589 969
589 998
590 56
590 901
590 905
590 948
590 972
590 988
591 733
591 746
591 841
591 896
591 959
591 990
592 265
592 525
592 770
592 962
592 992
592 996
593 11
593 921
593 980
593 981
593 991
593 997
594 32
594 632
594 898
594 907
594 954
594 974
595 828
595 846
595 849
595 854
595 873
595 887
596 439
596 705
596 896
596 923
596 930
596 962
597 370
597 564
597 746
597 820
597 889
597 992
598 140
598 866
598 873
598 890
598 936
598 971
599 274
599 879
599 942
599 948
599 989
599 997
600 24
600 373
600 415
600 813
600 965
600 972
601 582
601 617
601 702
601 942
601 949
601 997
602 786
602 862
602 930
602 966
602 984
602 992
603 787
603 823
603 918
603 946
603 959
603 982
604 385
604 748
604 779
604 834
604 858
604 998
605 293
605 475
605 762
605 925
605 962
605 990
606 227
606 573
606 654
606 957
606 969
606 993
607 417
607 452
607 630
607 870
607 898
607 986
608 881
608 928
608 934
608 976
608 982
608 994
609 499
609 647
609 648
609 810
609 966
609 977
610 10
610 517
610 818
610 847
610 848
610 984
611 9
611 137
611 788
611 890
611 956
611 998
612 407
612 409
612 907
612 945
612 963
612 973
613 8
613 19
613 479
613 501
613 652
613 947
614 90
614 850
614 864
614 911
614 949
614 989
615 635
615 654
615 749
615 938
615 946
615 998
616 699
616 743
616 900
616 903
616 971
616 982
617 192
617 473
617 601
617 742
617 927
617 972
618 719
618 730
618 879
618 926
618 955
618 999
619 163
619 178
619 292
619 620
619 829
619 842
620 396
620 516
620 619
620 800
620 810
620 986
621 408
621 540
621 802
621 867
621 954
621 959
622 640
622 657
622 855
622 969
622 991
622 998
623 195
623 843
623 946
623 971
623 992
623 998
624 464
624 782
624 838
624 914
624 919
624 941
625 540
625 874
625 931
625 986
625 987
625 993
626 108
626 285
626 317
626 549
626 930
626 983
627 675
627 786
627 914
627 984
627 991
627 994
628 124
628 381
628 687
628 700
628 764
628 995
629 62
629 69
629 889
629 909
629 970
629 988
630 300
630 356
630 452
630 607
630 852
630 870
631 143
631 160
631 186
631 685
631 917
631 988
632 594
632 870
632 880
632 883
632 954
632 977
633 480
633 493
633 824
633 835
633 959
633 965
634 142
634 166
634 704
634 797
634 876
634 961
634 977
635 77
635 534
635 615
635 725
635 882
635 902
635 918
636 637
636 763
636 809
636 907
636 922
636 974
636 996
637 242
637 636
637 824
637 899
637 945
637 964
637 994
638 582
638 704
638 913
638 940
638 942
638 980
638 985
639 395
639 450
639 515
639 562
639 721
639 885
639 998
640 327
640 622
640 769
640 836
640 905
640 917
640 969
641 51
641 541
641 827
641 864
641 942
641 945
641 978
642 701
642 737
642 793
642 839
642 910
642 915
642 925
643 149
643 239
643 248
643 369
643 938
643 991
643 998
644 429
644 758
644 760
644 820
644 927
644 962
644 996
645 393
645 717
645 968
645 970
645 987
645 992
645 993
646 677
646 837
646 902
646 906
646 936
646 951
646 979
647 609
647 863
647 885
647 932
647 951
647 966
647 972
648 502
648 609
648 656
648 754
648 900
648 906
648 965
649 255
649 795
649 832
649 957
649 973
649 975
649 993
650 102
650 128
650 179
650 661
650 968
650 973
650 999
651 79
651 99
651 747
651 931
651 943
651 987
651 993
652 426
652 506
652 613
652 676
652 686
652 903
652 966
653 152
653 451
653 726
653 858
653 940
653 950
653 995
654 199
654 571
654 606
654 615
654 968
654 969
654 973
655 159
655 323
655 914
655 937
655 953
655 959
655 987
656 513
656 558
656 648
656 784
656 965
656 976
656 981
657 449
657 622
657 710
657 841
657 874
657 933
657 943
658 98
658 350
658 412
658 534
658 567
658 581
658 882
659 102
659 347
659 417
659 773
659 920
659 972
659 995
660 33
660 319
660 368
660 877
660 934
660 967
660 991
661 463
661 650
661 787
661 862
661 939
661 977
661 993
662 62
662 434
662 674
662 778
662 787
662 954
662 965
663 295
663 682
663 766
663 912
663 979
663 991
663 994
664 423
664 553
664 739
664 916
664 933
664 953
664 988
665 43
665 542
665 721
665 853
665 870
665 979
665 994
666 510
666 562
666 671
666 718
666 848
666 852
666 946
667 23
667 558
667 758
667 793
667 959
667 966
667 982
668 294
668 738
668 866
668 876
668 920
668 968
668 987
669 523
669 762
669 765
669 770
669 857
669 925
669 990
670 168
670 504
670 759
670 857
670 897
670 925
670 946
671 327
671 451
671 666
671 838
671 861
671 914
671 919
672 101
672 793
672 844
672 935
672 942
672 943
672 999
673 682
673 713
673 757
673 807
673 916
673 944
673 963
674 197
674 662
674 708
674 888
674 922
674 983
674 993
675 559
675 627
675 737
675 786
675 839
675 919
675 981
676 436
676 530
676 652
676 815
676 899
676 903
676 980
677 167
677 646
677 817
677 873
677 929
677 939
677 979
678 240
678 794
678 844
678 874
678 901
678 919
678 997
679 181
679 688
679 835
679 852
679 911
679 981
679 982
680 372
680 681
680 938
680 956
680 957
680 985
680 998
681 104
681 189
681 451
681 680
681 867
681 947
681 982
682 663
682 673
682 734
682 875
682 952
682 977
682 987
683 45
683 509
683 523
683 726
683 769
683 890
683 995
684 291
684 697
684 786
684 839
684 931
684 932
684 946
685 68
685 521
685 631
685 789
685 917
685 952
685 965
686 443
686 465
686 652
686 711
686 853
686 857
686 977
687 117
687 486
687 628
687 737
687 927
687 952
687 969
688 679
688 871
688 891
688 942
688 947
688 980
688 981
689 39
689 362
689 475
689 809
689 900
689 923
689 965
690 180
690 430
690 933
690 939
690 977
690 993
690 998
691 189
691 425
691 693
691 745
691 835
691 848
691 943
692 693
692 806
692 818
692 873
692 948
692 955
692 996
693 18
693 691
693 692
693 827
693 877
693 949
693 966
694 168
694 380
694 392
694 502
694 775
694 950
694 995
695 331
695 713
695 800
695 863
695 913
695 940
695 975
695 989
696 237
696 355
696 807
696 859
696 882
696 913
696 975
696 985
697 173
697 522
697 684
697 748
697 753
697 836
697 957
697 968
698 125
698 286
698 308
698 793
698 812
698 834
698 887
698 910
699 227
699 616
699 828
699 866
699 867
699 937
699 947
699 982
700 487
700 628
700 776
700 889
700 909
700 920
700 924
700 988
701 21
701 316
701 410
701 539
701 642
701 825
701 847
701 970
702 601
702 706
702 808
702 840
702 960
702 967
702 980
702 981
703 151
703 771
703 868
703 904
703 916
703 940
703 952
703 986
704 634
704 638
704 707
704 716
704 913
704 939
704 940
704 981
705 589
705 596
705 763
705 789
705 816
705 923
705 971
705 990
706 702
706 721
706 761
706 835
706 840
706 980
706 981
706 984
707 88
707 333
707 527
707 704
707 723
707 856
707 895
707 937
708 674
708 789
708 865
708 922
708 926
708 951
708 983
708 984
709 19
709 298
709 340
709 434
709 724
709 961
709 973
709 988
710 218
710 453
710 657
710 745
710 829
710 830
710 848
710 998
711 29
711 686
711 752
711 792
711 853
711 862
711 897
711 993
712 399
712 540
712 714
712 911
712 927
712 970
712 972
712 992
713 269
713 328
713 502
713 673
713 695
713 865
713 929
713 964
714 182
714 712
714 802
714 937
714 948
714 953
714 982
714 988
715 752
715 795
715 908
715 911
715 931
715 939
715 968
715 999
716 353
716 704
716 718
716 764
716 884
716 891
716 976
716 985
717 532
717 645
717 731
717 735
717 791
717 938
717 939
717 987
718 455
718 501
718 666
718 716
718 794
718 902
718 979
718 994
719 129
719 470
719 481
719 483
719 618
719 837
719 967
719 999
720 469
720 784
720 867
720 897
720 933
720 941
720 947
720 959
721 42
721 478
721 639
721 665
721 706
721 818
721 837
721 994
722 16
722 543
722 560
722 726
722 839
722 936
722 969
722 991
723 417
723 585
723 707
723 730
723 781
723 864
723 935
723 976
724 709
724 823
724 849
724 934
724 967
724 978
724 989
724 997
725 445
725 567
725 572
725 578
725 581
725 635
725 873
725 882
726 653
726 683
726 722
726 841
726 890
726 899
726 953
726 991
727 259
727 332
727 371
727 505
727 921
727 957
727 958
727 975
728 164
728 733
728 802
728 813
728 837
728 947
728 953
728 965
729 46
729 740
729 788
729 850
729 921
729 932
729 983
729 984
730 93
730 493
730 618
730 723
730 732
730 886
730 989
730 999
731 164
731 175
731 185
731 187
731 498
731 717
731 846
731 979
732 545
732 577
732 730
732 760
732 780
732 912
732 915
732 950
733 55
733 315
733 591
733 728
733 961
733 990
733 992
733 996
734 251
734 305
734 470
734 569
734 682
734 813
734 832
734 993
735 292
735 421
735 589
735 717
735 755
735 768
735 829
735 845
736 284
736 563
736 891
736 971
736 972
736 973
736 991
736 998
737 125
737 642
737 675
737 687
737 793
737 887
737 910
737 915
737 999
738 396
738 483
738 508
738 668
738 830
738 868
738 962
738 990
738 996
739 49
739 53
739 126
739 282
739 664
739 746
739 847
739 865
739 933
740 291
740 325
740 729
740 833
740 894
740 922
740 926
740 983
740 984
741 200
741 306
741 394
741 770
741 786
741 799
741 925
741 974
741 990
742 56
742 583
742 617
742 806
742 818
742 932
742 948
742 955
742 959
743 571
743 572
743 616
743 772
743 783
743 880
743 906
743 947
743 979
744 130
744 398
744 504
744 763
744 850
744 942
744 949
744 996
744 999
745 32
745 171
745 262
745 691
745 710
745 825
745 933
745 972
745 990
746 36
746 347
746 591
746 597
746 739
746 925
746 944
746 989
746 990
747 435
747 651
747 749
747 832
747 889
747 905
747 944
747 987
747 993
748 209
748 397
748 563
748 604
748 697
748 750
748 979
748 991
748 997
749 361
749 455
749 615
749 747
749 834
749 936
749 955
749 956
749 998
750 355
750 557
750 748
750 897
750 946
750 954
750 966
750 969
750 991
751 74
751 84
751 755
751 893
751 907
751 975
751 979
751 988
751 995
752 353
752 468
752 569
752 711
752 715
752 855
752 891
752 944
752 968
753 133
753 336
753 568
753 697
753 892
753 938
753 977
753 991
753 998
754 428
754 648
754 819
754 878
754 881
754 928
754 934
754 950
755 169
755 246
755 439
755 566
755 735
755 751
755 917
755 967
755 970
756 212
756 268
756 332
756 434
756 821
756 845
756 861
756 975
756 998
757 673
757 783
757 797
757 820
757 843
757 971
757 990
757 991
757 992
758 644
758 667
758 894
758 952
758 959
758 962
758 974
758 990
758 996
759 48
759 670
759 775
759 796
759 824
759 860
759 897
759 978
759 986
760 360
760 644
760 732
760 872
760 887
760 908
760 910
760 915
760 991
761 522
761 706
761 889
761 902
761 924
761 929
761 936
761 957
761 998
762 605
762 669
762 843
762 944
762 962
762 985
762 992
762 994
762 996
763 636
763 705
763 744
763 811
763 846
763 890
763 974
763 985
763 992
764 82
764 331
764 407
764 628
764 716
764 781
764 858
764 913
764 929
765 669
765 780
765 783
765 845
765 897
765 973
765 974
765 992
765 996
766 199
766 359
766 663
766 777
766 817
766 844
766 924
766 965
766 986
767 337
767 419
767 507
767 810
767 868
767 884
767 948
767 986
767 987
768 168
768 232
768 266
768 554
768 561
768 735
768 845
768 895
768 984
769 313
769 640
769 683
769 812
769 911
769 922
769 927
769 942
769 972
770 551
770 592
770 669
770 741
770 809
770 905
770 925
770 989
770 996
771 484
771 703
771 869
771 909
771 921
771 958
771 960
771 980
771 981
772 140
772 415
772 416
772 743
772 821
772 824
772 937
772 959
772 962
772 982
773 514
773 569
773 659
773 783
773 791
773 824
773 883
773 900
773 937
773 953
774 52
774 253
774 307
774 798
774 906
774 913
774 940
774 953
774 982
774 995
775 7
775 566
775 694
775 759
775 792
775 796
775 897
775 906
775 926
775 992
776 273
776 700
776 788
776 911
776 934
776 938
776 946
776 957
776 969
776 970
777 212
777 501
777 535
777 545
777 766
777 903
777 945
777 951
777 964
777 982
778 495
778 662
778 788
778 792
778 826
778 850
778 942
778 950
778 978
778 997
779 512
779 515
779 519
779 604
779 831
779 893
779 914
779 951
779 955
779 979
780 271
780 313
780 324
780 445
780 732
780 765
780 887
780 910
780 915
780 951
781 4
781 481
781 723
781 764
781 810
781 842
781 893
781 895
781 929
781 964
782 334
782 404
782 624
782 786
782 834
782 838
782 870
782 919
782 932
782 946
783 495
783 536
783 743
783 757
783 765
783 773
783 818
783 974
783 990
783 992
784 62
784 323
784 429
784 656
784 720
784 808
784 839
784 906
784 957
784 962
785 78
785 196
785 265
785 384
785 420
785 421
785 433
785 517
785 557
785 563
786 602
786 627
786 675
786 684
786 741
786 782
786 803
786 811
786 834
786 838
787 233
787 539
787 603
787 661
787 662
787 789
787 824
787 879
787 907
787 954
788 117
788 463
788 611
788 729
788 776
788 778
788 936
788 956
788 981
788 991
789 428
789 560
789 685
789 705
789 708
789 787
789 940
789 961
789 975
789 985
790 7
790 218
790 296
790 302
790 342
790 922
790 930
790 931
790 983
790 984
791 311
791 354
791 414
791 717
791 773
791 795
791 822
791 931
791 963
791 993
792 263
792 336
792 342
792 711
792 775
792 778
792 853
792 857
792 869
792 956
793 352
793 435
793 455
793 642
793 667
793 672
793 698
793 737
793 908
793 931
794 43
794 54
794 57
794 353
794 456
794 678
794 718
794 836
794 919
794 989
795 325
795 482
795 587
795 649
795 715
795 791
795 901
795 911
795 930
795 963
796 190
796 336
796 524
796 759
796 775
796 853
796 857
796 897
796 927
796 965
797 229
797 294
797 584
797 634
797 757
797 801
797 874
797 931
797 968
797 973
798 144
798 477
798 514
798 573
798 774
798 906
798 910
798 953
798 982
798 989
799 379
799 393
799 396
799 741
799 860
799 866
799 874
799 949
799 978
799 999
800 69
800 388
800 414
800 512
800 556
800 620
800 695
800 804
800 904
800 986
801 27
801 242
801 245
801 400
801 797
801 844
801 869
801 941
801 978
801 982
802 550
802 621
802 714
802 728
802 824
802 827
802 876
802 879
802 954
802 982
803 12
803 267
803 786
803 806
803 829
803 833
803 846
803 872
803 945
803 994
804 75
804 800
804 810
804 840
804 853
804 884
804 916
804 952
804 986
804 990
805 66
805 83
805 241
805 281
805 348
805 420
805 422
805 829
805 906
805 992
806 109
806 403
806 508
806 577
806 692
806 742
806 803
806 818
806 955
806 981
807 326
807 427
807 673
807 696
807 813
807 820
807 891
807 963
807 977
807 987
808 428
808 550
808 702
808 784
808 842
808 850
808 864
808 918
808 951
808 964
808 985
809 234
809 378
809 636
809 689
809 770
809 812
809 888
809 923
809 925
809 992
809 996
810 313
810 478
810 609
810 620
810 767
810 781
810 804
810 884
810 910
810 949
810 986
811 36
811 121
811 305
811 763
811 786
811 875
811 896
811 962
811 974
811 993
811 996
812 491
812 540
812 698
812 769
812 809
812 822
812 894
812 950
812 970
812 988
812 995
813 600
813 728
813 734
813 807
813 848
813 899
813 906
813 954
813 965
813 982
813 996
814 41
814 518
814 815
814 832
814 833
814 894
814 911
814 917
814 970
814 978
814 995
815 68
815 176
815 211
815 426
815 436
815 479
815 676
815 814
815 879
815 903
815 953
816 130
816 187
816 270
816 402
816 705
816 923
816 962
816 974
816 990
816 992
816 996
817 267
817 404
817 491
817 551
817 677
817 766
817 852
817 930
817 964
817 971
817 979
818 198
818 363
818 387
818 542
818 610
818 692
818 721
818 742
818 783
818 806
818 948
819 277
819 754
819 835
819 878
819 881
819 894
819 928
819 934
819 973
820 254
820 284
820 456
820 597
820 644
820 757
820 807
820 888
820 962
820 990
820 996
821 46
821 63
821 464
821 560
821 756
821 772
821 898
821 976
821 985
821 992
821 999
822 582
822 791
822 812
822 833
822 889
822 927
822 934
822 972
822 988
822 993
822 995
823 253
823 442
823 480
823 552
823 603
823 724
823 865
823 869
823 880
823 904
823 959
824 247
824 463
824 633
824 637
824 759
824 772
824 773
824 787
824 802
824 930
824 937
824 998
825 59
825 264
825 411
825 553
825 701
825 745
825 826
825 829
825 861
825 870
825 933
825 938
826 30
826 351
826 385
826 778
826 825
826 829
826 834
826 949
826 989
826 991
826 997
826 999
827 61
827 250
827 314
827 520
827 641
827 693
827 802
827 850
827 886
827 931
827 980
827 989
828 85
828 170
828 312
828 335
828 409
828 559
828 595
828 699
828 852
828 883
828 970
828 972
829 106
829 213
829 265
829 358
829 619
829 710
829 735
829 803
829 805
829 825
829 826
829 950
830 391
830 402
830 472
830 537
830 710
830 738
830 909
830 921
830 930
830 938
830 960
830 980
831 113
831 119
831 174
831 192
831 288
831 425
831 442
831 779
831 852
831 964
831 979
831 997
832 166
832 272
832 334
832 649
832 734
832 747
832 814
832 944
832 968
832 976
832 977
832 993
833 12
833 73
833 95
833 449
833 740
833 803
833 814
833 822
833 927
833 950
833 988
833 995
834 345
834 575
834 604
834 698
834 749
834 782
834 786
834 826
834 838
834 914
834 919
834 988
835 330
835 633
835 679
835 691
835 706
835 819
835 840
835 871
835 913
835 960
835 980
835 981
836 64
836 487
836 540
836 566
836 640
836 697
836 794
836 883
836 905
836 915
836 927
836 952
837 299
837 365
837 646
837 719
837 721
837 728
837 854
837 871
837 951
837 964
837 993
837 994
838 87
838 575
838 579
838 624
838 671
838 782
838 786
838 834
838 896
838 919
838 937
838 965
839 244
839 563
839 642
839 675
839 684
839 722
839 784
839 890
839 936
839 946
839 971
839 982
840 337
840 376
840 702
840 706
840 804
840 835
840 853
840 871
840 921
840 960
840 980
840 981
841 257
841 574
841 591
841 657
841 726
841 849
841 863
841 929
841 946
841 956
841 979
841 991
841 998
842 34
842 294
842 371
842 619
842 781
842 808
842 845
842 864
842 911
842 929
842 975
842 976
842 985
843 494
843 533
843 569
843 623
843 757
843 762
843 896
843 925
843 968
843 990
843 991
843 992
843 996
844 74
844 672
844 678
844 766
844 801
844 848
844 877
844 913
844 917
844 935
844 967
844 978
844 999
845 213
845 266
845 348
845 358
845 421
845 422
845 735
845 756
845 765
845 768
845 842
845 932
845 984
846 86
846 167
846 301
846 553
846 557
846 595
846 731
846 763
846 803
846 861
846 890
846 902
846 979
847 243
847 282
847 423
847 610
847 701
847 739
847 848
847 856
847 862
847 886
847 912
847 924
847 995
848 301
848 610
848 666
848 691
848 710
848 813
848 844
848 847
848 870
848 896
848 915
848 933
848 943
849 165
849 348
849 355
849 538
849 595
849 724
849 841
849 856
849 957
849 969
849 971
849 994
849 998
850 319
850 331
850 358
850 614
850 729
850 744
850 778
850 808
850 827
850 860
850 941
850 952
850 997
851 59
851 154
851 157
851 226
851 491
851 518
851 528
851 868
851 870
851 912
851 943
851 976
851 978
852 0
852 155
852 242
852 302
852 328
852 541
852 630
852 666
852 679
852 817
852 828
852 831
852 902
853 363
853 392
853 502
853 665
853 686
853 711
853 792
853 796
853 804
853 840
853 857
853 880
853 974
854 141
854 158
854 338
854 361
854 392
854 474
854 513
854 515
854 568
854 595
854 837
854 967
854 979
855 94
855 128
855 195
855 223
855 246
855 457
855 466
855 622
855 752
855 924
855 945
855 963
855 979
856 239
856 486
856 707
856 847
856 849
856 861
856 864
856 898
856 938
856 944
856 958
856 975
856 982
857 7
857 336
857 457
857 669
857 670
857 686
857 792
857 796
857 853
857 873
857 896
857 897
857 925
858 453
858 604
858 653
858 764
858 862
858 892
858 924
858 956
858 971
858 980
858 991
858 994
858 998
859 1
859 114
859 247
859 436
859 473
859 696
859 865
859 892
859 893
859 895
859 929
859 975
859 976
859 990
860 280
860 532
860 580
860 759
860 799
860 850
860 885
860 918
860 931
860 963
860 973
860 977
860 987
860 993
861 162
861 203
861 206
861 238
861 570
861 671
861 756
861 825
861 846
861 856
861 961
861 976
861 985
861 994
862 203
862 315
862 377
862 493
862 525
862 602
862 661
862 711
862 847
862 858
862 888
862 922
862 966
862 984
863 275
863 406
863 429
863 647
863 695
863 841
863 864
863 867
863 883
863 897
863 906
863 953
863 965
863 983
864 19
864 466
864 486
864 614
864 641
864 723
864 808
864 842
864 856
864 863
864 884
864 955
864 958
864 985
865 142
865 388
865 543
865 564
865 708
865 713
865 739
865 823
865 859
865 923
865 929
865 940
865 961
865 975
866 277
866 395
866 598
866 668
866 699
866 799
866 879
866 886
866 941
866 942
866 949
866 960
866 978
866 983
867 351
867 389
867 465
867 621
867 681
867 699
867 720
867 863
867 894
867 899
867 921
867 939
867 954
867 982
867 997
868 20
868 220
868 276
868 703
868 738
868 767
868 851
868 884
868 904
868 916
868 954
868 965
868 968
868 976
868 986
869 35
869 93
869 771
869 792
869 801
869 823
869 872
869 874
869 923
869 935
869 941
869 962
869 967
869 997
869 999
870 146
870 386
870 491
870 565
870 607
870 630
870 632
870 665
870 782
870 825
870 848
870 851
870 912
870 961
870 970
871 283
871 537
871 555
871 568
871 688
871 835
871 837
871 840
871 886
871 921
871 954
871 960
871 980
871 981
871 996
872 65
872 177
872 360
872 367
872 466
872 760
872 803
872 869
872 924
872 945
872 964
872 979
872 981
872 994
872 999
873 311
873 359
873 405
873 457
873 513
873 526
873 595
873 598
873 677
873 692
873 725
873 857
873 902
873 994
873 997
874 326
874 534
874 625
874 657
874 678
874 797
874 799
874 869
874 879
874 901
874 925
874 935
874 941
874 956
874 978
875 21
875 191
875 326
875 549
875 579
875 583
875 682
875 811
875 877
875 880
875 881
875 942
875 989
875 997
875 999
876 18
876 351
876 416
876 556
876 573
876 634
876 668
876 802
876 891
876 931
876 944
876 968
876 973
876 975
876 994
877 97
877 209
877 268
877 583
877 660
877 693
877 844
877 875
877 878
877 959
877 967
877 987
877 996
877 997
877 999
878 464
878 489
878 585
878 588
878 754
878 819
878 877
878 879
878 881
878 919
878 928
878 934
879 60
879 208
879 258
879 409
879 446
879 599
879 618
879 787
879 802
879 815
879 866
879 874
879 878
879 935
879 989
880 141
880 172
880 281
880 286
880 311
880 632
880 743
880 823
880 853
880 875
880 884
880 899
880 947
880 953
880 988
881 80
881 106
881 447
881 524
881 588
881 608
881 754
881 819
881 875
881 878
881 887
881 898
881 928
881 934
881 984
882 26
882 150
882 212
882 224
882 278
882 484
882 490
882 578
882 635
882 658
882 696
882 725
882 883
882 981
882 994
883 275
883 281
883 390
883 492
883 632
883 773
883 828
883 836
883 863
883 882
883 885
883 907
883 944
883 947
883 959
884 103
884 287
884 440
884 516
884 716
884 767
884 804
884 810
884 864
884 868
884 880
884 886
884 905
884 916
884 986
885 118
885 389
885 413
885 433
885 639
885 647
885 860
885 883
885 888
885 905
885 926
885 930
885 932
885 966
885 983
885 984
886 381
886 454
886 566
886 730
886 827
886 847
886 866
886 871
886 884
886 900
886 920
886 941
886 942
886 949
886 967
886 999
887 111
887 222
887 301
887 352
887 499
887 508
887 545
887 595
887 698
887 737
887 760
887 780
887 881
887 908
887 910
887 989
888 500
888 503
888 507
888 674
888 809
888 820
888 862
888 885
888 894
888 926
888 932
888 960
888 966
888 981
888 983
888 984
889 252
889 254
889 404
889 467
889 509
889 510
889 597
889 629
889 700
889 747
889 761
889 822
889 920
889 944
889 993
889 995
890 461
890 598
890 611
890 683
890 726
890 763
890 839
890 846
890 895
890 908
890 936
890 941
890 946
890 957
890 991
890 998
891 13
891 98
891 226
891 401
891 531
891 688
891 716
891 736
891 752
891 807
891 876
891 922
891 931
891 978
891 987
891 993
892 37
892 204
892 233
892 458
892 461
892 753
892 858
892 859
892 898
892 901
892 924
892 936
892 938
892 946
892 971
892 981
893 290
893 462
893 490
893 514
893 751
893 779
893 781
893 859
893 895
893 934
893 939
893 958
893 961
893 975
893 976
893 995
894 503
894 740
894 758
894 812
894 814
894 819
894 867
894 888
894 922
894 930
894 932
894 933
894 948
894 966
894 983
894 984
895 288
895 298
895 371
895 485
895 707
895 768
895 781
895 859
895 890
895 893
895 898
895 918
895 958
895 993
895 996
895 998
896 107
896 216
896 448
896 483
896 507
896 591
896 596
896 811
896 838
896 843
896 848
896 857
896 923
896 958
896 974
896 990
896 994
897 29
897 48
897 263
897 274
897 502
897 670
897 711
897 720
897 750
897 759
897 765
897 775
897 796
897 857
897 863
897 964
897 982
898 76
898 139
898 324
898 496
898 550
898 594
898 607
898 821
898 856
898 881
898 892
898 895
898 926
898 928
898 958
898 976
898 985
899 23
899 233
899 247
899 323
899 357
899 517
899 637
899 676
899 726
899 813
899 867
899 880
899 900
899 907
899 910
899 950
899 988
900 373
900 411
900 429
900 475
900 528
900 586
900 616
900 648
900 689
900 773
900 886
900 899
900 933
900 959
900 967
900 983
900 987
901 121
901 258
901 287
901 495
901 590
901 678
901 795
901 874
901 892
901 935
901 949
901 950
901 967
901 972
901 983
901 997
901 999
902 124
902 148
902 344
902 635
902 646
902 718
902 761
902 846
902 852
902 873
902 903
902 916
902 964
902 973
902 979
902 980
902 994
903 8
903 68
903 92
903 426
903 436
903 479
903 506
903 530
903 564
903 580
903 616
903 652
903 676
903 777
903 815
903 902
903 951
904 103
904 151
904 313
904 337
904 349
904 364
904 419
904 703
904 800
904 823
904 868
904 916
904 929
904 942
904 971
904 982
904 986
905 63
905 335
905 374
905 386
905 416
905 497
905 588
905 590
905 640
905 747
905 770
905 836
905 884
905 885
905 952
905 970
905 972
905 988
906 79
906 466
906 480
906 522
906 646
906 648
906 743
906 774
906 775
906 784
906 798
906 805
906 813
906 863
906 926
906 953
906 982
906 993
907 314
907 341
907 357
907 359
907 548
907 594
907 612
907 636
907 751
907 787
907 883
907 899
907 914
907 947
907 954
907 959
907 965
907 982
908 14
908 111
908 280
908 435
908 445
908 516
908 544
908 577
908 715
908 760
908 793
908 887
908 890
908 910
908 915
908 955
908 957
908 969
909 126
909 185
909 297
909 303
909 339
909 346
909 350
909 576
909 629
909 700
909 771
909 830
909 912
909 921
909 925
909 955
909 980
909 981
910 285
910 286
910 301
910 447
910 472
910 527
910 642
910 698
910 737
910 760
910 780
910 798
910 810
910 887
910 899
910 908
910 915
910 975
911 36
911 175
911 317
911 386
911 416
911 468
911 546
911 614
911 679
911 712
911 715
911 769
911 776
911 795
911 814
911 842
911 920
911 995
912 106
912 131
912 218
912 226
912 243
912 417
912 491
912 503
912 517
912 663
912 732
912 847
912 851
912 870
912 909
912 933
912 936
912 954
913 353
913 471
913 527
913 638
913 695
913 696
913 704
913 764
913 774
913 835
913 844
913 918
913 936
913 957
913 958
913 961
913 985
913 994
913 997
914 207
914 231
914 327
914 334
914 345
914 412
914 498
914 559
914 575
914 624
914 627
914 655
914 671
914 779
914 834
914 907
914 919
914 963
914 990
915 14
915 30
915 58
915 188
915 271
915 300
915 445
915 485
915 514
915 547
915 642
915 732
915 737
915 760
915 780
915 836
915 848
915 908
915 910
916 88
916 169
916 399
916 438
916 441
916 499
916 573
916 664
916 673
916 703
916 804
916 868
916 884
916 902
916 904
916 920
916 923
916 958
916 986
917 39
917 74
917 227
917 398
917 446
917 468
917 490
917 631
917 640
917 685
917 755
917 814
917 844
917 922
917 927
917 935
917 949
917 970
917 995
918 26
918 72
918 139
918 343
918 390
918 462
918 519
918 585
918 603
918 635
918 808
918 860
918 895
918 913
918 940
918 961
918 975
918 976
918 987
919 87
919 231
919 518
919 559
919 575
919 624
919 671
919 675
919 678
919 782
919 794
919 834
919 838
919 878
919 914
919 921
919 945
919 964
919 975
920 6
920 170
920 183
920 190
920 370
920 470
920 521
920 539
920 659
920 668
920 700
920 886
920 889
920 911
920 916
920 946
920 972
920 988
920 991
920 998
921 347
921 375
921 382
921 437
921 568
921 593
921 727
921 729
921 771
921 830
921 840
921 867
921 871
921 909
921 919
921 926
921 975
921 981
921 989
921 999
922 55
922 89
922 129
922 285
922 529
922 636
922 674
922 708
922 740
922 769
922 790
922 862
922 891
922 894
922 917
922 932
922 966
922 972
922 983
922 988
923 288
923 297
923 380
923 458
923 548
923 596
923 689
923 705
923 809
923 816
923 865
923 869
923 896
923 916
923 924
923 925
923 961
923 962
923 974
923 992
924 110
924 384
924 410
924 444
924 448
924 555
924 700
924 761
924 766
924 847
924 855
924 858
924 872
924 892
924 923
924 938
924 956
924 957
924 969
924 981
924 991
925 297
925 349
925 605
925 642
925 669
925 670
925 741
925 746
925 770
925 809
925 843
925 857
925 874
925 909
925 923
925 930
925 943
925 951
925 976
925 990
925 996
926 2
926 17
926 122
926 181
926 205
926 269
926 476
926 513
926 547
926 618
926 708
926 740
926 775
926 885
926 888
926 898
926 906
926 921
926 932
926 966
926 983
926 984
927 70
927 175
927 333
927 362
927 365
927 435
927 474
927 617
927 644
927 687
927 712
927 769
927 796
927 822
927 833
927 836
927 917
927 928
927 950
927 988
927 995
927 996
928 97
928 99
928 184
928 338
928 369
928 447
928 516
928 524
928 554
928 588
928 608
928 754
928 819
928 878
928 881
928 898
928 927
928 929
928 934
928 937
928 959
928 976
929 47
929 272
929 279
929 318
929 408
929 467
929 570
929 677
929 713
929 761
929 764
929 781
929 841
929 842
929 859
929 865
929 904
929 928
929 930
929 958
929 960
929 961
929 985
930 52
930 197
930 210
930 221
930 260
930 366
930 384
930 525
930 596
930 602
930 626
930 790
930 795
930 817
930 824
930 830
930 885
930 894
930 925
930 929
930 963
930 966
930 983
931 14
931 179
931 424
931 570
931 571
931 583
931 584
931 587
931 625
931 651
931 684
931 715
931 790
931 791
931 793
931 797
931 827
931 860
931 876
931 891
931 973
931 977
931 995
932 2
932 8
932 92
932 210
932 278
932 413
932 476
932 499
932 538
932 580
932 647
932 684
932 729
932 742
932 782
932 845
932 885
932 888
932 894
932 922
932 926
932 983
932 984
933 262
933 316
933 424
933 544
933 553
933 657
933 664
933 690
933 720
933 739
933 745
933 825
933 848
933 894
933 900
933 912
933 934
933 943
933 960
933 968
933 970
933 979
933 994
934 99
934 144
934 184
934 338
934 369
934 438
934 447
934 524
934 588
934 608
934 660
934 724
934 754
934 776
934 819
934 822
934 878
934 881
934 893
934 928
934 933
934 973
934 990
935 43
935 147
935 289
935 368
935 423
935 469
935 546
935 672
935 723
935 844
935 869
935 874
935 879
935 901
935 917
935 941
935 946
935 949
935 958
935 960
935 978
935 989
935 997
935 999
936 145
936 157
936 220
936 468
936 483
936 555
936 598
936 646
936 722
936 749
936 761
936 788
936 839
936 890
936 892
936 912
936 913
936 938
936 946
936 956
936 957
936 958
936 971
936 991
937 94
937 131
937 304
937 357
937 370
937 432
937 514
937 552
937 572
937 655
937 699
937 707
937 714
937 772
937 773
937 824
937 838
937 928
937 944
937 947
937 954
937 959
937 969
937 997
938 80
938 123
938 253
938 494
938 554
938 615
938 643
938 680
938 717
938 753
938 776
938 825
938 830
938 856
938 892
938 924
938 936
938 941
938 953
938 956
938 963
938 964
938 969
938 998
939 109
939 135
939 150
939 333
939 407
939 571
939 573
939 580
939 661
939 677
939 690
939 704
939 715
939 717
939 867
939 893
939 944
939 949
939 957
939 962
939 963
939 985
939 987
939 993
940 33
940 134
940 201
940 237
940 290
940 372
940 378
940 527
940 567
940 638
940 653
940 695
940 703
940 704
940 774
940 789
940 865
940 918
940 947
940 950
940 958
940 962
940 976
940 998
941 105
941 120
941 153
941 280
941 403
941 504
941 529
941 530
941 542
941 624
941 720
941 801
941 850
941 866
941 869
941 874
941 886
941 890
941 935
941 938
941 967
941 990
941 997
941 999
942 30
942 116
942 130
942 335
942 356
942 433
942 544
942 599
942 601
942 638
942 641
942 672
942 688
942 744
942 769
942 778
942 866
942 875
942 886
942 904
942 972
942 978
942 989
942 997
943 9
943 28
943 32
943 171
943 180
943 189
943 356
943 389
943 411
943 415
943 423
943 449
943 544
943 565
943 651
943 657
943 672
943 691
943 848
943 851
943 925
943 933
943 960
943 963
943 991
944 89
944 329
944 373
944 401
944 552
944 561
944 587
944 673
944 746
944 747
944 752
944 762
944 832
944 856
944 876
944 883
944 889
944 937
944 939
944 963
944 968
944 973
944 977
944 988
944 993
945 12
945 77
945 86
945 94
945 158
945 195
945 241
945 310
945 329
945 439
945 450
945 510
945 565
945 576
945 612
945 637
945 641
945 777
945 803
945 855
945 872
945 919
945 948
945 951
945 964
945 994
946 162
946 215
946 312
946 410
946 463
946 574
946 603
946 615
946 623
946 666
946 670
946 684
946 750
946 776
946 782
946 839
946 841
946 890
946 892
946 920
946 935
946 936
946 957
946 971
946 973
946 991
947 88
947 107
947 174
947 370
947 406
947 478
947 572
947 574
947 613
947 681
947 688
947 699
947 720
947 728
947 743
947 880
947 883
947 907
947 937
947 940
947 953
947 955
947 965
947 970
947 982
947 994
948 40
948 124
948 127
948 143
948 204
948 229
948 307
948 341
948 363
948 383
948 387
948 403
948 489
948 508
948 559
948 590
948 599
948 692
948 714
948 742
948 767
948 818
948 894
948 945
948 955
948 971
949 95
949 125
949 307
949 310
949 346
949 454
949 512
949 586
949 601
949 614
949 693
949 744
949 799
949 810
949 826
949 866
949 886
949 901
949 917
949 935
949 939
949 956
949 960
949 965
949 967
949 978
949 989
950 50
950 161
950 190
950 261
950 317
950 413
950 473
950 518
950 523
950 549
950 566
950 653
950 694
950 732
950 754
950 778
950 812
950 829
950 833
950 899
950 901
950 927
950 940
950 970
950 972
950 988
950 990
951 137
951 148
951 249
951 442
951 478
951 520
951 526
951 541
951 542
951 562
951 646
951 647
951 708
951 777
951 779
951 780
951 808
951 837
951 903
951 925
951 945
951 963
951 967
951 979
951 980
951 986
951 988
952 91
952 95
952 204
952 228
952 304
952 398
952 409
952 419
952 515
952 532
952 546
952 566
952 682
952 685
952 687
952 703
952 758
952 804
952 836
952 850
952 905
952 958
952 959
952 968
952 970
952 972
952 995
953 25
953 49
953 79
953 231
953 375
953 459
953 462
953 477
953 655
953 664
953 714
953 726
953 728
953 773
953 774
953 798
953 815
953 863
953 880
953 906
953 938
953 947
953 954
953 956
953 961
953 970
953 982
954 70
954 85
954 104
954 131
954 215
954 469
954 527
954 594
954 621
954 632
954 662
954 750
954 787
954 802
954 813
954 867
954 868
954 871
954 907
954 912
954 937
954 953
954 959
954 962
954 963
954 966
954 976
954 999
955 24
955 40
955 56
955 127
955 143
955 183
955 198
955 229
955 341
955 383
955 387
955 403
955 489
955 508
955 618
955 692
955 742
955 749
955 779
955 806
955 864
955 908
955 909
955 947
955 948
955 957
955 977
955 994
956 47
956 60
956 152
956 193
956 345
956 376
956 574
956 578
956 589
956 611
956 680
956 749
956 788
956 792
956 841
956 858
956 874
956 924
956 936
956 938
956 949
956 953
956 962
956 964
956 971
956 982
956 988
956 991
957 140
957 256
957 459
957 477
957 494
957 511
957 530
957 555
957 606
957 649
957 680
957 697
957 727
957 761
957 776
957 784
957 849
957 890
957 908
957 913
957 924
957 936
957 939
957 946
957 955
957 958
957 971
957 991
958 2
958 81
958 134
958 193
958 194
958 240
958 272
958 319
958 361
958 485
958 543
958 727
958 771
958 856
958 864
958 893
958 895
958 896
958 898
958 913
958 916
958 929
958 935
958 936
958 940
958 952
958 957
958 975
959 270
959 308
959 432
959 441
959 444
959 591
959 603
959 621
959 633
959 655
959 667
959 720
959 742
959 758
959 772
959 823
959 877
959 883
959 900
959 907
959 928
959 937
959 952
959 954
959 965
959 982
959 991
959 993
960 108
960 146
960 156
960 185
960 219
960 308
960 343
960 347
960 382
960 405
960 533
960 537
960 568
960 578
960 702
960 771
960 830
960 835
960 840
960 866
960 871
960 888
960 929
960 933
960 935
960 943
960 949
960 980
960 981
961 63
961 142
961 283
961 342
961 379
961 390
961 394
961 485
961 565
961 585
961 634
961 709
961 733
961 789
961 861
961 865
961 870
961 893
961 913
961 918
961 923
961 929
961 953
961 963
961 975
961 976
961 980
961 981
961 988
962 4
962 297
962 330
962 397
962 507
962 592
962 596
962 605
962 644
962 738
962 758
962 762
962 772
962 784
962 811
962 816
962 820
962 869
962 923
962 939
962 940
962 954
962 956
962 966
962 974
962 976
962 989
962 992
962 996
963 15
963 82
963 147
963 170
963 238
963 264
963 329
963 351
963 354
963 505
963 531
963 612
963 673
963 791
963 795
963 807
963 855
963 860
963 914
963 930
963 938
963 939
963 943
963 944
963 951
963 954
963 961
963 973
963 977
963 997
964 103
964 138
964 174
964 191
964 217
964 270
964 293
964 449
964 466
964 478
964 498
964 572
964 587
964 637
964 713
964 777
964 781
964 808
964 817
964 831
964 837
964 872
964 897
964 902
964 919
964 938
964 945
964 956
964 979
964 994
965 70
965 153
965 156
965 205
965 307
965 373
965 465
965 506
965 552
965 558
965 600
965 633
965 648
965 656
965 662
965 685
965 689
965 728
965 766
965 796
965 813
965 838
965 863
965 868
965 907
965 947
965 949
965 959
965 967
965 989
966 44
966 55
966 76
966 91
966 122
966 139
966 296
966 437
966 479
966 499
966 547
966 586
966 602
966 609
966 647
966 652
966 667
966 693
966 750
966 862
966 885
966 888
966 894
966 922
966 926
966 930
966 954
966 962
966 969
966 983
967 20
967 141
967 309
967 374
967 440
967 456
967 518
967 579
967 582
967 660
967 702
967 719
967 724
967 755
967 844
967 854
967 869
967 877
967 886
967 900
967 901
967 941
967 949
967 951
967 965
967 974
967 978
967 984
967 989
967 997
968 48
968 66
968 89
968 147
968 208
968 222
968 296
968 407
968 458
968 469
968 480
968 482
968 503
968 505
968 645
968 650
968 654
968 668
968 697
968 715
968 752
968 797
968 832
968 843
968 868
968 876
968 933
968 944
968 952
968 987
968 988
969 84
969 93
969 135
969 225
969 284
969 316
969 382
969 451
969 455
969 459
969 463
969 551
969 563
969 574
969 589
969 606
969 622
969 640
969 654
969 687
969 722
969 750
969 776
969 849
969 908
969 924
969 937
969 938
969 966
969 975
969 998
970 6
970 41
970 173
970 214
970 223
970 371
970 439
970 509
970 519
970 629
970 645
970 701
970 712
970 755
970 776
970 812
970 814
970 828
970 870
970 905
970 917
970 933
970 947
970 950
970 952
970 953
970 972
970 979
970 985
970 988
970 993
971 37
971 42
971 72
971 135
971 193
971 400
971 461
971 504
971 511
971 538
971 598
971 616
971 623
971 705
971 736
971 757
971 817
971 839
971 849
971 858
971 892
971 904
971 936
971 946
971 948
971 956
971 957
971 978
971 983
971 986
971 989
971 998
972 145
972 162
972 206
972 467
972 473
972 498
972 523
972 590
972 600
972 617
972 647
972 659
972 712
972 736
972 745
972 769
972 822
972 828
972 901
972 905
972 920
972 922
972 942
972 950
972 952
972 970
972 974
972 978
972 988
972 993
972 994
972 995
973 236
973 239
973 258
973 430
973 458
973 460
973 497
973 531
973 571
973 587
973 612
973 649
973 650
973 654
973 709
973 736
973 765
973 797
973 819
973 860
973 876
973 902
973 931
973 934
973 944
973 946
973 963
973 974
973 979
973 984
973 987
973 993
973 996
974 3
974 4
974 15
974 96
974 119
974 154
974 237
974 267
974 273
974 278
974 321
974 325
974 509
974 570
974 594
974 636
974 741
974 758
974 763
974 765
974 783
974 811
974 816
974 853
974 896
974 923
974 962
974 967
974 972
974 973
974 977
974 985
974 992
974 996
975 47
975 72
975 81
975 96
975 298
975 306
975 328
975 355
975 533
975 584
975 649
975 695
975 696
975 727
975 751
975 756
975 789
975 842
975 856
975 859
975 865
975 876
975 893
975 910
975 918
975 919
975 921
975 958
975 961
975 969
975 976
975 977
975 983
975 985
975 997
976 71
976 219
976 259
976 290
976 332
976 378
976 408
976 434
976 480
976 482
976 486
976 496
976 608
976 656
976 716
976 723
976 821
976 832
976 842
976 851
976 859
976 861
976 868
976 893
976 898
976 918
976 925
976 928
976 940
976 954
976 961
976 962
976 975
976 977
976 986
977 10
977 34
977 113
977 116
977 150
977 221
977 264
977 322
977 333
977 378
977 402
977 427
977 458
977 472
977 482
977 609
977 632
977 634
977 661
977 682
977 686
977 690
977 753
977 807
977 832
977 860
977 931
977 944
977 955
977 963
977 974
977 975
977 976
977 987
977 998
978 101
978 105
978 160
978 200
978 202
978 211
978 256
978 310
978 367
978 446
978 481
978 488
978 641
978 724
978 759
978 778
978 799
978 801
978 814
978 844
978 851
978 866
978 874
978 891
978 935
978 942
978 949
978 967
978 971
978 972
978 988
978 989
978 996
978 997
978 998
978 999
979 73
979 279
979 285
979 344
979 360
979 387
979 422
979 526
979 562
979 575
979 646
979 663
979 665
979 677
979 718
979 731
979 743
979 748
979 751
979 779
979 817
979 831
979 841
979 846
979 854
979 855
979 872
979 902
979 933
979 951
979 964
979 970
979 973
979 986
979 987
979 988
979 999
980 11
980 13
980 108
980 156
980 181
980 228
980 323
980 339
980 343
980 350
980 352
980 366
980 375
980 390
980 391
980 432
980 437
980 472
980 593
980 638
980 676
980 688
980 702
980 706
980 771
980 827
980 830
980 835
980 840
980 858
980 871
980 902
980 909
980 951
980 960
980 961
980 983
980 999
981 16
981 42
981 122
981 126
981 213
981 303
981 304
981 308
981 343
981 346
981 350
981 375
981 437
981 472
981 568
981 593
981 656
981 675
981 679
981 688
981 702
981 704
981 706
981 771
981 788
981 806
981 835
981 840
981 871
981 872
981 882
981 888
981 892
981 909
981 921
981 924
981 960
981 961
982 90
982 182
982 314
982 332
982 339
982 421
982 444
982 453
982 477
982 485
982 487
982 492
982 529
982 603
982 608
982 616
982 667
982 679
982 681
982 699
982 714
982 772
982 774
982 777
982 798
982 801
982 802
982 813
982 839
982 856
982 867
982 897
982 904
982 906
982 907
982 947
982 953
982 956
982 959
983 41
983 52
983 57
983 207
983 284
983 296
983 302
983 320
983 384
983 389
983 413
983 474
983 493
983 547
983 563
983 626
983 674
983 708
983 729
983 740
983 790
983 863
983 866
983 885
983 888
983 894
983 900
983 901
983 922
983 926
983 930
983 932
983 966
983 971
983 975
983 980
983 984
983 985
983 999
984 17
984 44
984 46
984 51
984 76
984 149
984 207
984 260
984 302
984 327
984 418
984 473
984 493
984 503
984 525
984 529
984 602
984 610
984 627
984 706
984 708
984 729
984 740
984 768
984 790
984 845
984 862
984 881
984 885
984 888
984 894
984 926
984 932
984 967
984 973
984 983
984 987
984 995
984 998
984 999
985 35
985 67
985 96
985 151
985 152
985 159
985 217
985 219
985 243
985 372
985 388
985 394
985 431
985 488
985 560
985 570
985 585
985 638
985 680
985 696
985 716
985 762
985 763
985 789
985 808
985 821
985 842
985 861
985 864
985 898
985 913
985 929
985 939
985 970
985 974
985 975
985 983
985 992
985 993
985 998
986 9
986 10
986 20
986 69
986 75
986 138
986 194
986 220
986 244
986 276
986 287
986 322
986 364
986 379
986 399
986 441
986 516
986 520
986 556
986 561
986 607
986 620
986 625
986 703
986 759
986 766
986 767
986 800
986 804
986 810
986 868
986 884
986 904
986 916
986 951
986 971
986 976
986 979
986 989
986 997
987 5
987 34
987 64
987 98
987 295
987 299
987 303
987 340
987 354
987 359
987 393
987 427
987 430
987 497
987 505
987 552
987 556
987 625
987 645
987 651
987 655
987 668
987 682
987 717
987 747
987 767
987 807
987 860
987 877
987 891
987 900
987 918
987 939
987 968
987 973
987 977
987 979
987 984
987 989
987 997
987 999
988 0
988 65
988 71
988 84
988 85
988 87
988 117
988 228
988 255
988 419
988 468
988 470
988 549
988 590
988 629
988 631
988 664
988 700
988 709
988 714
988 751
988 812
988 822
988 833
988 834
988 880
988 899
988 905
988 920
988 922
988 927
988 944
988 950
988 951
988 956
988 961
988 968
988 970
988 972
988 978
988 979
988 995
989 11
989 35
989 54
989 58
989 61
989 80
989 118
989 191
989 223
989 250
989 283
989 418
989 471
989 504
989 579
989 582
989 599
989 614
989 695
989 724
989 730
989 746
989 770
989 794
989 798
989 826
989 827
989 875
989 879
989 887
989 921
989 935
989 942
989 949
989 962
989 965
989 967
989 971
989 978
989 986
989 987
989 995
989 997
990 1
990 107
990 132
990 136
990 187
990 205
990 325
990 330
990 349
990 377
990 496
990 521
990 532
990 533
990 591
990 605
990 669
990 705
990 733
990 738
990 741
990 745
990 746
990 757
990 758
990 783
990 804
990 816
990 820
990 843
990 859
990 896
990 914
990 925
990 934
990 941
990 950
990 991
990 992
990 995
990 996
990 998
990 999
991 110
991 112
991 165
991 225
991 234
991 248
991 257
991 314
991 366
991 430
991 431
991 451
991 462
991 571
991 593
991 622
991 627
991 643
991 660
991 663
991 722
991 726
991 736
991 748
991 750
991 753
991 757
991 760
991 788
991 826
991 841
991 843
991 858
991 890
991 920
991 924
991 936
991 943
991 946
991 956
991 957
991 959
991 990
992 1
992 26
992 110
992 136
992 153
992 259
992 287
992 289
992 306
992 315
992 321
992 380
992 396
992 467
992 507
992 536
992 538
992 548
992 592
992 597
992 602
992 623
992 645
992 712
992 733
992 757
992 762
992 763
992 765
992 775
992 783
992 805
992 809
992 816
992 821
992 843
992 923
992 962
992 974
992 985
992 990
992 997
992 999
993 64
993 66
993 100
993 163
993 209
993 216
993 315
993 329
993 393
993 401
993 402
993 479
993 545
993 573
993 580
993 606
993 625
993 645
993 649
993 651
993 661
993 674
993 690
993 711
993 734
993 747
993 791
993 811
993 822
993 832
993 837
993 860
993 889
993 891
993 895
993 906
993 939
993 944
993 959
993 970
993 972
993 973
993 985
993 999
994 0
994 31
994 138
994 177
994 249
994 251
994 257
994 295
994 299
994 391
994 400
994 442
994 457
994 474
994 498
994 501
994 512
994 513
994 548
994 576
994 608
994 627
994 637
994 663
994 665
994 718
994 721
994 762
994 803
994 837
994 849
994 858
994 861
994 872
994 873
994 876
994 882
994 896
994 902
994 913
994 933
994 945
994 947
994 955
994 964
994 972
995 65
995 77
995 120
995 183
995 214
995 252
995 255
995 261
995 291
995 304
995 322
995 335
995 338
995 404
995 457
995 467
995 511
995 521
995 541
995 546
995 549
995 628
995 653
995 659
995 683
995 694
995 751
995 774
995 812
995 814
995 822
995 833
995 847
995 889
995 893
995 911
995 917
995 927
995 931
995 952
995 972
995 984
995 988
995 989
995 990
995 996
995 998
996 33
996 148
996 167
996 188
996 214
996 234
996 305
996 306
996 321
996 328
996 377
996 380
996 440
996 483
996 486
996 497
996 509
996 533
996 548
996 592
996 636
996 644
996 692
996 733
996 738
996 744
996 758
996 762
996 765
996 770
996 809
996 811
996 813
996 816
996 820
996 843
996 871
996 877
996 895
996 925
996 927
996 962
996 973
996 974
996 978
996 990
996 995
996 997
997 39
997 57
997 71
997 118
997 172
997 245
997 261
997 277
997 319
997 321
997 374
997 385
997 400
997 500
997 535
997 582
997 586
997 593
997 599
997 601
997 678
997 724
997 748
997 778
997 826
997 831
997 850
997 867
997 869
997 873
997 875
997 877
997 901
997 913
997 935
997 937
997 941
997 942
997 963
997 967
997 975
997 978
997 986
997 987
997 989
997 992
997 996
997 999
998 23
998 60
998 136
998 149
998 198
998 250
998 291
998 366
998 376
998 381
998 431
998 448
998 459
998 500
998 511
998 564
998 589
998 604
998 611
998 615
998 622
998 623
998 639
998 643
998 680
998 690
998 710
998 736
998 749
998 753
998 756
998 761
998 824
998 841
998 849
998 858
998 890
998 895
998 920
998 938
998 940
998 969
998 971
998 977
998 978
998 984
998 985
998 990
998 995
999 18
999 28
999 78
999 121
999 182
999 200
999 208
999 211
999 235
999 344
999 357
999 440
999 443
999 454
999 481
999 495
999 556
999 579
999 618
999 650
999 672
999 715
999 719
999 730
999 737
999 744
999 799
999 821
999 826
999 844
999 869
999 872
999 875
999 877
999 886
999 901
999 921
999 935
999 941
999 954
999 978
999 979
999 980
999 983
999 984
999 987
999 990
999 992
999 993
999 997
