0 1 2 3 5 6 8 11 12 13 14 16 17 20 21 29 30 32 33 36 38 39 40 41 43 48 49 50 51 52 53 54 56 58 59 60 61 62 65 66 67 68 69 74 76 79 80 83 84 85 87 89 90 91 92 96 100 101 102 104 107 108 113 115 116 117 119 122 123 124 125 130 132 133 135 136 137 138 139 140 141 142 143 144 145 149 151 154 155 156 159 165 166 169 170 175 177 178 179 180 181 183 184 185 186
1 29 90 100 107 108 117 124 186
2 22
4 3
6 93
8 1
9 139
10 2 22 180
11 52
13 122
15 24
19 169
22 2 10 38
23 23 24
24 23 79 129
26 26 27 127
27 26
28 24
31 57 156 169
32 36 118 142 149 155 161 175
33 140 156
34 22 35
35 35
37 12 66 89
38 22 38
41 114
42 42
43 156
44 43
45 114 174
47 48 75
48 128
52 11
56 57
57 31
61 131
63 80
64 64 138 140
67 67
69 122
70 69
71 1 71 124 127
72 20 156
73 20 72
74 36 75
76 126
77 78 127 138
78 138
79 12 24
80 127
81 80
82 80 138
86 92
88 88 114
89 122
90 107 186
93 6 127 171
94 13 68 122 156
95 1 25 42 96 144 148 158
96 1 97 98 99 127
98 96
99 96
103 48
104 48
105 46
106 158
107 1 29 90 100 117 130 144 179
108 1 108 127
109 62 108
110 55 108
111 108 138
112 39 108 116
114 88 141 153 172 173
118 118
120 120
121 1 35 92
122 13 69 89 94
124 1 71
126 18 76 126 127 128
127 134
129 24
130 1 127 131 132 179
133 169
134 134
135 146
136 138
137 48
140 33 116 159
141 114
144 48
145 138 140
147 1 92
148 98
150 48
152 181
153 114 153
157 156
159 140
160 186
161 36 149 156 161 175
162 161
163 7 156 161 184
164 161
165 48
166 1 58 91 127
167 127 169
168 184
169 85 133 167
172 114 127 172
173 172
176 176
182 181
185 114