0 0
1 1
2 2
3 0
4 3
5 2
6 2
7 2
8 3
9 0
10 3
11 1
12 2
13 2
14 2
15 2
16 2
17 2
18 1
19 2
20 2
21 2
22 1
23 2
24 1
25 2
26 3
27 0
28 2
29 2
30 2
31 3
32 1
33 3
34 2
35 0
36 2
37 3
38 2
39 2
40 2
41 2
42 2
43 3
44 0
45 2
46 2
47 2
48 2
49 3
50 2
51 2
52 2
53 2
54 2
55 2
56 2
57 0
58 2
59 2
60 2
61 2
62 2
63 0
64 2
65 2
66 2
67 2
68 2
69 2
70 0
71 3
72 3
73 1
74 3
75 0
76 1
77 3
78 0
79 2
80 3
81 0
82 0
83 2
84 3
85 2
86 2
87 2
88 2
89 2
90 2
91 2
92 1
93 3
94 3
95 1
96 3
97 0
98 0
99 0
100 2
101 2
102 3
103 2
104 2
105 2
106 1
107 1
108 3
109 0
110 0
111 0
112 0
113 2
114 1
115 2
116 2
117 2
118 2
119 2
120 3
121 3
122 1
123 2
124 1
125 2
126 3
127 0
128 0
129 2
130 3
131 0
132 0
133 2
134 2
135 2
136 3
137 2
138 2
139 2
140 1
141 2
142 2
143 2
144 2
145 2
146 2
147 4
148 2
149 2
150 2
151 2
152 0
153 2
154 2
155 2
156 2
157 0
158 2
159 2
160 3
161 3
162 0
163 0
164 0
165 2
166 3
167 3
168 0
169 1
170 3
171 2
172 3
173 0
174 0
175 2
176 0
177 2
178 2
179 2
180 2
181 2
182 0
183 2
184 2
185 2
186 1