
1397 1470 362 226 750 489 1462
1713 393 445 1713 1713
696 1610 889 1615 708 713 718 1630 734 776 814 818 696
1401 220 1412 1413 226 228 233 235 1450 236 1455 1465 1466 1468 243 245
1535 696 445 780 1550 2273
1615 1615 1616 713 2158 1624 2165 2167 1630 1631 1640 1659 1662 2280 2307 1615
16 11 393 48 68 67 88 116 119 493 167 181
15 16 64 66 68 73 92 116 489 172 181
186 63 436 100 101 107 458 1443 1445 133 458
1567 890 1592 1597 1601
1398 1398
1005 695 696 700 713 714 722 445 663 1445 489 788 1018 509 811 1465 1481
1891 1891
390 277 434 960 445 475 346
1716 1717 1718 400 410 2159 1745 1765 1799 1805 1815 1829 1840 1855 1865 1783 1716 1840 1716 1840 1716
902 1247 445 933 682
23 391 25 393 1412 89 980
1394 1545 887 893 289 931 950 975 999 955 341 999 999
1555 1619 1575 1600 1585 1592 1597 1565 1575 1575
27 27 43 63 60 68 85 445 133 160
216 31 69 70 1413 221 222 223 89 666 124 234 235 142 247
400 393 399 410 416 277 1497 1498 445 458 1509 885 525 2312 400
43 14 696 391 27 30 31 41 49 51 52 654 58 68 76 77 85 124 160 1467 682
397 1717 393 399 841 410 416 1746 277 435 458 464 1663 485 984 623 624 525 531 397
399 397 400 410 416 856 277 2393 445 458 1311 0 496 525 399
1036 1036 1746 1064 2047 1174 1176 1177 1467 1036 1036
2113 2109 1157 1673
895 895
1722 1717 393 1848 1832 1867 1722
2330 1607 433 437 1638 1637 1658 1645 1646 1648 1647 1653 1660 1663
2112 2130 2134
2130 2112 2134 400 2159
2148 2126 2139 2153 2174 457 2197 2199 2200 2252 525 2293 2296 2297 2303 2288 2315
1016 445 1574 1576 1583 682
895 895 982 895 895
42 47 63 1641 1443 133 497
32 43 136 146 509
1896 2101 1517 510
708 391 1717 393 2147 400 713 1621 419 718 1641 1525 1647 445 734 458 1653 721 464 1509 776 1663 485 489 793 918 1530 814 818 1684 708
46 391 69 68 323 84 99 104 113 117 489 496 153 153 161
1730 1842 393 1731 1785 1730 1730
2101 2126 1896 445 2404 1832 496 510
1007 1007
1746 1770 1583 1832 1879 1746 1746 1746
427 544 32 1525 449 359 359 481 493 236 536 427 427
410 1717 393 397 708 416 277 458 668 485 525
416 1717 397 400 410 277 458 496 525
2344 960 975 2344 2344
425 396 405 406 277 434 445 457 475 476 489 496 140 509 510 982 425 425
1624 1615 1616 713 1630 1631 1640 445 113 1659 1662 680
1493 1482 1504 1525 1492 1540 602 1509 694 1515 682 526 1505
52 26 31 69 90 670 235 142
1748 1717 1722 1748 1748
1981 1980 69 1995 2001 2005 2066 2073
899 405
50 496
1619 890 1626 1639 1651 1664 1666 1686
1407 1398 1400 1401 1403 560 1406 1413 1417 1423 1430 1433 1434 1435 1440 1445 1446 235 1457 1465 1467 1479 1434 1434
218 217 222 445 662 124
655 63 146
2159 1208 2094 708 713 445 828 2200 776 489 1369 814 848 2273 373 2293
1405 1406 1412 1421 1425 1430 228 1434 1439 1445 233 1449 1460 1462 1464 1466 1467
1627 890 1621 1629 445 1654 1653 1661 1684
1753 1772 393 397 1767 464 1832 146 1850 1753 1753
1745 1716 1717 1718 1765 445 1799 1805 119 1815 1829 1840 1855 1865 1745 1840 1745 1840
1980 1981 2066
250 250
69 26 1401 31 52 69 70 221 89 90 185 90 90 69
250 1007 250 88 445 1009 1007
2221 400 416
220 228 235 1468 240 242 1480
659 445
68 16 391 27 400 43 46 48 560 560 60 66 67 73 98 106 229 1434 1095 121 1443 122 1449 143 167 175 179 181 183
667 12 651 217 930 662 663 107 975 670 1392 932 239 680
322 1548 322 323 1645 325 326 342 322 322
1346 391 902 399 666 1298
1630 1615 1616 401 713 1624 1566 1631 1640 1659 1662 814 525
1631 1615 1616 713 1742 1624 1630 1640 1659 1662 962
434 399 405 425 277 457 334 475 489 509 510 1860 346 434 434
276 427 510 1143 526
1055 392 1061 1062 1412 2013 1128 1185 1178
355 355
1412 1412 391 1397 1398 1404 68 1411 1412 1416 89 1421 1428 228 1434 1439 1442 1443 1444 124 1445 1446 1449 235 1451 1457 1458 1459 1460 1461 1465 1464 1466 1467 623 244 1476 1478 185 1412 1465 1412 1465 1465
221 31 70 222 223 89 231 235 185 247
1413 1401 1412 226 1450 1455 1466
960 405 2344 1007 940 975 668 962 917 967 682 344 526 961 1002 960 960 960
1498 400 1497 445 866 1509 1541 1547
1418 1398 1402 1403 1410 1412 226 1430 228 1434 1441 1444 1445 1446 1451 1460 1465 1465 1466 1467 1468 1478 1480
1501 445 755 999 489 682
1497 400 1498
1641 1555 1621 1635 1636 1654 1653 1661 1673 1565 682 1684
1636 1555 1621 1635 1638 1637 1641 1645 1646 1647 1654 1653 1580 1558 1661 1673 1565 682 1684
1013 1009 1013
1717 1718 1722 1767 1805 1805 471 1832 1840 1819 1717
1385 348 1247 1254 1255 124 1385 1385
224 1401 1412 1413 224 225 226 228 229 232 233 235 236 241 242 243 244 526 245 246 247
1995 1412 1999 1996 1997 1998 2000 2001 2002 2003 1573 2020 2030 2046 2049 2066 2073 2074 1995
1525 1397 2126 2148 400 1504 1493 194 1470 1525 2215 1492 1540 750 1509 489 673 304 1515 2288 1505 2182 1484 1525 1525
1840 1716 1717 1718 393 1745 1749 1497 1765 1799 119 1813 1815 1829 1853 1855 1865 1783 1840 1840
1767 1717 1753 445 1832 1850 1853 1767 1767
1419 1398 63 1412 1470 1421 1439 1441 1449 235 1466
2175 393 445 242 525 2288
2178 848
445 445 445
1573 1573
445 1717 1615 393 399 400 410 2344 277 196 1497 1767 2395 458 292 772 1832 1170 525 851 826 445
1261 1261
1424 1412 1421 1424 1432 1444 1445 1456 1465 1466 1467 1468 1478 1424 1424
1006 445 1391
1424 1424
225 220 1412 1413 224 225 445 226 228 229 1446 232 233 235 236 241 242 243 244 1476 245 246 247
90 31 63 69 70 221 185 90 90
732 1548 788
1492 1504 1493 1525 2215 1540 489 1515 1505 2182
1421 1401 1408 1412 1425 1573 1427 226 1429 1430 228 1456 1465 1466 1467 1468 1480 1421 1421
1425 1402 1408 1421 226 1430 1441 1466 1467
1572 1621 1654
1576 713
228 216 1401 1412 1413 221 224 225 1427 226 1430 227 228 229 1434 1441 232 233 235 1450 236 1456 1466 241 242 243 244 375 245 246 247
226 216 1401 1413 224 225 226 228 229 1445 232 233 235 236 1464 1466 1467 241 242 243 244 526 375 245 246 247
663 695 1005 700 1615 405 713 722 663 666 788 811
922 1611 1346 1641 1082 922 1653 933 1559 972 1170 916 922 922
1603 1559 1580 1558 1565
1909 1910 458 119
457 405 425 277 434 602 2348 475 489 1330 509 510 372 623 628 457
1264 1208 1211 1213 1250 1261 1296 1300 1299 1316 1330 1333 1340 1350 1373
1640 1615 1616 713 1624 1630 1631 960 1659 1662 1598
454 396 708 419 277 433 435 464 471 472 489 509
458 397 2322 482 458
229 213 2159 560 68 1412 1413 224 225 226 227 228 229 232 233 235 236 241 242 243 244 245 246 247
107 31 658 221 89 137 155 185 247 107 107
933 902 1573 929 1455 1002 933 933
1436 1412 445 1434 1443 1444 1460 510 1464 1465 1467 1474 1478
990 2330 1007 1647 445 962 978 848 1108 374 990 990
1559 1636 1603 1580 1558 315 1565
973 471 670 1594 1549
1848 1722 1847 1807
110 1717 43 47 61 69 88 91 109 119 845 489 496 146 159
755 445 1369 682
1281 451 1255 667 494 1330 1344 1281 1281
1439 1398 1404 1410 1411 1412 1416 1428 1434 1439 1442 1443 1444 1445 1446 1449 1457 1458 1459 1460 1461 1465 1466 1467 1475 1476 1478 1465 1465 1465 1439
760 890 1654 760 978 1684
775 1891 69 489 1960 526 810 839
1583 807
461 396 433 749 2351 290 461 761 119 472 483 794 797 849 827 827 531 2387 832 833 461
1301 393 471 1302 1301 1301
113 391 46 46 427 84 445 104 458 153 159 161 819
116 31 43 458 458
1226 1257 930 933 1234 1330 1344 1226 1226
1063 1609 1074 1075 667
1008 1008 445 2373
1509 697 2106 400 708 1498 2178 1525 1509 496 848 525 1541 2312
1727 1736 1732 1744
1813 1716 1717 1760 1805 1815 1840 1887 1813 1813
666 650 69 90 445 682 244 185
1585 1555 1632 1575 1600 1592 1597 1565 1575 1575
763 672
1229 1229
1299 1259 1261 1264 1296 1350 1863 1299 1299 1299
254 1970 1497 510 254 254 254
1445 1397 1398 1403 1404 1411 1412 1414 1416 1417 1423 734 1428 1433 1434 1439 1442 1443 669 1444 1445 1446 1448 1449 235 1457 1458 1459 1460 1461 762 1465 1464 1465 814 1466 1467 1471 1472 242 1475 1476 1478 1481 1465 1465 1465
1009 1007 1470 228 235
315 315 445 866
1229 1239 602 1234 1318 1229 1229
476 32 1247 47 562 277 75 742 1071 475 1308 1310 489 493 1466 623 2288 526 476 476 476 476
1441 1402 1412 226 228 235 1452 1462 1466 1467 1468 1480 1466 1466
1444 391 1398 1404 1411 1412 1416 1423 1424 1424 1428 226 1430 228 1436 1434 1439 1442 1443 1444 1445 1446 1449 235 1457 1458 1459 1460 1461 1462 1465 1464 1466 1467 1471 1476 1478 245 1444 1465 1444 1465 1465
772 400 854 1507 445 1540 747 750 525 2316
975 1545 1394 887 2344 960 289 458 931 939 950 999 482 955 964 932 341 975 999 975 999
999 1545 1394 887 1501 289 931 237 283 950 975 955 932 341 999 999
1587 397 713 433 435 458 525
691 878 1498 1143
471 386 388 392 1717 393 397 418 1749 433 445 451 1281 1110 1922 1815 1831 494 1832 497 789 1840 367 512 518 521 451 471 451 471 451
254 254
124 12 216 26 31 69 70 221 222 223 228 231 234 235 185 247 124 124 124
1296 1208 1211 2009 1264 1299 1321 1344 1350 1296 1296
1661 1611 1621 1627 1629 1635 1638 1637 1636 1641 1645 1646 1643 1648 1647 1654 1653 1673 526 1684 1685
1123 909 1183
233 1401 1413 224 225 226 228 229 666 232 235 672 236 1465 1467 241 242 243 244 245 246 247
1523 1523 489 1517 1523 1523
1316 1211 1261 1264 1272 1288 1314 1326 1328 1330 1334 510 1350 1352 1363 1316 1316
232 393 1413 224 225 1573 226 227 228 229 232 233 235 236 241 242 243 244 245 246 247
485 391 393 397 708 410 458 1509 485 793 393
1589 733 489 1589 372
255 252 255 509
489 489
846 845 846 962
235 213 216 26 31 63 69 1412 1413 221 224 225 226 228 107 229 237 1443 1445 1447 232 233 234 235 672 1450 236 1465 1466 1467 241 242 243 244 1478 375 245 246 247
1449 1398 1404 1405 1407 1411 1412 1416 1420 1428 1434 1439 1442 1443 1444 1445 1446 1449 1454 1457 1458 1459 1460 1461 1465 1466 1467 1475 1476 1478 1465 1465 1465 1449
784 493 694 1143 526 1484
493 1722 277 75 602 476 1310 493 784 2288 526 493 493 493 493
1832 1687 1717 393 1722 400 445 1797 1871 1832 1832
234 213 216 26 31 52 69 221 222 89 228 124 231 235 247
1859 1689 1722 457 1848 1859 1807
1390 1390
962 962 14 266 910 960 280 1574 929 962 978 814 848 849 818 967 851 993 1002 962
140 140 154 157 679
1330 393 1243 1261 1264 1281 1316 1326 1328 1344
743 1525 458 479
1450 1401 1413 1424 1450 1455
1328 1219 1223 1293 1244 1065 1264 1272 1342 1303 1316 2047 1330 1331 1352 1363 1328 1328
139 391 393 43 1272 162 173
1453 1410 1411 1412 1416 1417 1423 1428 1433 1434 1439 1442 1443 1444 1446 1449 496 1465 1476
497 890 1717 393 1621 1641 1497 1498 445 1653 1513 471 3 497 497
1369 489 1369 1369
142 26 31 52 221 78 235 185
1149 1127 1093
2049 393 1975 1412 254 2049 2074
673 696 668 670 676 185
1017 1005 1016 1008
1455 1401 1413 933 1450
786 786
1850 1717 393 1753 1764 1767 1771 1826 1881
1340 1722 425 1264 1299 1351 1340
805 391 708 723 808 781 781 515 819 720 994 391
972 2323 922 1369 972 932 1364 972 972
1456 1401 1402 1418 1421 1422 1424 1429 1430 228 1466 1467 1478
786 318 702 434 1848
1671 1600
848 848
1467 1398 1404 1407 1411 1412 1416 1420 1421 734 1428 226 228 1434 1439 1441 1442 1443 1444 1445 1446 233 1449 235 788 496 1450 1452 1457 1458 1459 1460 1461 1465 1464 1466 1467 1468 848 346 244 1476 1477 1478 648 1480 1465 1465 1465
1466 696 1402 1408 1408 1412 1418 1421 1425 1573 1427 226 1430 228 1434 1441 1443 1444 1445 1446 235 1450 1452 1454 1460 1462 1464 1467 1468 1476 1477 1478 1480 1466 1466
2060 1746 1412 2061
1465 1398 1403 1404 1405 1410 1411 1412 1414 1416 1417 1418 1420 1421 1423 1428 226 1430 228 1433 1436 1434 1438 1439 1441 1442 1443 1444 1445 1446 1448 1449 235 1452 1453 1454 1457 1458 1459 1460 1461 1462 1466 1467 1468 1469 1471 1472 1475 1476 1477 1478 1480 1465
816 401 713 851 993
1172 1412 1089 489 509 1173 1174 1175 1188
1174 1064 1167 364 1172 1173 1175 1177 1188
1468 1402 1408 1413 1421 1422 226 228 1431 1436 1441 235 1452 236 1456 1465 1466 1467 244 1480 1466 1466
304 393 269 397 400 708 408 1493 436 272 445 448 284 458 288 10 304 304 304 304
1462 696 1402 1412 1430 1434 1441 1443 1444 1445 1591 1456 1460 1462 1465 1466 1467 1476 1477 1478 1480
1159 393 255
2066 445 2046 2049 2074
982 23 895 405 901 1412 1257 1334 1467 1184 982 982
980 883 393 2060 682 525 2288 6 980 980
978 75 445 990 760 3 1673
519 43 58
2069 1974 252 2071
308 405 434 1071 489 786 509
849 393 458 461 310 849
133 186 696 63 82 662 100 101
851 266 400 1497 445 525 851 993 525
242 393 1896 220 1412 1413 224 225 445 1573 226 227 228 229 1445 232 233 235 236 1466 1467 241 242 243 244 375 245 246 247
241 31 1412 1413 224 225 226 227 228 107 229 232 233 235 236 1466 241 242 243 244 245 246 247
1130 1028 1412 1077 1598
1393 1974 1036 63 1498 90 2010 124 776 489 1393 915 1393 1393 1393
1185 1055 1061 1062 1178
1344 895 2330 1281 471 1316 1330 509 1238 1344 1344
177 393 411 69 79 90 102 458 139 173
181 16 1717 60 64 66 68 73 92 99 1095 124 489 235 172
1565 1555 1636 1641 1600 1603 1653 1559 1580 1585 1558 1597 682
682 445 663 107 668 682
2284 866 334 489 1505
1435 1398 1400 1402 1403 1407 1411 1417 1423 226 228 1433 1434 1439 1440 1443 1446 1449 1457 1460 1465 1466 1467 1476 1479 1434 1434
1373 1211 1259 1264 1283 1300 1326 1373 1373
1552 887 63 931 237 1593 694
1469 68 1418 226 1430 228 1434 1439 1446 1451 1465 1466 1467 1478
885 400
1515 2145 1504 1493 1638 736 1525 1508 2215 1492 1540 1509 682 1505 2182
173 393 79 177
1351 1209 1261 1264 1281 1314 1316 1326 1330 509 510 1372
346 434 323 334 1445 340 346 346 346
244 393 1412 1413 224 225 226 227 228 229 232 233 235 236 1468 241 242 243 244 1476 185 245 246 247
1960 1891 445 775 1960 810 839 1960
344 2160 2404 489 2288 344 1491 2259 2288 2288
2291 1525 2404
1598 89 445 1573 458 496 932 682
526 1621 277 1641 1653 476 1310 493 136 623 624 2288 526 526 526 526
183 27 43 66 68 1095 124 489 966 1872
1547 393 400 708 1548 476 1547
1477 696 1412 1413 1418 226 228 1434 1439 1439 1441 1446 235 1456 1462 1465 1466 1467 1480
1478 696 1398 1404 1411 1412 1416 1573 1428 226 1434 1439 1442 1443 1444 1445 1446 1449 1451 1457 1458 1459 1460 1461 1465 1465 1466 1467 1474 1476 1478 1478 1465 1478 1465 1478 1465
1104 393 396 1057 2330 430 1525 1573 922 972 682 531
915 1036 475 957 1330 509
1480 1480
1505 2145 1504 1493 1548 1525 1492 1540 709 476 1515 526 185
1480 1401 1402 1412 1413 1421 1424 226 1430 228 1431 1441 235 1452 1462 1466 1467 1468 1480 1466 1466
1002 882 952 983 984 1684
996 1022 895 489 996 996 996
531 397 561 430 433 290 464 1832 984 1155 531
245 348 391 1412 1413 224 225 226 228 229 1434 232 233 235 1450 236 1465 1467 1468 241 242 243 244 245 246 247
2316 397 2108 854 1903 2175 1540 747 750 772 2246 525 2288 1484
1484 692 1412 2288
536 544 31 409 415 429 69 432 75 221 440 89 449 228 1510 126 136 505 514 623 836 538 540
247 216 393 69 1413 221 224 225 226 227 228 229 232 233 235 496 1450 236 241 242 243 244 245 246 247
839 1891 445 775 1587 489 525 1960 810
1481 1005 1502 734 1445 962 762 1464 1467 818
481 544 395 427 75 2354 510
788 695 700 722 1467 820 2281
119 696 1718 397 47 1745 61 445 91 734 99 109 110 496 146 1853 159 849 818 525 851 185 1685
1842 1691 1730 1785 445
825 2135 405 2215 742 811 2259
1580 1636 1641 1603 1653 1559 1565
1444 1444
396 386 399 419 718 425 433 435 444 749 290 461 761 464 472 254 483 489 509 849 310 827 827 833 461 396
2351 715 1571 749 461 2387 833
749 1551 396 715 2351 461 761 938 794 797 814 827 832 833
623 397 568 569 624 648
651 90 667 124 1392 239 680
436 1498 451 459 1663 304 515 436 436
433 386 396 708 419 433 435 196 444 1647 290 458 461 464 471 472 1587 483 489 1832 509 531 433 433 433
99 1024 31 416 1746 69 71 75 119 145
1470 1397 1525 359 1540 750 344 244
927 1573 933 1110 489 874 996
1331 1261 1271 1281 1284 1316 1298 1324 1328 1334 509 515 1331 1331
88 391 393 43 410 50 50 654 280 1774 496
1434 1398 1400 1401 1403 1404 1407 1411 1412 1416 1417 1418 1418 1423 1428 226 1430 228 1433 1434 1435 1439 1439 1440 1442 1443 1444 1445 1447 1446 1449 1449 235 1457 1458 1459 1460 1461 1465 1466 1467 1476 1478 1479 1434 1465 1434 1465 1465
367 471
359 427 1470 1525 1540 236 244
1452 1402 1413 1421 226 1430 228 1441 235 1450 1466 1467 1468 1476 1480 1466 1466
237 1387 228 931 2353 351 489 235 1390 1593
1430 1407 1412 1416 1418 1421 1429 1434 1444 1445 1450 372 1466 1467 1468 1430 1430
1646 2330 1621 1627 1629 1635 1638 1637 1636 1641 1645 1643 1648 1647 1654 1653 1661 4 1 3 5 1673 1527 1684 1685
2224 2090 2126 2148 2197 2199 2292 2293 2295 2296 2297 2303 2315 2224 2224
1679 713 1679
21 43
398 890 1717 423 1764 441 1897 760 119 471 477 1664 2364 497 515 515 515 515
1645 2330 1621 1627 1629 1635 1638 1637 1636 1641 1646 1643 1648 1647 1654 1653 1661 1673 1476 1684 1685
1718 1716 1717 393 407 1745 1756 1765 1799 1805 1815 1829 1840 1855 1865 1819 1203 1718 1840 1718 1840 1718
1011 1401 1016 63 69 922 972
1655 1650
1238 1716 1331 1382
1403 1398 1400 31 1404 1407 1411 1412 1414 1416 1417 1423 1573 1428 1430 1433 1436 1434 1435 1439 1440 1442 1443 1444 1445 1446 1448 1449 235 1457 1458 1459 1460 1461 1465 1465 1466 1467 1471 1472 1475 1476 1478 1479 1434 1465 1434 1465 1465
1417 26 1398 1400 1403 1404 1407 1411 1412 1414 1416 1417 1423 1428 1430 228 1433 1436 1434 1435 1439 1440 1442 1443 1444 1445 1446 1448 1449 235 1457 1458 1459 1460 1461 1465 1466 1467 1471 1472 1475 1476 1478 1479 1434 1465 1434 1465 1465
24 14 23 391 43 1412 117
1685 708 2330 1621 1627 1628 1629 1635 1638 1637 1636 1641 1645 1646 1643 1648 1647 1654 1653 471 1661 3 5 2104 1673 1684 1549
63 63
190 602 866
776 696 708 713 2159 717 718 1502 734 458 1436 776 762 307 814 818 373 821
818 708 713 718 910 734 458 292 776 972 159 307 814 1481
734 2131 708 713 718 195 1502 776 235 1464 814 818 373 1481
280 696 393 990 962
734 734
87 391 413 445
878 878 825 691
1475 1403 1411 1412 1414 1416 1417 1423 445 1433 1434 1439 1443 1445 1446 1448 1458 1460 1465 1471 1472 1476 1478 1446 1446 1465
1460 1398 1400 1404 1411 1412 1414 1416 1423 1573 1428 226 1430 228 1434 1439 1442 1443 1444 1445 1446 1449 1457 1458 1459 1460 1461 1465 1466 1467 1471 1476 1478 1460 1465 1460 1465 1465
1476 1398 1401 1404 1411 1412 1413 1416 1420 1645 1573 1428 226 1430 228 1434 1439 1442 1443 1444 1445 1446 1448 1449 2244 1457 1458 1459 509 1460 1461 1465 515 1466 1467 1472 1475 244 1476 1478 1465 1476 1465 1476 1465
1186 1071
1659 1615 1616 401 713 713 1624 1630 1631 1640 1662 807
375 425 433 357 358 226 228 489 235 370 375
684 730 736 1523
363 445 228 235 244
419 386 396 718 433 434 435 444 445 290 461 761 464 472 483 489 509 849 310 419
1321 393 445 1264 1296 1350 1361 1321 1321
348 1099 364 1176
1635 1621 1635 1638 1637 1636 1641 1645 1646 1643 1648 1647 1654 1653 760 1661 3 1673 1684 1685
1673 1621 1635 1638 1637 1636 1641 1645 1646 1643 1648 1647 1654 1653 1661 3 1684 1685
722 695 788 820 2281
1602 1412 473 979 1191
1621 1611 708 1627 1629 1635 1638 1637 1636 1641 1646 1647 733 1654 1653 1661 3 970 1673 1684
2340 2144 405 2159 2160
2259 2135 714 2215 489 344 526
1637 1607 400 2330 1621 1627 1629 2174 1635 1638 1636 1641 1645 1646 1643 1644 1648 1647 1654 1653 1661 1660 1663 3 5 1673 1684 1685
1658 1607 708 2330 411 1628 437 859 1638 1525 1648 1647 1618 666 1660 489
1648 1607 708 2330 1621 1627 1628 1629 433 1635 859 1638 1637 1636 1658 1641 1525 1645 1646 1643 1647 1654 1653 666 1661 1660 3 1673 1527 1684 1685 859 859 859
432 43 47 409 714 61 440 572 449 770 207 505 536 538 540
1647 1607 393 708 1621 1627 1629 1635 1638 1637 1636 1658 1641 808 1645 1646 1643 1644 1648 1654 1653 1661 1660 4 3 5 2104 1668 1649 1673 1684 1685
1643 1611 1621 1627 1629 1635 1638 1637 1636 1641 1645 1646 1648 1647 1654 1653 1661 1 3 1673 1527 1684 1685
1681 1397 2321 708 2330 1470 859 1638 1658 1525 1648 1647 1540 750 1660 489 682 1484 859 859 859
770 1722 432 1525 489 505 538
409 43 47 49 432 75 440 89 570 449 129 505 536 538 540
1664 890 1554 1555 1617 1619 1625 1626 1639 1651 1666 1682 1686
1663 2113 708 2330 1621 1628 1629 1635 1638 1637 1636 1641 1645 1646 1643 1648 1647 1654 1653 1580 1661 3 5 1673 1527 1530 1684 1685
1396 1398 1411 1573 1430 1434 1439 1443 1449 1465
1398 1396 1398 1404 560 1410 1411 1412 1416 1428 1434 1439 1442 1443 1444 1445 1446 1449 1457 1458 1459 1460 1461 1465 1466 1467 1476 1478 1465 1465 1465
1684 1611 1621 1627 1629 1635 1636 1641 1654 1653 1661 1673 526
1471 1400 393 1403 1412 1414 1417 1423 226 1430 228 1433 1434 1444 1445 1448 1451 1460 1465 1467 1472 1475 1478 1465
277 1637 360
191 191
1269 1024 1165 405 1042 1071 1 1163 1370 991 916
464 386 1717 396 397 419 433 435 196 444 332 290 472 483 484 489 1832 984 509 1155 310 531
1387 1395 1746 1391 1390 680
261 353 1007 250 1007 261
353 1007 1009 261 1007
1660 1607 391 393 708 2330 859 1638 1637 1658 1645 1648 1647 666 1668 859 859 859
1639 890 1617 1619 1625 1626 1632 1633 1651 1664 1666 1682 1683 1686
932 1621 1645 999 932 680 932 932
1687 393 1644 1832 1844 1832 1832
538 47 409 49 714 415 69 432 440 449 748 770 505 509 536 540
1422 1402 1412 1426 1425 1430 1456 1466 1467 1468 1480
1607 2330 1628 1638 1637 1658 1644 1647 1660 3 525
509 396 1851 405 714 419 425 277 433 434 435 457 464 475 489 510 538 509 509
79 23 391 393 2098 43 50 57 77 97 458 139 160 177 393
2109 2113 527
1211 393 1237 1259 1261 1264 1283 1296 1299 489 1314 1316 1326 1330 1340 510 1350 1373 1211 1211
1549 708 1645 1646 477 789 1527 515 1552
654 12 235 654 654
658 31 89 107 235 682
670 12 52 654 657 90 1645 107 668 673 681 682 107 670 670
2312 393 2106 2147 400 708 2178 1509
1261 1211 1264 1272 475 476 1316 1326 1328 509 510 1352
1548 322 1645 940 1505
515 890 422 423 436 1636 1498 441 451 1651 760 477 515 515 515
411 393 2098 277 738 465
1257 1385 445 1234 1330 982 1238
1176 1036 1064 1087 1089 1095 760 1177
1402 1409 1412 1418 1421 1425 1430 1436 1441 1452 1462 1466 1467 1468 1480 1466 1466
1996 1995 1999 1997 1998 2000 2001 2002 2003 2005 2020 2030 2073
1997 1995 1999 1998 2000 2001 2002 2003 2005 2020 2023 2030 2066
1998 1978 1995 1999 1997 2000 2001 2002 2003 2020 2030
1999 77 1995 1997 1998 2000 2001 2002 2003 2005 445 2020 2030
2000 77 1995 1999 1997 1998 2001 2002 2003 2021 2020 2030
981 2159 909 489 1456 240 919
323 322 323 325 866 334 335 140 1529 340 346 323 323
383 216 56 378 227 1450 384 383
1832 1832
309 458 776 309 309 309
1871 1722 1046 1748 1647 493 1832 344
662 12 667 140
1177 1087 2028 489 2046 1141 2049 2063 1176 2066 2074
1423 1398 1400 1403 1404 1407 1411 1412 1413 1414 1416 1417 1420 1573 1428 1430 228 458 1433 1436 1434 1435 1439 1440 1442 1443 1444 1445 1446 1448 1449 235 1457 1458 1459 1460 1461 1465 1466 1467 1471 1472 1475 1476 1478 1479 1434 1465 1434 1465 1465
179 43 68 1095 167 2070 181
909 895 919 2074 909 909
1280 400 1574
2131 2131
123 1470
401 1722 399 400 401 406 713 277 445 254 1587 807 525 401 401
463 708 561 196 290 761 472 849 310 247
680 651 659 1765 90 667 1392 932 239
435 396 397 841 419 277 433 458 464 1587 489 984 509 511 525 435 435 397
814 708 713 2159 718 734 776 762 307 818 373
1611 2159 1641 1643 1653 2365
427 427
1046 697 1046 1525 445 2008 1197 489
905 405 445 930 929 668 682 526
714 393 496 509
1071 1028 1197 668 476 308 526
19 19 20 89
787 386 433 461 795 1155 531
1352 1261 1272 1316 1328 1330 1344 1316 1316
808 766 391 405 705 723 729 774 751 781 805 803 819 720 829 711 391
2186 2087 393 2123 2116 2122 2126 2127 2132 2133 2136 2138 2139 2140 2142 2143 2148 708 1525 2197 2198 2206 2213 2218 2231 2240 2270 2288
1277 1264 1277 1229 1334 1277 1277
2126 2101 2122 2127 2136 2139 2140 2148 2186 2197 458 2404 2218 2270
2233 2148 2176 2236 2237 2239 2241 2243
986 1387 90 1393
299 708 471 789 2371
268 269 408 1637 272 448 284 1 304 288 10 304 304 304 304
2281 695 2165 722 788 820
1530 1498 81 365 1527 804 1530 2374
695 1005 700 722 663 788 811 820 2281 525
145 1493 71 75 99 489
2139 2097 393 2100 2122 2126 2127 2136 2140 2142 2148 2186 2197 2198 2404 2218 485 2270 2274 2288
243 1413 224 225 226 228 229 232 233 235 236 241 242 243 244 245 246 247
470 434 2390 283 536
95 393 708 655 1641 89 489 496 682
1057 393 1641 1197 937 489 509 1104
657 659 221 661 107 670 676 107
1166 1165 436 1163 2057 1164 1114
1165 1180 1166 1045 1163 2057 1164 1114
1114 1028 1165 1166 1106 1081 1163
1163 1165 1042 1269 1166 1045 2057 1164 1114
789 388 392 1646 471 494 512 518
1185 1185
41 23 393 41 43 69 103 458 136 987 525
2119 2235 790 791 1544
1825 1717 1722 1739 1794 1735 475 1860 1143 344 1825 1825
1448 1403 1412 1414 1417 1423 922 1433 1445 1459 972 1465 1467 1471 1472 1475 1476 1476 1476
1860 1722 1739 1794 1797 1835 1852 1825 2288
776 776
1499 489
2098 393 411 79 2191 2218 485 2283 2098 2098 2098 393
818 818
1095 1024 66 68 1064 88 1073 592 1089 135 1175 1190 179 181 183
870 1637 1498 1647 1780 866 1527 866 866 866 866
1849 1716 1717 1745 445 1799 666 1815 1838 509 1853 1855
1430 1430
483 396 1571 749 2351 290 461 761 827 827 461
1170 1493 1066 1197 1099 464
2147 2106 708 2178 1509 2312
2395 1535 1498 2391 2393 2398 2400 445 750 826
704 714 61 1532
1314 425 254 1315 1335 1186 1384 1314 1314 1314
1872 1717 1722 1095 1872 525 1872 1872
622 434 1412 568 648
3 1607 1621 1635 859 1637 699 1658 1641 1645 1643 1648 1647 1660 1663 4 1 5 978 6 1685
692 1903 445 2246 525 1484 2316
1101 1658 1136 1203
1040 975 1048
988 489 786 682
1064 1024 1412 280 1073 1089 1095 1523 1330 1155 1465 1176 1190
1350 1211 1213 400 1232 1250 1258 1278 1296 1299 1330 1333 1356 1360 1373 1350 1350
1794 1739 1797 1825 1860
2058 254 489 2046 1176 2066 2058 2058
1090 489 2288
1089 1024 1064 1073 1095 1176 1190
1662 1615 1616 400 713 1624 1630 1631 1640 445 1659 525
1391 1387 1390 1455
1609 69 1665
1183 1057 1123 489 1104
1606 1607 63 1638 1637 1658 1645 1646 1648 1647 445 1660 133 1 3 5 1612 1649 1685
77 393 43 79 496 77
61 47 69 71 75 90 91 449 109 110 119 125 128 146 159 536
1785 1691 1692 1693 1842 1730 659 1330
1381 1247 489 1334 1331 1349 1375 1381 1381
967 960 1573 940 283 998 917 1143 961 1002 960 960 960
451 388 392 417 418 1749 436 299 1647 1918 1922 471 1815 1831 494 1840 512 515 518 521 451 451 451
1245 1247 1353 1226 1334 1002 1245 1245
1353 1208 1247 218 1239 1261 1266 1245 1316 1340 1381 1353 1353
1610 1610 696 1445
2008 1046
900 90 493
1454 1402 1412 1430 1434 1441 1445 1466 1467 1480
728 2165
277 277
1408 1412 1413 1421 1425 226 1430 228 1445 235 1452 1456 1460 1467 1468 1471 1480
930 489
1807 1851 1848 1847 1859 1758
1341 489 496
1409 1402 1413 1424 226 1430 1450 1466 1467 1468
1732 1800 1823 1717 393 1722 1736 1837 1727 1816 1784 1868 1732 1733 1846 1873 1874 1647 1878 1744 1802 1803 1782 1781 1779 1812 1721
2296 2096 2148 427 1540 2199 2224 489 2242 509 510 525 2292 2293 2294 2295 2297 2303 2288 2199 2199
669 221 1445 669 669
1197 1057 1525 1099 489 509
112 27 43 112 160
1203 1203 1203
1765 1716 1717 1718 393 400 1745 1756 1767 445 1799 1805 1815 1829 1840 1855 1865 1765 1840 1765 1840 1765
2145 736 1505
1554 890
1201 1097 445 602 1074 1282
2394 2147 2399 1647
820 695 722 788 2281
709 708 1646 1 932 1505
1280 1280
2065 393 2159 1990 2005 2045 2066 2025 2074
6 6
1081 1024 1045 489 239 1114
1903 1895 1896 1903
325 387 322 323 866 525 851 344 325 325
1143 1525
929 882 923 933 1002
2215 1525 1492 1540 1515 344 526 2259 2182
1028 348 1066 1077 1089 1029 1130 1170 1176 1598
807 713 1583 1659 807 807 807
528 400 405 425 277 434 1525 325 457 475 476 489 493 509 510 624 1960 526
814 814
1045 1024 1165 1081 2057 1164
1359 489 1359 1359
2107 2112 2117 708 2159 2287
155 216 26 31 52 78 89 185
253 252 259
336 1635 1637 1641 1647 1653
450 277 476
855 855
456 427 277
439 425 501
1586 1576
2337 489 2337 2337
676 31 397 657 221 661 668 673 155
1406 1401 1405 1412 1430 228 1444 1445 1449 235 1465 1465 1466 1467
1622 2112 2130 2134 1621 1643 1654 2384 1661 3 515 1684
1318 489 1318 1318
1268 1717 2399 846 1832
2384 2112 903 1643 1654 1653 2384 3 969 1684
1623 2112 1621 1643 445 1654 1653 2384 1661 3 1684
2135 2215 825 742 737 2259
1616 1615 713 1624 1630 1631 1640 1659 1662
1050 1092 411 419 1085 2046 1158 849 1050 1050
258 2049 258 258
1601 1604 890 1555 1567 1575 1592 1596 1686
1686 890 1617 1619 1625 1626 1639 1664 1666 1682 1683 1601
1666 890 1617 1619 1625 1626 1639 1651 1664 1682 1686
2321 1621 859 1638 2384 1150 1684 1685
1626 890 1554 1617 1619 1625 1632 1633 1639 1664 1666 1682 1683 1686
1651 1604 890 1619 1639 1664 1666 1683
1597 890 1555 1567 1600 1585 1565
1298 17 400 409 57 1346 174
160 14 391 27 28 393 2148 43 1774 117 496 141 1468
1870 215 393 1885 445 471 489 1832
1364 434
869 392 451
1629 1621 1627 445 1654 1653 1661 804 1684
1222 1334 1381 1222 1222
869 869
1208 393 1264 1229 1330 1340 982 1208 1208 1208 1208
1198 973 1594
239 217 222 228 667 124 239 680 247
1015 1424 1009 673
539 1197 1814 1587 1888
523 1722 405 425 277 434 445 457 933 475 489 493 509 510 622 493 493 493 493
1642 445 826
847 843
1744 393 1722 1784
517 71 496 932 2374 160
482 391 43 458 464 479 488 496 458
1527 400 2330 1621 1628 1658 1645 1646 1643 1647 254 870 303 1530
1234 1247 1385 1257 1364 1234 1234
1558 1636 1641 1603 1559 1565
1600 1555 1585 1671 1597 1565
1826 1754 1732 1764 1771 1850 1881
95 95
1266 1332 1354 1290 1364
1574 1016 1576 1583
926 886 896 911 928 1444 1000
1223 1219 405 1293 1244 1342 1303 1316 1328 1330 1331 1352 1363 1328 1328
447 247
1264 1264
2048 1995
12 12 52 654 88 670
898 411 1653
2357 436 515
2031 2046
136 393 32 400 445 458 125 160 526 136
1067 1021 1412
473 469 1467
908 405 922 682
2 2394 7
2283 2098
1175 922 1095 252 972 1172 1173 1174 1188
2404 399 1493 2401 2402 2231 2291 6 7 8 9 2404
2017 2017 2034 2049 2054
764 386 696 461
812 220
995 325 496 995 995
1591 1615 1573 1591 1462
1082 902 922 489 1143
988 988
1773 1716 1717 1767 1788 1799 1805 1815 1829 1840 1841 1737 1865 1773 1773
2025 2005 2046 2065 2026 2027 2074
1815 1690 1716 1718 400 1875 410 1745 1749 1765 445 1773 1799 1805 471 1815 1829 1840 1855 1865 1840 1840
1259 1211 1264 1299 1340 1259 1259
1608 1607 393 708 2330 275 1638 1637 1645 1646 1648 1647 293 1660 1663 4 3 2104 1649 525 1685
859 393 708 2330 1628 1638 1648 1647 1509 1660 1527 859 859 859
1358 1247 1236 1261 1265 1270 1291 1330 1337 1338 1374 1358 1358
1338 1358 1265 1331 509 1374
1835 1794
1211 1211
923 929 933 962
1725 400 1725 445 471 489 1832 509 525 1725 1725
12 12
496 458 995 782 496
1284 708 1412 1271 1272 1316 1298 1324 1331 1335 1331 1331
1408 1408
1310 1247 1242 1525 1261 1264 1296 1299 475 1307 1308 489 1316 1326 1330 1341 510 1350 1375 2288 1505
2182 1482 1525 2215 1492 1540 476 489 1515 344 526 2259
47 43 61 75 91 109 110 119 476 125 128 493 146 159 536
1959 1527 209 515 1959 1959
1263 445 1264 755 1263 1263
893 280 237 333 932 992 1549
560 560 1407 68 88 229 845 620
276 276
2185 2086 2146 1645 526
1011 1011
1030 393 445 173
1855 1716 1717 1718 1765 1767 1799 1805 1815 1829 1840 1862 1855 1855 1855
200 1514 2147 1389
2390 269 270 408 285 272 448 284 2403 304 271 288 10 2390 304 304 304 304
1918 471 509
494 388 392 397 418 299 451 1922 471 789 1840 512 518 521 451 451 451
894 933 984 997
1760 1760
1592 1555 1632 1567 1575 1585 1601 1575 1575
1632 890 1555 1626 1639 1592 1683 1686
845 845 845 845
527 2109 400 2159 1641 445 2349 1653 1583 471 1684
1255 1224 1227 1228 1253 1385 1264 1281 489 1313 1320 1330 1376 1255 1255
2194 413 1645 1474
1865 1716 1717 1718 1745 1765 1799 1805 1813 1815 1829 1840 1855 1737 1819 1840 1865 1840 1865 1865
20 393 411 1624 89
57 393 43 58 962 164 525
164 393 31 400 57 445 1573
440 541 409 415 432 354 83 446 449 602 291 278 505 366 536 538 540
480 32 47 1493 88 129 146 180
1551 1553 715 461
2273 2092 2127 750 458 2272 2275 375
430 397 708 561 433 444 290 464 531 430 430 430 531
1644 1687 1607 1637 1832 1668
2383 696 2159 119 242 2291
916 916
263 254 263 263
1387 1387
2319 119
2298 1722 2148 2174 1525 2197 2252 2290 2293 2296 2303 2298 2298 2298
54 12 43 88 124
2297 2096 2148 1525 1540 2197 2199 2224 2292 2293 2294 2295 2296 2303 2288 2199 2199
2295 2096 2148 2199 2224 2292 2293 2294 2296 2297 2303 2199 2199
2292 2096 2126 2148 2174 2199 2224 2293 2294 2295 2296 2297 2303 2315 2199 2199
167 16 48 68 67 445 121 179 181
2027 2067 2025 2026
180 22 32 43 49 413 114 146
44 22 43 49 114 496 180
1249 489 1318
1241 1282 1328
1216 602 489 1216 1216
1243 1330 1344 1348
172 15 43 64 68 445 92 116 181
64 15 68 88 92 116 172 179 181
148 17 23 393 43 58 1573 760 136 164
17 393 43 58 69 85 136 148
30 393 43 411 50 85 189
178 41 399 400 43 103 458 507 525
1292 1314 1331 1351
1224 1227 1228 1253 1264 1255 489 1316 1320 1326 1330 1351 1376
2290 1607 2148 459 509 510 2288 526
103 23 41 43 445 1673
1333 1213 1232 1250 1258 1073 1278 1296 1299 510 1350 1356 1360 1350 1350
2272 2127 445 2247 2267 2273 525 2305
2047 755
1327 405
2247 697 2127 2159 445 2272 2273 2247
660 31 228 235
191 191 191
174 400 43 85 525
2204 2101 2106 2127 2148 400 2395 445 489 6 2222 2312
1136 1101 1136 1203 1136 1136
2192 2148 2195 375
1097 1302 1523 489 1201 1097 1097
1239 602 1229 489 2 1234 1239 1239
211 525
1382 1369 1238
129 393 43 52 458 525 187
1605 1605 304
149 43 85 476 146 525
44 44
2293 2096 2148 1525 1540 2197 2199 2224 1523 509 510 2292 2294 2295 2296 2298 2297 2303 2288 526 2199 2199
952 882 933 1002
386 396 419 69 433 196 1571 290 464 471 472 1587 483 787 310 851 386
1169 882 902 489
2303 2096 2148 2197 2199 2224 489 496 525 2292 2293 2294 2295 2296 2297 526 2199 2199
1427 1401 1413 1421 226 1430 228 235 1450 1452 1465 1466 1467 1468
1824 1717 1722 1848 1824 1824 1824 1722
963 437 682
882 1637 952 983 489 1002
1414 1403 1412 1417 1423 1573 1433 1434 1445 1446 1448 1460 1465 1465 1471 1472 1475
1356 1213 1232 1250 1258 1278 1333 1350 1360 1350 1350
395 32 427 61 75 445 536
2021 1978 1979 1995 2005 2022 2020 2023 1302
17 17
1295 1086 1255 489 1295 1295
30 30
1447 1398 1398 1418 1420 1421 226 228 1434 1439 1443 1444 1445 1446 1449 1460 1465 1466 1476 1478
189 393 30 43 458 189
58 58
1258 1213 1232 1250 1278 1333 1350 1356 1360 1373 1350 1350
904 1621 733 962 969
1429 1412 1421 1430 228 1445 1456 1466 1468 1480 1430 1430
903 2384 969 682
969 903 2384 904
793 708 1653 1559 489 526
128 43 47 61 75 125 146 531 128
178 178
164 164
149 149
1213 1232 1250 1258 1073 1264 1278 1333 1350 1356 1360 1350 1350
136 136
174 174
103 103
1472 1403 1412 1414 1417 1423 922 1433 1445 1446 1448 1459 1460 1465 1466 1467 1471 242 1475 1476 1476 1476
2040 252 2041 2042 2043 2053 2072
57 57
180 180
1783 1716 1717 1875 1745 1767 1882 1840 525
46 46
891 882 930 933 983 1002
1758 1851 1832 1807 1886
2355 1647 2371
76 24 391 43 52 69 117 120 124 76
141 14 391 393 400 43 117 496 160
449 32 409 415 61 432 75 440 136 505 619 536 538 540
1656 696 405 933 1509 489
106 1398 400 69 66 68 436 77 445 966 167 181
345 393 1722 323 334 340 346
84 46 104 113 117 153 161 84
1099 348 1170
117 24 391 221
700 695 713 334 788 962 525
104 391 393 46 46 1412 84 84 104 113 117 153 161 161 104
53 43 433 85 525
2322 2319 458 458
1503 1528 1533 1538 1537
1538 1528 1533 1537 1647 1503 1509
1533 1528 1538 1537 1648 1503 1527
1528 1533 1538 1537 1648 1503 468
850 1572 1141 932 1177 848
2197 2097 2126 2148 2150 445 824 2200 1509 2231 509 2270 2296 2315 2197 2197
987 954 789 962
66 11 16 27 43 68 85 116 493 183
127 43 58 682 127
1582 1598
1244 1219 1223 1293 1261 1342 1303 1316 1328 1330 1352 1363 1143 1351 1328 1328
1363 1219 1223 1293 1244 1261 1272 1342 1303 1316 1328 1351 1328 1328
230 69 221 227 666 235 247
308 308
370 357 358 235 375 375
857 708 713 433 119
28 391 393 43 117 160 28
1076 1722 960 254
71 71
1886 1050 1758
334 391 434 323 225 330 334 340 346 334 334
1154 1154
1079 1151 1064 1077 1078 941 1176
1829 1718 393 1765 1773 1791 1799 1805 1840 1855 1737 1865 1829 1829
2222 2204 2127 2136 399 2176 445 2312
459 2330 436 1498 733 436 436
280 280
1311 399 856 2393 0
1491 1525 1540 493 344 526
351 1645 237 471 2364
2200 2148 2150 2159 2174 2197 496 2252 2315
2239 2176 445 2233 2236 2237 2241 2243
664 659 221 222
2238 2101 2148 2197 2242 2270 2288
1124 1130 972
940 1504 405 960 1492 930 283 998 682
886 896 960 911 926 928 1000
890 890
211 211
2030 1970 1995 2001 2002 2010 990 2030 2060 2066 2074
2140 2087 393 2123 2116 2122 2126 2127 2132 2133 2136 2138 2139 2142 2143 2148 2186 2186 2197 2198 2206 2213 2218 2231 2240 2270 2288
2244 2304 2127 2136 2273 2279
884 322 1002
25 23 25 43 88 496
918 771 1636 1020 1641 1012 1653 526
429 47 1493 61 75 1445 1467 648 536
2199 2090 2096 2126 2148 2197 2224 2292 2293 2294 2295 2296 2297 2303 2288 526 2315 2199 2199
355 355
957 1007 493 915
1742 695 713 1631 1659 1832
1313 1224 1227 1228 1253 1255 1255 1255
1927 205 1927 1927
205 1927
1653 1611 1555 1621 1627 1629 1635 1638 1637 1636 1641 1646 1647 458 1654 1580 1661 3 1673 1565 1684
912 489
340 1717 323 2404 334 2288 346 340 340 340
441 43 423 61 477 136 515 515 515 515
667 667
1233 405 489 1002
1343 252 471 489 1343 2076
1216 1216
1173 489 364 1172 1174 1175 1176 1188 536
477 43 1621 423 424 436 441 1774 136 515 1549 648 247 477 515 477 515 515
1724 1722
608 541 541 546 555 559 581 582 583 584 588 589 590 596 601 602 628 640 624
589 546 553 555 568 569 581 582 588 590 594 596 601 602 608 489 628 526
706 714 704 731 2181 881
388 392 418 451 471 1815 494 512 518 521 451 451 451
1895 393 397 1895 1896 435 1903 464
145 145
2013 1983 2004 920 2014 2015 1262 2016 2033 254 1156 921
278 354 440 446 291 476 900 366
111 393 458 170 458
477 477
1151 437 1073 1079 941 1153 1154 1043 1152
2035 2005 2013 2036 2037 2067 2025 2027 2074
488 481 619
737 2135 866 526 2259
1668 2330 1628 433 1637 1658 1644 1648 1647 1660 2104 1669
1657 1607 2330 1638 1637 1645 1643 1648 1647 1660 3 1612 1649 682
332 331 464 254 531 331
284 269 408 272 448 866 489 304 288 10 304 304 304 304
2073 1980 1999 1996 2003
10 269 408 272 448 304 288 304 304 304 304
2104 1607 1637 1647 1 1668 1669 525 1685
847 847
173 173
310 1615 393 708 419 718 220 445 1264 745 461 776 849 849
521 388 392 418 1498 451 471 1831 494 1840 512 518 451 451 451
153 391 46 84 104 113 117 161 153
96 222 89 445 228 124
1649 1607 2330 1637 1645 1643 1647 445 1660 1612
2026 2025 2027
842 734 818
1387 1387
49 22 43 714 58 61 85 114 496 180 540
22 32 49 63 114 496 180
1308 1247 562 742 1277 475 476 1307 1310 1330 476 476 476 476
713 713
1427 1427
392 388 418 451 471 490 494 512 518 521 6 451 451 451
1307 1385 1308 1310
472 396 419 749 290 461 761 483 827 827 461
1574 1574
1335 1281 1330
1960 1960
283 1394 960 940 999 917
1922 417 451 471 494 512
1 1621 1628 1637 1643 1647 1653 1663 4 3 5 851 1685
2317 1891 352 489
1612 1607 2330 1637 1645 1643 1647 1660 2104 1649 1669
1488 405 1532 1487 1506 489 735 682 344 1500
679 31 678 683
2158 1615 2117 713 1624 1630 1631 1640 2268 2280
1300 1264 1299 1350 1373 1300 1300 1300
596 541 553 564 566 568 569 578 581 582 583 584 586 588 589 590 601 602 608 628 631 639 526
2279 2127 2136 445 2244 2273
51 43 88 464 160 185 51
111 111
1032 1028 399 1046 1197 203 1183
1577 445 1574 848
100 186 696 26 31 123 52 63 69 653 90 663 101 124 100 100
41 41
1088 2046 1598
1128 1055 922 471 489 2 1185
910 814 818
1297 848 1297 1297
59 43 129 525
1735 1739 1825 1860
1171 2023 1176 1177 525
4 1628 220 1638 1637 1645 1646 1648 1663 1 3 5 6 1685
628 559 568 569 457 581 582 588 589 590 596 601 602 608 489 623 624 629 633 624 526
213 213
2053 2040 2041 2042 2043 2065 2072
1290 1266 1332 1354
1091 666 489 2 372 1491 1484 2316
455 496 513 530
2160 2144 405 2159 2340 1645 489 344
991 1269 1654 489 1370 916
1676 391 713 2157 722 1576 1652 525 346
1309 489
1965 1893 1899 1646 1647
2061 2060
1847 1696 1722 1820 405 1848 1858 1299 489 1807
994 708 445 805 819
1584 1555 2330 722 1567 437 859 1638 1637 1648 1647 1600 1585 1660 1592 1597 1565 1601
574 544 235
983 882 63 1002
277 277 277
156 43 58 445 107
919 909 919
1893 1899 1646 1965
750 1397 854 1470 1525 1540 747 772 489 1484 2316 750
1799 1716 1849 1745 1765 1789 1799 1882 1805 1815 1829 1838 1840 1855 169 1865 1799 1799 1799
5 1628 699 1658 1646 1648 1654 1663 4 1 3 6 1685
1130 1130
1320 1208 1224 1227 1228 1253 1264 1255 1316 1376
1970 1970
1972 1972
1247 1247
708 708
191 191
1238 1238
773 1535 773
231 26 52 70 1413 221 222 223 445 124 234 682 247
1302 1097 2021 1302 1302
655 655
508 388 392 418 451 1922 471 769 1587 494 1832 512 518 521 451 451 451
2404 2404
21 21
1995 1995
194 32 1525 673
161 46 84 104 113 117 153
217 393 218 222 95 228 667 235 239 680 247
2396 2391 2397
1374 393 400 1261 1358 1265 1330 1338
109 32 43 47 61 91 110 119 146 159
1272 1261 1272 476 1316 1328 1330 1334 510 1352 1363 1316 1316
58 43 409 69 71 960 990 967
1717 1717
2132 2087 393 2123 2116 2133 2138 2140 2142 2143 2148 2186 2186 2197 2198 2206 2213 2231 2240
2072 2040 2041 2042 2043 2053 2072
1342 1219 1223 1293 1244 1303 1328 1330 1363 1328 1328
2072 2072
881 731 682
1941 489
1507 401 1540 772
1593 893 237 999
1348 1211 393 1240 1261 1316 1326 1329 1373 1348 1348
862 1493 322 1525 1509 489
125 43 47 61 75 128 146 125
1108 1054 1070 990 2029 1108
953 730
1161 902 922 1141 972 1176 1177
2001 1995 1999 1996 1997 1998 2000 2002 2003 2020 2030 489
651 651
1075 902 1074 1084
775 775
2099 2099
1098 962 1155 1098 1098
1517 1489 323 1546 666 1523 489 509
1628 393 713 1621 433 859 1638 1637 1658 1641 1645 1646 1648 1647 1654 1661 1664 1 3 1673 1684 1685
901 696 895 862 2049 982
372 1525 1523
2144 2160 2340
2231 2087 393 2101 2123 2116 2132 2133 2138 2140 2142 2143 2148 2186 2186 2197 2198 2206 2213 2240 2288
187 43 85 129 187
835 696 393 496 150
699 1621 733 1654 3 932
2150 2159 2320 445 2197 2200
114 22 31 43 49 110 496 180
160 160
1857 1772 386 396 397 419 1753 433 464
1851 405 874 1807 510 1758
956 496
1454 1454
1205 393 433 471 489
1926 1923 849 1926 1926
2391 2393 2395 2396 2397 2398 2400
653 393 63 107 673 185 393
2393 399 856 2391 2395 2398 2400 1311 0
339 1717 1722 1746 90 489 962 339
311 1635 1643
1879 1746 960 1492 489 2373 526
2002 1980 1995 1999 1997 1998 2000 2001 2002 2003 2005 2020 2030 254 2049 2074
2201 1 3
2074 68 254 2046 2049 2066 2074 2075 2074 2074
1625 890 1617 1626 1639 1651 1664 1666 1682 1601 1686
1529 323 2390 304
1281 1281
2108 1587 2316
665 26 393 31 222 89 228 668 235 239
1866 1717 393 1722 411 1866 1866
1375 1214 405 1316 1317 1330 1334 1381 1375 1375
1761 388 1716 1717 1718 401 445 1853 518
452 458
1330 1330
509 509
2084 2176 2236 2237 2243 6 2084
1324 1271 1284 1328 1331 1382 1331 1331
1754 1717 393 1826 1850
680 680
448 269 408 1636 272 1645 1646 1587 304 271 288 10 304 304 304 304
1672 1621 1670 1527
404 400 445
1852 1739 1794 1797 1798 1825 1832 1861 1860
809 1643 834
793 793
1723 1843 1832
2007 1434 1443 1444 2066 1478
1798 1722 405 1739 1852 1832 1811
137 31 52 107 668 185 107 107
1138 393 1125 489
2078 2245 344
407 1718 71 1815
2193 2080 2124 400 459 525
397 397
2238 2238
2254 1247 1525 476 2288 526 2288 2288
1887 1716 393 1765 1805 119 1813 1840 1887 1887
1817 1716 393 1757 1805 1840 1817 1817
513 1637 530 1685
2400 2391 2393 2395 2398
1052 1052 451 1127 1093 1052 1052
0 399 2393 1311
2398 693 399 2391 2393 2395 2400 445 1650
1498 1498
1329 1208 1251 1246 1264 1274 1312 1319 1348 1329 1329 1329 1329
171 393 30 43 411 69 147 151 165 182 188
672 216 43 218 69 226 124 235
1286 1208 1310 1286 1286
2036 2005 2014 2035 2037 2074
1378 1247 933 962 1331 1002
1039 1028
2014 393 1983 2004 2013 920 2014 2015 1262 2016 2033 254 921
254 254
827 715 1571 749 461 761 472 776 794 797 849 832 833
1125 902 895 1385 983 866 1075
2237 2176 2176 445 2233 2236 2239 2241 2243
2090 2139 2148 2172 2199 2224 2295 2296 2298 2297
2191 393 2191 2288
2195 2148 1621 1647 2192
2133 2087 393 2123 2116 2132 2138 2140 2142 2143 2186 2186 2197 2198 2206 2213 2231 2240 2288 6
1399 1407 1465 1467
1916 493
828 1635 1583
214 238
240 399 69 220 242
2148 2148
479 544 391 247
1682 890 1617 1625 1626 1639 1664 1666 1686
154 140 154 157 154
1209 1351 1372
372 372
1463 236 244
1074 1075 489 1201 2288 1206
170 397 90 445 104 458 111 682 458
659 659
732 732
1041 489
290 277
2142 2087 393 2123 2116 2122 2126 2127 2132 2133 2136 2138 2139 2140 2143 2186 2186 2197 2198 2206 2213 2218 2231 2240 2270
1415 1401 1408 220 1413 226 228 233 235 1450 1466 1467 244 185 1480 245
924 405 960 930 940 283 932 2291
2119 2119
2005 2005
256 256
666 666
784 784
227 227
350 350
149 149
199 199 457 476 346 199 199
1288 1316 1352
1757 1765 1773 1805 1817 1840 1757 1757
1811 1739 1798 1825 1860
1120 1843
1231 458 1231 1345 509 1231 1231
2138 2087 2123 2116 2132 2133 2140 2142 2143 2186 2186 2197 2198 2206 2213 2231 2240
1495 411 1512 666 1521
1749 1716 471 1815 1831 1838 1840 1880
120 24 393 43 52 69 76 117 160 120
780 780
1395 1387
203 489
601 553 568 569 578 581 582 586 588 589 590 596 602 608 622 628 631 639 624
1620 1641 1653
1604 890 1633 1651 119 471 490 1601 1686
1514 200
2369 2344 960 975 2380
343 696 63 101 343 343 343
1903 1903
159 32 47 61 91 91 109 110 119 146 509
1769 1794 1797 1830
205 205
1220 1229
1683 890 1626 1632 1639 1651 1686
2127 2204 2304 2122 2126 2136 2139 2186 2218 2270 2273
2010 2010 2011 2012 2049 2051
993 266 816 340 525 851 993 525
60 27 66 68 445
1853 1717 1765 1767 445 1805 1829 1832 1840 1865 1853 1853
3 3
1313 1313
1361 1208 1385 1264 1300 1299 1350 1361 1361
2038 254 2038 2038
771 405 705 723 1637 808 729 1647 1492 781 1 805 806 819 711
465 393 411 465 465
346 346
1371 1064 1277 1379
1519 400 1492
2364 2330 2349 2384 489 526
1994 1994
1880 1717 1749 445 1787 1831 1838 1840
1899 1716 1717 1893 708 1745 1637 1648 1965
1058 1121 489
1875 1690 1716 1717 400 445 1815 1783
1737 1716 1717 1718 1849 1745 1765 1773 1799 1813 1815 1829 1840 1841 1855 1865
844 844
874 874
2034 393 2034 2049
93 14 393 43 69 85 458 160 93
131 131
1221 1221
2169 2148 400 1628 1647 1 5 2104 513 1685
1221 776 814
649 649
2105 2110 2141 2159
261 261
573 570 575 449
1670 1 3 5 1672 1673 1684
2304 2127 399 2103 2244 2270 2279
374 400 708
575 409 68 1412 570 571 573 244 540
1821 1794 1860
1474 696 1412 1418 1436 1434 471 1445 1464 1465 1466 1467 2360 1478 1478 1478
1425 1425
1667 393 1637 445 930
989 445 989 989
1971 1970 1972 696 713 2005 755 254 2060
1855 1855
1136 1136
1741 445
570 409 68 1412 573 575 540 570
489 1717 396 405 708 419 425 277 433 434 435 445 457 1654 464 475 1825 1330 1341 509 510 339 489 489 489
271 269 270 408 285 2390 272 448 2403 509 304 288 10 304 304 304 304
2113 2113
1930 1931 1932
1932 489 1930 1931 344
2386 1646 1573 2349
1474 1474
2041 2040 2042 2043 2053 2072
2070 2005 2065 2066
1254 1385 1385 1385
132 400 63 445 124 133
1385 1385
1831 1717 1718 1722 1745 1749 1764 1257 451 471 1815 1826 1828 1838 1840 1853 521 1880
2042 2040 2041 2043 2053 2072
2176 2084 2233 2236 2237 2239 2241 2243 2222
1530 1530
379 322 1097 489
342 322 326 322 322
1326 1326
469 544 31 469 473 481
453 411
544 2081 427 75 279 476 1445 481 1928 493 510 536
1973 1990 445 2045 2046 2065
941 902 1151 1628 280 445 1079 1153 1154 1043 1152
231 231
1154 348 1151 90 1443 941 1153 1043 1152
1377 445 1264 1331 1333 1350
1526 2135 1504 1492 493 881
431 277
1379 1247 416 668 1234 1371 1379 1379
988 988
1379 1379
742 43 562 75 1525 2359 744 475 476 1308 509 510 476 476 476 476
47 47
1764 393 2330 1771 1826 1831 1850 1881
1617 890 1554 1625 1626 1639 1664 1666 1682 1686
266 393 713 1746 445 292 525 851
2176 2176
1967 1412 252 1967
1345 1263 1231 489 972 1345
1419 1419
2233 2233
847 847
1806 1722 1732 1878
418 388 392 2325 1746 451 471 494 1673 512 518 521 6 451 451 451
321 1722 329 2404 321 321
831 708 436 1543
677 663 668
691 691
1240 393 1239 1353 1348 1348 1348
553 542 552 554 555 557 559 568 578 586 588 596 601 631 639 624
1014 1014
207 489 509
552 545 552 553 555 557 559 568 591 605 622 624 634 638 624
279 544 2081 104 1928 509
1836 1848 476 1326
1392 651 667 680
588 553 568 569 578 581 582 586 589 590 596 601 602 608 628 631 639 624
2165 696 1615 2158 2167 2280 2281 344 2307
1920 1921 1961 1966
1064 1064
822 713 1659
2115 713 1675
1287 1208 1036 1264 1087 1299 1314 2046 1373 2074
965 965
2251 2138 1525 509 2270
505 32 47 409 415 432 75 440 272 449 770 536 538 540
1293 1219 1223 405 1244 1342 1303 1328 1340 1363 1328 1328
923 923
1854 411 1764 1771 471 1881
966 11 66 68 106 1095 183
2131 2131 814 818
683 476 678 679
2245 2078 445 2404 6
1991 1986 1993 2013 2048 1598
1179 425 445 489 509 510
1881 393 1764 1771 1826 1850
1976 1977 509 1464
255 255 255
412 496 160 1464
2288 2288
1202 1028 1221 1647 776
772 772
2400 2400
1239 1239
705 391 771 723 808 729 1647 805 815 819 711
561 396 397 430 433 196 2397 461 464 619 623 624 531
545 545 546 555 526
462 397 561 290 461 962 140 531 462 462
546 545 546 547 555 568 641 624
1981 1981
2049 2049 2049 2049
730 445 489
2073 2073
1858 1847
1357 1330
2005 2005
1522 1024 1166 1296 476
711 705 723 751 153 806 1530 819
714 714
792 399 300 2267 304
689 393 1498
2038 2038
834 809 3
489 489
1227 1227
753 826
1734 1769 1794 1797 1832
1156 61 2013 2014 2015 2033 254 1156 1156
70 31 52 69 70 107 124 234 185 70 70
810 1891 405 775 489 1960 839
335 1722 1746 323 1848 866 489 335 335
1152 348 1151 1628 941 1153 1154 1043
2308 2107 708
97 97
1153 348 1151 941 1154 1043 1152
1876 1772 1834 464 1750 515
2251 2251
2060 2060
1043 348 1151 707 941 1153 1154 1128 1152
982 982
727 708 933
324 324 324 324
201 221 1277 670 510 185
1516 244 526
2003 1995 1999 1996 1997 1998 2000 2001 2002 2003 2020 2030 489 525 2073
1036 1036
3 3
2017 2017
1508 708 1525 449 1509 509 538
2058 2058
2019 1412 2005 1445 2049 1466 2074
1354 1247 1266 1332 1290
2280 1615 2158 1624 2165 2167 2307
1772 393 396 419 1753 1857 464
1080 2390 1166 1031 304
1410 1402 1404 1411 1412 1414 1416 1418 1420 1423 1428 226 1430 228 1433 1434 1439 1442 1443 1444 1445 1446 1453 1460 1465 1466 1467 1471 1475 1476 1478 1480
632 568 569 623 624
1023 1022 696 391 1033 1089 254
592 554 558 568 569 593 598 600 603 604 606 1095 645
389 236
1237 1211 1211 1264 2288 1237 1237
2248 393 2148 708 2155 1 2296
1027 1071 489
2316 2316
865 476 786
2006 181
1415 1415
382 31 218 509
2135 2135
1227 1224 1228 1253 1255 489 1320 1376
1283 1211 1216 1253 1314 493 1373 344 1373 1373
1621 1621
415 47 1408 75 440 1445 505 1468 536 538
322 322
883 990 990 489 915
1112 393 1112 1112
972 972
169 176
1047 1092 1216 2049
2150 2150
387 1717 713 277 325 445 292 1587 816 525
761 396 708 715 419 1571 749 461 471 483 794 797 525 827 827 832 833 761 461
1990 2045 2046 2065 2066 2067 2074
392 392
49 49
1771 393 1764 1826 1850 1881
2061 2061
656 393
361 1397 362 372 526
2397 386 708 561 433 196 2391 2396 445 461 464
1457 1398 1400 1403 1407 1412 1417 1423 1430 1433 1434 1435 1439 1440 1445 1458 1459 1460 1465 1479 1434 1434
1459 1398 1414 1430 1439 1448 1457 1458 1460 1465 1472 1476 1476 1476 1465
1458 1398 1430 1439 1446 1457 1459 1465 1475 1446 1446
1267 1314 1330
590 577 581 582 588 589 596 601 602 608 628 526
1665 1638 1647 1609
1154 1154
1370 405 1573 1269 471 991 916
2106 393 2147 708 445 6 2312
2234 393 2122 445
755 755
2314 2163 393 2306 2216 2202 2189 1 2180
2374 1530 2374
1150 2321 968 515
1065 12 1328 1331 1201 1143 1206
2004 1983 2013 920 2014 2015 1262 2016 2033 921
2013 2013
1285 1285 1285
348 348
1291 400 1236 1261 1358 1270 1337 1338 1358 1358
2376 393 2098 2106 708 2392 1648 1647 6
647 568 569 593 607 624 2288 647
2252 2094 2148 2174 2197 2200 2290
506 432 207
988 988
1915 1492 526
507 393 2098 507 507
537 400 411 445 458 465 525 526
443 394 47 427 428 460 481 146
829 723 808 774 751 819 720
520 396 419 445
926 926
1433 1398 1400 1403 1404 1407 1411 1412 1414 1416 1417 1420 1423 1573 1428 1436 1434 1435 1439 1440 1442 1443 1444 1445 1446 1448 1449 1457 1458 1459 1460 1461 1465 1466 1467 1471 1472 1475 1476 1478 1479 1434 1465 1434 1465 1465
645 569 592 593 598 603 607 610 624
1103 1193
2019 2019
1901 1637 1527
1285 1285 1285
826 445 445 445
767 713 1587 767
92 15 64 68 73 88 116 489 135 172 179 181
518 388 392 393 418 1753 299 451 1281 1101 471 490 494 367 512 521 451 451 451
2265 2148 2170 2174 445 2187 2203 2223 2230 489 2264 2266
503 713 277 2175 2316
1696 1689 1851 405 1848 1847 1859 2288
1559 1559
1532 1487 1506 735 1488 526 1500 1505
281 855 200 2
2116 2087 393 2123 2126 2132 2133 2138 2140 2142 2143 2148 2186 2186 2197 2198 2206 2213 2231 2240 2288
1290 1290
2022 1979 1995 2005 2021 2020 2023 2077
762 734 776 1445 307 1464 814 1467 818 373 623 1481
1199 1199 1199
2034 2034
424 422 423 477 515 423 477 423 477
11 16 43 66 68 493
102 458 116 458
2032 2074
2092 2093 2124 400 2159 445 2275
2242 2197 2238 2270 2296 2297 2303
313 458 458
2275 2092 445 496
571 68 573 575 244 648 540
1983 2004 2013 920 2014 2015 1262 2016 2033 921
422 423 424 1641 1498 477 515 423 423
476 476
530 402 1637 513
1693 1691 1692 1785 445
1692 1691 1693 1785 445
1031 1166 1080
48 16 63 68 67 167 179
199 199
2033 1983 2004 1421 2013 920 2014 2015 1262 2016 254 1156 921
1830 497
1890 1893 1899 956
1063 1063
841 397 435 841 841
572 432 68 1412
599 558 593 603 607 624
1372 1209 1316 1351
1335 1335
316 393 489 346
203 203
555 541 542 552 553 556 557 559 569 582 589 595 602 609 611 625 624
88 1007 250 88 1007
1531 960 526
1939 1495 445
2120 2181
203 203
1748 1748
2014 2014
760 760
1489 1540 1490 1126 1517
914 1573 489 496 848 682
2364 2364
1101 1101
2216 2163 393 400 2330 1638 1647 1 2314 6
2315 2126 2148 2197 1509 2224 2242 2315 2315
2015 1983 2004 2013 920 2014 2015 1262 2016 2033 254 489 1156 921
252 252
748 714 489 536 538 540
937 1057 942 945 1003
2310 393 1638 1647 6 2312
2256 445
2313 393 2106 400 2330 1647 2232 6 2312
2050 1465 623
2010 2010
2285 393 2330 1647 2228 6 2312
888 1713 895 936 1390 982 895 895
2373 2373
1819 1717 1718 1722 1726 1805 471 1840
861 708 411 1509
802 14 391 765 1643 703
715 718 749 2351 461 761 794 797 827 832 2387 833
824 458
2261 393 2330 437 1647 6
95 95
157 89 140 154
1925 393
917 960 940 998 489 682
998 960 940 489 917 967 961
2171 393 411 6
2168 2330 6
925 960
2232 393 2106 400 708 2330 411 1647 445 2313 682 6 2312
1333 1333
2228 393 708 2285 1647 525 6 2312
696 696
2205 393 411 6
1756 1805 1756 1756
1882 1716 1718 1849 1745 1763 1799 1815 1829 1838 1840 1853 1783
2124 2085 2092 2288
1367 750 682
976 464 992 327
1678 1654 5
293 1607 275
2071 1974 1974 2010 990 2069
784 784
1889 1889
1743 1717 393 445 1805 1743
1210 405 1624
2122 393 2126 2127 2136 2139 401 411 1525 445 2186 2218 2270 525
1483 458
1086 1086 1194 1144 1086 1086
1918 1918
1716 1716
703 765 1643 1654 489 509 802
1856 1716 1718 1745 1767 1829 1840 1783
2033 2033
1093 1149
1669 1645 1648 1647 445 668 2104 1668
1200 960 1264 682
1218 1218
557 545 547 552 553 555 558 559 568 624 627 526
2219 2119 400 410 2159 416 445 755 2312 2219
1092 1092
1277 1277
65 68 181
1073 1213 1024 1064 90 1089 1095 1443 489 2046 1350 1175 1190
109 109
1919 760 1944 1946 1947 1948
827 827
1512 1495 1521
1689 1696 1820 1848 1847 489 1859
1093 1093
2254 2254
1838 1716 1717 1718 1849 1749 1789 1799 1829 1831 1840 1334 1880 1799 1799 1799
603 554 558 569 592 593 598 600 604 606 607 624 645
444 419 430 290 464 484 531
1157 2113 903 1157 1344
212 212 212
2330 2330
1977 1976 2005
484 708 430 444 290 464 531
1224 1224
1198 1198
1418 1418
907 1636 1641 1565 907
620 1403 560 1407 68 1417 1434
942 696 937 945 1003
1094 1165 1033 1083 1166 1105 1045 1051 1102 1191
2043 2040 2041 2042 2053 2072
542 542 555 568 624 526
813 393 1727 411
1332 1266 489 1354 1290
1432 1412 1421 1424 1444 1445 1464 1466 1467 1478 1480 1424 1424
1051 1165 1166 1105 489 1094 1102
1347 1380 1275 1331
199 199
2134 2112 2130
1164 1180 393 1165 436 1166 602 254 476 1045 1081 510 1163 2057 1190 1192 1114 1204
2394 2394
1751 400
184 21 393 445
2385 391 90 445 1509 489
607 554 558 569 593 599 603 610 475 476 624 645 647
914 914
107 107
358 425 357 226 228 235 370 242 375 247 375
1514 1514
1360 1213 1232 1250 1258 1278 1333 1350 1356 1350 1350
2024 1124 1598
576 576
357 425 358 226 228 489 235 370 242 375 375 357
196 396 561 433 2397 445 461 483 242 531
813 813
1204 1166 1081 1164
1834 396 1732 1857 1750
1314 1314
1224 1224
1750 419 1834 1876
796 713 818
948 405 489 247
1335 1335
985 1621 903 1645 733 922 2384 971 969
1376 1224 1227 1228 1253 1255 1320
1740 1717 1722 1739 1088 1852 1860 1739 1739
1000 886 896 911 926 928
1903 1903
2217 393 284 1540 2288
898 898
1974 1022 393 1974 2010 2049 2069
1780 1641 476 493 1530
875 875
1317 1214 405 1261 489 1316 1330 1375 1381 1375 1375
1042 1165 1269 1163
990 990
1940 476 375
1728 1823 1752
102 102
473 473
1992 445 2052
1228 1224 1227 1253 1264 1255 489 1313 1316 1320 1351 1376
363 363
1274 393 1251 1246 1312 489 1319 1329 1330 1329 1329 1329 1329
2263 2170 489 2264 2265 2170 2170
2110 2159 1646
1149 1149
73 15 43 64 68 90 445 106 116 118 124 235 167 175 679 179 181
2055 393
166 123 63 1470 90 682
2366 2361 708 2364
318 318 319 69 1525 445 602 864 489
2389 526
2117 2117
800 713 1624
2126 2126
2264 2174 2187 2223 2230 489 2263 2265 2266 526 2223 2223
2010 2010
2371 1637 2337 299 2355
1333 1333
1310 1310
2266 2148 2170 2174 1647 2187 2203 2223 2230 489 2252 2264 2265 2266
370 370
358 358
2266 2266
1438 1405 1406 1412 445 1445 1464 1467
1310 1310
1843 1755 1120 1723 1350 1356
364 348
319 318 696 1525 602 864 489 1832 509
1721 1823 393 1736 1816 1868 1732 1733 1846 1873 1874 1802 1803 1782 1781 1779 1812 1721
1188 1172 1173 1174 1175
402 513 530 1684
1058 1058
105 105
216 216
13 393 714 434 445 489 818
1843 1843
1044 1056 1196
489 489
238 227 228 235 247
1988 1987
1215 1358 1330 1331
1820 1689 489
1105 1166 1110 1051 1094 1102
1376 1376
1985 489 1330 509
740 2135 1504 61 573 648 536 247
2048 2048
1106 1218 1165 1166 1114
504 388 392 1717 418 451 922 471 1587 494 512 518 521 6 451 451 451
1196 393 1044 434
1056 434 489 1832 139 1172 1143 1191 1196
1344 1344
2094 393 708 2159 445
1848 1848
249 254 257 2074
2139 2139
2140 2140
2023 1979 1995 1999 1997 2000 1171 2021 2022 2020 1302
199 199
720 2330 705 723 808 729 1647 774 751 2104 805 819 829
1767 1767
1229 1229
1291 1291
2011 2010 2012 2049 2051
2220 2101 708 445 2404 489 2253 2288 344
1923 400 1924 1926 205
2162 393 1638 2202 445 2226 2314 2312 2151
168 68 167
1972 1970 1971 696 254
541 541 555 581 583 584 596 602 608 624
1085 1028 708 1050 1158 1085
371 393
1922 1922
1337 400 2159 1236 1358 1265 1270 1291 1338 1358 1358
1270 1236 1261 1358 1291 1229 489 1337 1358 1358
1447 1447
2300 489 2301 526
1436 1436
885 885 885 885
2184 400 2176 445 1 1104 2222
2054 2017
249 249
2044 2005 2046 2065 2066 2025
1 1
2023 2023
162 23 393 79 139 173
2045 1990 2065
2145 2145
2220 2220
191 191
1004 1006 1009 1008
126 126
746 890 1627 1639 1641
1797 1687 400 1794 1852 1832 1860 1832 1832
997 894
1736 1772 1800 1823 393 1837 1727 1868 1732 1733 1846 1873 1874 1802 1803 1782 1781 1779 1812 1721
1752 1823 393 1722 419 1784 1732 1802 464 1831 1721
1802 1823 393 1736 419 1868 1732 1733 1846 1873 1874 1878 1752 1803 464 1782 1781 1779 1812 1721
1823 393 1736 1837 1784 1868 1732 1733 1846 1873 1874 1752 1802 1803 1782 1781 1779 1812 1721
1784 1837 1816 1877 1878
1878 1784 2337 1877
1877 1722 1784 1637 1878
1845 489 1807
251 254 2040
2049 2049
276 276
2401 399 2393 2402 0 1466
740 740
988 988
1061 393 1055 1061 1128 1185
1524 1524
1195 445 1369 1184 996
679 679
371 371
1534 1495 1512
555 555
98 16 43 68
2037 2035 2036 2074
554 553 554 558 569 624
1025 1717 471
1269 1269
529 57 79 739
2278 2245
1726 1717 1718 1765 1805 471 1832 1855 1819
1487 1532 1506 1509 735 1488 1500
1087 1087
45 43 1497
1970 1971 1972 445 1573 2016 254
1786 1722 1748 322 1871 489 516 344
204 194 602 2288 344
150 393 43
285 269 408 2390 1525 272 448 1126 489 304 682 288 10 304 304 304 304
1981 1981
1994 1994
1677 890 1597
970 1621 1572 1654 2384 760 971 904 969 1684
1362 515
1236 1236
489 489
970 970
1069 1716 2330
2021 2021
1216 1216 1216
135 68 92 118 168
1068 489
374 374
24 24
249 249
2348 682 457
1365 1573 1369 1365
2088 2088 2097 393 2100 2164 2197
1410 1410
2236 2176 2233 2237 2239 2241 2243
1762 1825
1397 1397
1869 1722 1794 1860
2062 1087 1141 2063
1289 489 1245
193 32 489
1924 1923
1181 1092 1097 489 1181 1181
2015 2015
1134 480
2240 2087 393 2101 2123 2116 2132 2133 2138 2140 2142 2143 2148 2186 2197 2198 2206 2213 2231 2288
657 657
1331 1331 1331 1331
895 895 895 895
982 982 982
1348 1348 393 1348 1348
118 68 92 135 168
1329 1329 1329 1329
1722 1722 1722
1700 1707 1709 1710 393 445
1948 1919 1944 1946 1946 1947 375
678 27 52 659 679 678 678
1921 1920 1961
858 855
1652 401 713 1676 346
7 399 2330 1648 2401 2402 2404 2 6 8 9
1898 1901 471
1156 1156
1273 1273
2157 1616 2115 713 2159 1630 1659 1676 713
855 855
2181 2120 2159 731 457 706
1127 1717 1052 922
163 393 31 397 400 458 117 496 185
1236 1358 1270 1291 1337 1358 1358
275 1637 1647 525
1929 489 1931 1935 1936 1937
979 1191 1602
751 766 391 723 757 808 729 774 779 781 805 803 806 819 720 829 711
549 548 549 569 597 624
548 548 549 569 598 624
582 555 556 581 588 589 590 595 596 601 602 608 609 611 625 628 624
2279 2279
1942 1893 1646 2364
661 657
2114 2145 736 2114 2114
1489 1489
1836 1836
2111 445 2309
1319 393 1251 1246 1274 1312 1329 1329 1329 1329 1329
2005 2005
535 2155 1498 513
555 555
1190 1024 1064 1412 1073 1089 1095 1176 1143 1164 1190
971 1621 922 1654
1550 1535 445
1102 1165 1105 1860 1051 1094
1938 825
1999 1999
584 541 569 581 583 596 602 608 624
582 582
2269 393 2330 1648 1647 2404 6 2312
1527 1527
1217 1276
1837 1800 1823 393 1722 1727 1784 1732 1878
2325 1648 451 1653 471
144 80 85 136
2118 2111 2309
2219 2219
1978 1995 1999 1997 1998 2000 2001 2002 2003 2020 2023 2030
143 43 68 445 179
2402 399 2401 2404 1832 6 7 8 9
860 561 196 2397 749 331 464 795 827 531
524 395 277
1251 393 1246 1274 1312 1319 1329 1348 1329 1329 1329 1329
6 6
652 2145 736
1402 1402
1989 2060
1383 1047 489
851 851
1428 1398 1404 1410 1411 1412 1416 1420 1428 1430 1434 1439 1442 1443 1444 1445 1446 1449 1457 1458 1459 1460 1461 1465 1466 1467 1475 1476 1478 1465 1465 1465
1442 1398 1404 1410 1411 1412 1416 1428 1430 1434 1439 1442 1443 1444 1445 1446 1449 1453 1457 1458 1459 1460 1461 1465 1466 1467 1475 1476 1478 1465 1465 1465
267 399 2393
1180 1165 1166 602 1081
1485 1509 489 496
202 457 489 509
2396 2396
233 233
990 990
514 391 32 1504 47 75 88 136 146 619 536
2377 713 733 2384 2364
279 279
1303 1219 1223 1293 1244 1342 1328 1363 1328 1328
1135 1123 489 509
1868 1772 1823 393 2098 1736 1727 1868 1732 1733 1846 1873 1874 1802 1803 1782 1781 1779 1812 1721
2002 2002
1270 1270
2375 2375
2270 393 2122 2126 2127 2136 2139 2150 1638 1525 2186 1540 2197 2218 2238 2296
421 277
2157 2157
856 399 2393 866
287 733
1742 1742
1997 1997
2375 457 602
754 1089 489 673 1143
1140 1071 1170 982
1979 1978 1979 1995 1999 1997 1998 2000 2001 1421 1171 2021 2022 2020 2023 2067
1022 1023 895 334 1314 1860 1190 525 1022
1119 1029 489 1162
1029 1119
1291 1291
2255 393 445 2209 2255
2029 990 1108
2395 2395
1613 410
1843 1843
2398 2398
263 263
1840 1840
2331 1646 1897 1583 1549
1054 1070 489 493 1108
559 545 546 547 552 553 555 557 568 578 581 596 608 493 621 626 628 630 637 624
2005 2005
2012 2010 2011 2051
733 733
602 541 541 555 556 393 31 397 400 445 1086 457 581 582 583 584 588 589 590 595 596 601 608 609 611 617 622 623 625 628 624 602
1816 393 2098 1837 1784 1732
1122 1056 434 489 1191
1451 26 1398 31 1402 1407 69 1410 1412 1417 1418 1419 1419 1425 226 228 1433 1434 1439 1443 1444 124 1445 1446 1449 235 1454 1460 1465 1465 1466 1467 1471 1476 1478
1628 1628
768 866 476 991
91 47 61 109 110 119 496 146 159 159
2100 2088 391 2097 393 2126 2139 2148 2164 2197 2218 485 2240 496
733 733
305 269 408 1638 272 445 448 866 304 288 10 10 304 304 304 304
429 429
1566 1615 1630 1640 1662
1018 1005 31 221 1008
1970 1970
602 602
1206 1022 1065 1074 489
1719 411 2392 1648 1797
1242 323 489 526
270 269 270 408 285 2390 272 448 284 2403 304 510 271 288 10 304 304 304 304
1884 346
2215 2215
1729 1739
1841 1716 1717 1773 1788 1773 1773
1522 1522
1120 1120
1800 1837 1727 1816 1784 1732 682
1461 1398 1404 1411 1412 1416 1420 1428 1434 1439 1442 1443 1444 1445 1446 1449 1457 1458 1459 1460 1461 1465 1466 1467 1475 1476 1478 1465 1465 1465
94 393 31 88
758 758
534 403 47 420 426 58 1525 467 501
2009 393 254
1225 1264
1356 1356
1325 1247 405
10 10
1265 895 400 1358 1338 509 1374
1061 1061
395 395
2127 2127
611 542 546 555 556 569 582 595 602 609 625 624
1296 1296
1168 1145 982 623
489 489
338 1390 992 515 848 327
783 1509 496 509
648 1412 1440 1457 1458 1459 1467
337 1067 343
1301 1301
2054 2054
1468 1468
1796 1866
356 1722 476 489 242 2288
823 405 704 526
1545 1394 887 289 1646 931 950 975 999 955 341 999 999
495 21 41 47 146
1006 1006
1553 1551
500 516
553 553
552 552
547 547
2052 696 1992
2197 2197
275 275
347 2356
756 323 526
988 988
1182 1717 1840 1865
786 786
2377 2377
973 973
1390 1390
223 1401 31 69 221 222 228 124 235
29 393 43 79 88 458
960 960
1714 1714 393 445
1070 400 1054 489 509 1108
738 411 77 465 393 393
624 624
2397 2397
122 43 68 526
2060 2060
417 388 392 418 451 1922 471 494 512 518 521 451 451 451
1946 1919 1944 1947 1948
797 1551 715 749 461 761 483 794 827 832 833
724 489 724
512 388 392 397 418 451 1653 1922 471 1587 494 518 521 451 451 451
1568 696
175 43 68 73 229 124 179 181
853 458 295 853
295 853 708 458 208
694 694
2003 2003
32 32
646 568 569 622 644 624
961 960 283 998 489 967 682
583 541 555 568 581 584 596 602 608 622 624 583
1060 951 489 682
2246 1903 1540 525 1484 2316
1191 1033 1056 1083 1084 1094 1602
2020 1979 1995 2005 1434 2021 2022 2023 1302
644 569 458 624 646
598 548 569 592 593 603 493 624 645
1996 1996
1227 1227
610 554 607 624 645
1541 1498 1509 485
488 488
2097 2088 393 2100 2126 2132 2133 2139 2164 2197
158 23 43 493
260 252 2049 260
1972 1972
1493 1493
1016 1016
724 724
2014 2014
1306 1334 1344
1219 1223 1293 1244 1342 1303 489 1328 1363 1328 1328
1691 1692 1693 1842 393 1730 1785 445 375
594 555 589 595 624 526
848 848
2403 269 270 408 285 2390 272 448 304 271 288 10 304 304 304 304
1062 1021 1023 1055 1178
1105 1105
1506 1532 1487 735 1488 1500
1083 1033 1094 1191
2055 2055 2055 2055
580 553 555 568 585 622 624 526 648
1998 1998
260 260
478 1573
795 795
2049 2049
549 549
587 568 569 624 526
1540 1397 400 1504 854 708 1493 1470 1525 2215 1492 747 750 458 772 489 2238 2270 1515 525 2288 344 1505 2182 1484 2316
795 697 708 561 433 196 749 331 461 787 827 531
2399 2399
1546 1490 344
330 63 355 334 346 334 334
501 403 420 426 467 534
487 1717 1805 1530
248 248
1058 1058
833 396 715 718 749 461 761 794 797 827 827 832 461
578 553 580 586 588 596 601 631 639
2023 2023
378 1635 445 1573 471 383 384 525 383
2328 237 491 1549
1543 119
1028 1028
617 555 569 602 625 624
557 557
1808 393
1810 1805
595 555 556 568 582 602 609 611 625
609 555 556 569 582 595 602 611 622 625 624
559 559
741 1525 489 496
585 553 568 569 580 586 624
1873 1823 393 2098 1736 1868 1732 1733 1846 1874 1802 1803 1782 1781 1779 1812 1721
1989 1989
2363 427 1525 2404 2358
1780 1780
542 542
765 405 2159 1149 703 526 802
2203 2148 2170 2174 2187 2223 2230 2265 2266 2203 2203
1511 1498
1822 393 411 1809 445
1809 393 1822
2056 254 2049
314 922 602
2134 2134
1862 1805 1829 1840 1855
295 295
1699 265 1786 602 493 982 340 346
958 916
1844 1687 1832
1214 405 489 1316 1317 1375 1381 1375 1375
171 171
2319 2319
712 719 344 526
1044 1044
1864 1397 413
1872 1872
288 269 408 285 272 448 489 304 10 304 304 304 304 288
223 223
671 671
272 269 408 2390 448 99 476 493 304 6 288 10 304 304 304 304
2333 2324 2334 375
992 893 393 1645 931 333 999 932 327 682
1451 1451
256 256
696 696
1680 1615 405 1573
2246 2246
971 971
1945 1945
1284 1284
1282 1241 1282
1270 1270
2071 2071
2339 2320
1208 1208
1084 1092 1097 602 1075 489 988
555 555
1187 1036
2229 399 1525 525
2028 2028
702 2254 786
2028 393 254 2049 1176 1177 2074
423 422 424 1641 441 477 515 423 515 423 515 515
1688 1690 1717 1718 1745 1647 1815 1829 1831 1853
936 936
1389 1389 200
1302 1302
1618 436 3
730 730
1738 1645 1646 682 1685
1211 1211
182 393 30 43 69 147 151 165 171 188
1826 1826
1543 1543
1501 1501
74 43 144
294 397 435 458 334 682
2112 2112
1900 493
2393 2393
1590 489 624 1590 1590
925 925
2029 2029
466 1902 533
701 701
1828 1717 1726 471 1815 1831 1865
942 942
2018 1398 1412 2018
1158 1085 1050 1927 205
806 391 723 808 711
2029 2029
1968 1969 2074
1129 960 1074 1063
1173 1173
649 659 649
723 391 393 705 76 757 808 729 805 803 720 711
1967 1967
2243 2084 2176 2176 2233 2236 2237 2239 2241 6 2222
781 766 708 723 1637 757 808 729 751 805 819 711 391
803 766 391 723 757 808 1647 751 781 781 819
804 890 713 1627 1629 81 1653 866 365 804 1530
1019 190 1007 673
910 910
37 393 39 90
1106 1106
138 496 138
470 470
819 391 393 708 723 210 76 808 729 781 805 720 994
1058 1058
1980 1980
533 88 466 129 146
789 789
990 990
2013 2013
2014 2014
2063 1141 2062 1176 1177
34 23 393 36 37 39 89 87
208 853
257 257
1115 1116 154 682 1115 1115
1026 1168
1599 1551 715 1571 461 827 1599
1918 1918
256 256
2085 393 2124 458 2404 2238 2254 510 2270 2288 2288 2288
854 1525 1540 747 750 1509 772 476 489 877 510 2316
413 14 391 393 63 1864
328 357 358 370 375
2250 2282 445 1443 1464 2257
438 43 277
701 682
1897 489 515
258 258
1347 1347
1494 325 334
1598 1598
638 552 569 591 605 634 624
901 901
916 916
536 536
2218 2088 697 2248 2097 2098 2100 2122 2126 2133 2139 445 2186 2226 2238 2270 2296 2312
1021 1062 1067 1110
121 16 43 654 68 88 235
1537 1528 1533 855 1538 1503
984 984
1936 489 1929
739 1521
1247 445 475 476 1467 1379 1247 1247 1247
569 568 596 1460 623 624 1478 648 624 624
91 91
1935 922 489 1929
378 378
1299 1299
777 489 304
393 1717 2098 397 400 708 410 411 277 1732 77 79 2392 445 2194 1870 458 2218 485 1832 139 177 2312 393
1248 1249 1385 1310 489 1318
1235 1235 1235
591 552 568 605 489 634 638 624 526
925 925
631 553 568 578 586 588 596 601 622 623 639 624 526
1888 1814
22 22
755 755
953 953
863 602 489
1164 1164
1212 1256 1330 927 1322
1256 1256
261 261
979 979
619 391 449 458 488 496 514
1351 1351
685 393 355 107 1272
1519 1519
735 2135 719 1532 1487 1506 1488 344 526 1500
2177 393 2122 405 411 1509 668
1751 1751
1108 1108
1614 696 525
832 1551 715 718 718 749 2351 935 461 761 794 797 814 827 2387 833
1991 1991
531 531
2 2
349 228
2074 2074
1015 1015
721 721
1509 1509
1008 1008
1860 1860
1352 1352
1432 1432
617 617 617 617
1086 1086
1427 1427
1562 1525 489
1422 1422
2362 2362
1326 1326
316 316
2155 400 2155 2197 2233 513
2076 1343
14 391 393 43 90 117 496 141 160
1465 1465
134 69
1464 1412 1424 1444 1445 762 1465 1467 1474 525 1481
830 406 1525 707 2 830 792
707 445 830 525
1839 1717 1722
984 435 464 1155 1002 984 984
745 419 718 718 749 461 761 483 794 795 849 310 827 832 833 745
1885 393 1870
1326 1211 1261 602 1316 1330 510 1348 1326 1326
2075 393 1722 475 2074 2074 2074 2075
1114 1114
297 713 1630 1573 851
1070 1070
1107 1107
1137 1137
1195 1195
2392 393 708 1637 1648 1527
1086 1086
170 170
974 974
1539 2102 2119 725 2196 2207 2286 772 2249
2061 2061
811 695 1005 700 722 445 663 788
2373 1587 1478
921 1983 2004 2013 920 2014 2015 1262 2016 2033
1570 1629 1578 1588 1597
1760 1760 493 176
301 447 1647 471
1059 1156
1850 1850
280 280
1256 1212 1256 927 1322
1113 1113
2064 1165 1997 1261 1316 1331 1143
36 393 34 37 39
2282 2250 2288 2257
1654 1611 1621 1627 1629 1635 1636 1641 1645 1643 1648 1647 1653 1661 3 1673 1684
837 708
273 273
2367 489
286 733
45 45
1928 544 2081 427 279 160
986 986
162 162
1563 1562 489
1078 1078
193 193
269 408 272 448 304 305 288 10 304 304 304 304
1417 1417
1433 1433
1767 1767
558 558
1044 1044
1581 1685
1174 1174
1166 1166
629 569 628 633 624
1192 1165 1064 960 1166 1130 967 2057 1164 1190
196 196
2011 2011
1146 960 364
131 131
978 978
2358 2358
1148 348 526
2133 2133
1083 1083
222 221 223 227 124 231
380 218 334
1805 1717 1718 1765 1773 1815 1840
627 557 568 569 623 624 526
1232 1213 1250 1258 1278 1299 1330 1333 1350 1356 1360 1350 1350
1341 1341
266 266
2229 2229
2320 2339 2150 708 433 464
2326 1645 2349
2358 434 2363 2284
2356 399 2356 445 682 347
2335 2356 471
2349 2384 1660 2326 2364
2354 2330 427
2361 2366 2364
2359 2359 2359
2360 400 90 845
1064 1064
39 393 34 36 37
557 557
639 553 578 586 588 596 601 631 624 526
557 557
1634 445 1618 1
1801 1641 1646 6
838 734 776 307 814 818 373 838
1037 400 489
312 312
38 124
1933 1934 526
1934 922 1933
1404 1398 1404 1410 1411 1412 1416 1417 445 1428 1430 1434 1439 1439 1442 1443 1444 1445 1446 1449 1457 1458 1459 1460 1461 1465 1466 1467 1476 1478 1465 1465 1465
586 553 569 578 588 596 601 622 631 639 624
259 252 253
1767 1767 1767
1863 1755 1299
2167 696 1614 1615 2158 2165 2280 2307
40 23 393 43
819 819
1048 1040 489 1170 848
1832 1832
1100 708 849
1429 1429
540 540
2036 2036
130 130
1641 1641
1544 686 687 2119 785 790 791 1544 1544
2179 400 445 1547 2312
1092 416 1049 1082 489 972
316 316
1464 1464
157 157
2392 2392
990 990
254 254
484 484
747 854 750 772 2316
1843 1843
408 269 708 272 448 304 288 10 304 304 304 304 408
1091 1091
2167 2167
1767 1767
1795 400
2291 2291
2051 1974 908 2010 2011 2012 254 2049 2051
420 32 403 47 426 75 1525 88 467 501 146 534
1660 1660
1014 651
1278 1891 1213 1232 1250 1258 1333 1350 1356 1360 1350 1350
1944 1919 1946 1947 1948
1633 1604 890 1626 1639 1574 1664 497
2381 2359
1579 804
1966 405 445 476 1966
1634 1634
892 510 308 997
475 1722 405 425 562 277 434 445 742 457 476 1308 489 509 510 623 476 476 476 476
1177 1177
967 967
1861 1794 1852 1861
653 653
633 628 629 624
1420 1398 1407 1412 1417 1423 226 1430 228 1433 1434 1439 1441 1443 1444 1445 1447 1446 1449 235 1452 1460 1461 1465 1467 1468 1471 1475 1476 1478 1480 1465
2136 2304 2122 2126 2127 2136 2139 2186 2218 2244 2270
1910 393 1909
1456 1456
171 171
879 525 526
1036 1036
2198 393 2101 2126 2139 2186 2186 2197 485 2288
1260 1286 1247 1260 1260 1260
2054 2054
913 1573 930 933 489
1386 1401 1387
55 23
2368 2373
353 353
698 436
689 689
1193 348 1193
1551 1551
871 871
1066 936 1170
362 372
1411 1398 1403 1404 1412 1414 1416 1417 1423 1428 1433 1434 1439 1442 1443 1444 1445 1446 1448 1449 1457 1458 1459 1460 1461 1465 1466 1467 1471 1472 1475 1476 1478 1465 1465 1465
605 552 568 569 589 591 623 634 638 624
80 23 43 50 74 97 104 131 140
1836 1836
1074 1074
759 759 2273 759
1793 1767 252 489 2046 2066 346
972 972
2237 2237
426 32 403 47 420 61 75 1525 88 467 501 534 536
1416 1398 1404 1410 1411 1412 1414 1416 1428 1430 1434 1439 1442 1443 1444 1445 1446 1449 1453 1457 1458 1459 1460 1461 1465 1465 1466 1467 1475 1476 1478 1465 1465 1465
2352 445 2352 772
1755 1843
1051 1051
1411 1411
369 322 489 346
495 495
155 155
238 238
1145 1168 982
593 558 568 569 579 592 598 599 600 603 606 607 624 645 647
1279 476 1279 1279 1279
1266 1266
35 393 411
1276 393 1217 1277
600 554 558 569 579 592 593 603 604 606 622 624
872 713
2350 2350
1067 1067
573 573
1353 1353
403 32 420 426 1525 88 467 128 501 146 534
1992 1992
558 558
2143 2087 393 2123 2116 2126 2132 2133 2138 2140 2142 2186 2186 2198 2206 2213 2231 2240 2288 2288
209 760 1959
928 886 896 911 926 1000
1991 1991
154 154
292 292
1390 1387 1391 662 101 1390 1390 1390
248 248
219 1401 69 221 89 1424 228
511 397 841 435
1465 1465
1420 1420
2166 704 526
885 885
577 590 623 624 526
890 890
801 708 1492 489 510 2380
2121 708 2159
1033 1036 1083 1094 1191
1380 1275 1331 1347
2077 1995 2021 2022 2020 2023
1100 1100
980 980
606 554 558 569 579 592 593 600 603 604
2372 708 2320
381 713 1675 383
1343 1343
1101 1101 1101
2166 2166
325 325
1974 1974
1555 1555
9 393 399 2159 2401 2402 2404 6 7 8
1518 1518
574 574
989 989
2178 2178
1198 1198
1513 436 497 515
1263 1263
1485 1485
1925 1925 1925 1925
2287 2107 2117 2159 445
2069 2069
1883 471
2016 2016
1749 1749
1044 1044
925 925
490 392 451 471 518
2214 2125 2159 667 1 1685
1322 1263 1746 489 1314 1322 1322
1280 1280
1134 1134
1992 1992
2227 708 2288 2227
1654 1654
1653 1653
2336 682
2123 2087 2116 2132 2133 2138 2140 2142 2143 2186 2186 2197 2198 2206 2213 2231 2240 2288 2288
1115 1115
1964 1914
2161 713 1679
347 347
1131 1111 1110 1096 489 1110
2329 1621 1654 2388 2384 1661 2364 1684
701 701
75 393 47 61 69 71 99 125 128 145 146 505 526 536 247
1315 602 1281 1314 1384 1314 1314 1314
1675 2115 713
1704 1717 393 400 1745 445 525
1311 1311
811 811
681 670 670 670
733 1621 1654 235
467 32 403 47 420 426 61 75 1525 88 501 180 534 536
750 750
1156 1156
1039 1039
1144 1086 1194 1143 1086 1086
556 542 555 568 582 595 602 609 611 625
1250 1213 1232 1258 1278 1310 1333 1350 1356 1360 1350 1350
562 742 475 476 1308 622 623 648 476 476 476 476
797 797
1504 1482 1493 1525 1492 1540 334 475 509 682 1505
1490 1489 1546 1517
352 2317 1891 355 489
774 14 808 751 720
2025 2025
2027 2027
2390 2390
2301 489 2300 526
2267 399 445 758 2308
984 984
1037 1037
798 809 834 798 798
2268 1615 713 2158 1630
1497 1497
758 399 400 1525 2267
566 553 564 568 589 596 526
774 774
236 218 1413 224 225 359 226 227 228 229 1463 666 1446 232 233 235 236 241 242 243 244 375 245 246 247
916 1621 1269 1370 991
2307 1615 2158 2165 2167 2280
2075 2075 2075
1380 1380 1380
948 948
715 715
1521 400 708 1495 1909 2218 2312
1794 1794
1162 1028 1029
836 75 1510 536
63 186 82 90 99 100 101 489 133 133 139 140
1561 1564
896 886 911 926 928 1000
2268 2268
568 569 622 624 648
955 1545 1394 887 893 280 289 931 333 950 975 999 1390 992 338 327 341 999 999
1112 1112
1087 1087
2268 2268
556 556
938 718 749 2351 461 761 483 849 827 827 461
997 997
624 541 542 552 555 558 397 568 569 1573 591 592 593 596 599 602 603 608 489 623 643 644 645 647 648 624 624
935 715 718 461 794 849 827 832 833
1051 1051
634 542 552 591 605 622 638 624
48 48
298 1504 61 75 489 317 298
749 749
559 559
564 553 566 568 596 639 526
2008 2008
1383 1383
1139 1139
19 19
845 845
1931 1929 1930 1932 1937
1231 1231
950 1545 1394 887 289 931 975 999 955 341 682 999 999
731 457
721 708 699 1641 1653 760
911 883 886 896 926 928 1000
2271 848
1440 1400 1403 1407 1417 1423 228 1433 1434 1435 235 1457 1458 1459 1460 1465 1467 1478 1479 648 1434 1434
1014 1014
2099 393 69 525
2005 393 1981 1995 1997 2013 2068 2025
2040 2040
2045 2045
1446 1478
1037 1037
1295 1295
1478 1446
2379 320 2379
1071 1071
1969 1968 489 525
565 553 564 566 568 596 624
2087 393 2123 2116 2126 2132 2133 2138 2140 2142 2143 2186 2186 2198 2206 2213 2404 2231 2240 2288 2288
1271 1239 1284 1324 1331 515 1331 1331
1794 1794
1188 1188
2341 2359 516
359 359
551 569 624
897 48 68 181 183
1556 401 1573
257 257
844 844
2046 2046
1468 1468
1144 1144
1168 1168
1384 1314 1315 1331 1314 1314 1314
2318 2342
2342 71 2343 1645
2027 2027
1690 1688 1716 1717 1875 1765 1815 1865
2103 2304 2127 399 2244
1047 1047
2370 31
1109 982
396 396
1109 1109
2343 1621 2364 2342
1349 400 489 1375 1381 1381 1381
81 23 28 1497 113 136 148 365 804 1530 160 174
1431 1402 1412 1413 1430 1441 1444 235 1452 1462 1465 1466 1467 1468 1480
1753 1753
1672 1672
320 320
380 380
31 216 26 52 658 69 70 1412 1413 221 222 223 89 90 660 228 107 668 124 235 155 682 185 31 31
2343 2343
597 549 569 624
254 254
1583 1583
1984 1984 2015 254
1172 1172
222 222
1084 1084
736 1401 2145 445 489 684
1308 1308
782 696 845 496 496 496
2379 2379
525 525
1195 1195
1180 1180
18 20 89
1783 1783
1894 228
2188 393 2122 405 2330 1628 2208 2376 2312
1427 1427
693 2398 693
1009 1009
852 979 1191 1602
618 555 555 568 569 617 622 624
2002 2002
2000 2000
742 742
365 228 2374
1345 1345
2095 2095
78 26 31 52 142 155
2082 2083 445 493 525
690 433 290
525 525
2332 2332
46 46
2010 2010
1299 1299
2230 2148 2170 2174 2178 2187 2203 2223 2252 2264 2265 2266 2230 2230
1237 1237
1857 1857
551 551
1886 1886
1213 1213
1250 1250
1130 1130
52 52
84 84
1588 1629 1578 1596
2226 2162 2202 2189 2288 2151
1650 1655
1118 1118 1118 1118
2011 2011
1094 1094
536 536
2257 2282 2174 2250 445 2288
900 900
641 546 568 622 623 624
723 723
1789 1716 1717 1849 1745 1765 1773 1799 1882 1815 1829 1838 1799 1799 1799
726 2148 2296
2096 2197 2199 2224 2292 2293 2294 2295 2296 2297 2303 2288 2199 2199
1540 1540
2253 2101 2126 1540 2197 2220 2270 2288 344
2187 2148 2170 2174 2203 2223 2230 2263 2264 2265 2266 2187 2187
1968 1968
1213 1213
1791 1718 1765 445 1799 1813 1829 1865 1829 1829
1557 1569 489
2083 2082
640 608 623 624
460 394 47 427 428 61 75 442 522
385 400 218 445 1509 489
837 837
300 1717 758 2267
1272 1272
1731 393 1730 1730 1730
257 257
1566 1566
2286 725 2196 2207 1539 2249
856 856
1914 1913 1964
867 69 2254 2288 526 2288 2288
307 292 776 762 814 818 373 821
373 2159 734 292 776 762 307 1464 814 818 373 1481
1067 1067
1913 1912 1914
1536 2102 2119 785
1264 1264
794 715 718 745 749 2351 935 461 761 938 776 797 827 2387 832 833
1804 445 2229
33 900
512 512
72 391 31 89 235 244
248 248
1246 393 1251 1274 1312 1319 1329 1348 1329 1329 1329 1329
1330 1330
1189 393 1053 1072 1111 1110 1110 1096 1117 1131 1316 1034 1137 1160 1189 1110
1652 1652
1978 1978
947 489 1234
1788 1716 1745 1773 1799 1815 1841 1855 1737 1865 1773 1773
1246 1246
686 687 1544
1011 1011
687 686 1544
790 2119 734 776 791 818 1544
688 2119
1411 1411
1806 1806
1072 1053 1111 1110 1110 1096 1117 1131 1034 1137 1160 1189 1072 1110
100 100
1049 348 1092 489 364 1201
1303 1303
2254 2254
561 561
1975 2015 2049 2288 2074
675 471
621 559 568 581 626 630 637 624 526
799 476
2025 2025
2000 2000
931 1545 1394 887 893 289 237 333 950 975 999 955 235 1593 932 992 341 999 999
1147 1147
2057 1165 445 226 1166 2404 2049 2058 1192 2074
2347 818
372 372
302 302
1595 713 816 965
525 1717 266 397 399 400 713 410 416 277 196 1497 445 458 2229 525 851 993 525
165 30 43 69 147 151 171 182 188
920 1983 2004 2013 2014 2015 1262 2016 2033 921
2217 2217
2294 2096 2148 2225 2199 2224 509 2292 2293 2295 2296 2297 2303 2199 2199
2065 2065
915 915
306 509
1312 393 1251 1246 1274 1319 1329 1348 1329 1329 1329 1329
85 14 27 32 43 77 112 160
782 782
816 816
2255 2255
1845 1845
1704 1704
1059 1059
211 211
2185 2185
1295 1295
2052 2052
2249 686 2119 725 2196 2207 2286 334 1539
873 526
510 1211 1722 1896 405 425 427 277 434 1261 1264 457 254 475 489 1316 1326 509 1860 1179
1189 1189
2100 2100
781 781
964 289 1573 923 939 975 999 955 341 975 975
719 2135 712 735 719
2131 2131
1445 1445
801 801
1165 1165
1457 1457
2260 708 6
289 1545 1394 887 893 931 333 939 950 975 999 955 964 992 341 975 999 975 999
630 559 568 581 621 626 637 624 526
1482 2135 1504 1493 476 1505 2259 2182
949 1545 1394 887 289 1646 931 950 975 999 955 341 999 999
341 1545 1394 887 280 289 931 237 950 975 999 955 338 999 999
1479 1412 1414 1417 1423 1433 1443 1445 1446 1460 1475
522 427 442
1828 1828
1487 1487
309 309
1120 1120
752 1615 1624 1631
804 804
2334 2324 2333 1413 2341
1487 1487
1270 1270
1796 1796
114 114
1246 1246
2102 2119 1539
2353 237 489 235 1593
1249 1249
1775 1760 176
1814 1814
1594 973 990
2079 1498 236 244
2174 2091 2148 2153 708 1647 2187 2197 2200 2203 2230 2231 2252 2263 2298 2315
1747 1760 1775 176
908 908
2055 2055
785 2102 2119 509
2047 2047
1720 1775 176
2338 713 2338 1654 848
959 696
1984 1984
1792 1716 1717 1718 1745 1773 1799 1840 1865
817 445 476 489 848
8 2098 399 411 2159 1647 2401 2402 2404 525 6 7 9
989 989
1184 895 1089 489 982 1184 1195 982 982
849 849
2289 445 459 489 2291 2299
968 1646 930 999 1150 932
1993 1986 2049 1991
1986 1993 2010 254 2049 1991
887 1545 1394 893 289 931 237 950 975 999 955 341 999 999
2219 2219
943 1545 1394 887 2344 289 931 950 975 999 955 932 341 999 999
1136 1136
579 558 569 593 600 606 624
2202 2162 393 2189 2226 1 2314 2296 2312 2151
841 841
973 973
133 133
2270 2270
1050 1050
329 321 2404 321 321
944 944 944
2119 2119
333 893 237 932 992 338 327
237 237
976 976
992 992
955 955
1593 1593
1552 1552
893 893
999 999
1001 480 489 1001 1393
2097 2097
151 30 43 69 147 165 171 182 188
188 393 30 43 69 85 147 151 165 171 182
147 393 30 43 69 151 165 171 182 188
347 347
2151 2162 393 400 2202 2189 2226 1 2314 2180 2296 2312
2025 2025
754 754
2196 725 2207 2286 1539 2249
950 950
2190 2126 2133 2142 2143 1540 2197 2404 493 2238 2270 2288 526
864 319 602
1248 1248
248 393 1295
2035 2035
980 980
1035 489
78 78
1119 1119
1711 1694 1695 1697 1698 1699 1701 1702 1703 1705 1712 526
1051 1051
1502 195 734 1481
498 708 466 499 533
1164 1164
516 1748 2341 2359 489 500
2352 2352
1441 1441
1021 1021
1164 1164
725 2196 2207 2286 1539 2249
347 347
581 541 546 555 559 569 582 583 584 588 589 590 596 601 602 608 613 621 624 626 628 630 637 624
1115 1115
2170 2148 2174 2183 2187 2203 2223 2230 2263 2264 2265 2266 2170 2170
1974 1974
2039 2039
1594 1594
437 437
1949 476 526
2223 2148 2170 2174 2187 2203 2230 2252 2264 2265 2266 525 2296 2223 2223
613 546 555 559 569 581 602 608 624 624
1296 1296
1164 1164
1188 1188
1473 1474
618 618
1500 1532 1487 1506 735 1488
1578 1570 1588
264 1092 445 2015 254 264
2067 1995 2068 2074
2258 400 6
2382 119
2022 2022
977 1064 1176 1177 1164
1984 1984 2074
637 559 581 621 626 630 624 526
2199 2199
1238 1238
1980 1980
2122 2122
1456 1456
2391 2391
864 864
626 555 559 581 602 621 623 630 637 624
1159 1159
889 696 280 962 696
384 696 391 216 393 56 69 378 383 525 383
1547 1547
1982 696 2049
1132 1598
486 1635 956 1498 1583 1673
1979 1979
1715 386 1714 396 419 430 433 464 472
1917 426 467 623
1315 1315
1394 1394
1545 1545
950 950
341 341
1604 1604
1607 1607
2318 2318
889 889
1611 1611
2096 2096
2097 2097
1719 1719
2100 2100
1580 1580
1701 1694 1695 1698 1702 1703 1711 1712 526
2068 2005 2065 2067 2074
1262 1983 1574 2013 920 2014 2015 2016 2033 254 509 921
1294 1264 1301
326 1722 1742 322 342 326 322 322
1902 466
155 155
1034 1053 1072 1111 1110 1096 1117 1131 1137 1160 1189 1110
2186 2186
2037 2037
516 516
1867 526
327 887 893 280 333 999 992
1499 1499
615 546 555 559 568 569 581 602 608 624
567 569 615
550 393 2098 623 648
1943 1525 489 1940
2213 2087 2101 2123 2116 2132 2133 2138 2140 2142 2143 2186 2186 2198 2206 2231 2240 2288 2288
2206 2087 2123 2116 2132 2133 2138 2140 2142 2143 2186 2186 2198 2213 2231 2240 2288
2387 749 2351 461 761 483 827 827 832 2387 461
491 2328 63 6
90 90
2141 2105
1716 1716
307 307
2057 2057
1437 399 1007 355 1525 236 509 244
1792 1792
1203 1203
274 2394
1171 1171
766 391 723 757 808 751 781 803
1255 1255
1355 489 1298
2183 2330 1647 2185 2264 6
757 766 391 723 808 729 751 781 805 803 819 720
206 425 445 475 489 206 509 510
300 300
794 794
795 795
301 301
2104 2104
1710 1700 1707 1709 393 1785 445
1111 1053 1072 1110 1110 1096 1117 1131 1034 1137 1160 1189 1110
492 93 624 189
1709 1700 1707 1710 393 445
1707 1700 1709 1710 393 1785 445
2081 544 31 279 1928 510 185 1547
1987 1988 2049
710 710
1133 348 1717 68 1110 1133
1629 1629
1989 1989
858 858
1061 1061
725 725
1632 1632
1633 1633
437 437
197 197
1635 1635
859 859
1638 1638
1637 1637
1636 1636
564 564
566 566
1639 1639
726 726
1248 1248
1766 1766
79 79
80 80
81 81
710 710
1066 1066
2341 2341
282 282
1256 1256
447 447
570 570
571 571
572 572
574 574
575 575
1645 1645
1646 1646
1643 1643
1644 1644
1648 1648
1647 1647
2179 2179
284 284
1339 1074 1071 308
1023 1023
133 133
360 696 1005 1615 277 1412 1424 445 734 228 1445 1587 762 814 1467 373 1481
2387 2387
1592 1592
1666 1666
1803 1823 393 1736 1868 1732 1733 1846 1873 1874 1802 1782 1781 1779 1812 1721
1827 1755 1723
1323 1368 1368 1368
474 68 136
1323 1323
116 116
2180 393 2098 2202 2191 2314 2312
1703 1697 1701 1706 1711 526
391 391
1111 1111
108 31 52 69 70 221 107 155 676 185
2129 1587
1102 1102
1388 475
1443 696 1398 1398 1404 1411 1412 1416 1573 1428 1430 1434 1439 1442 1443 1444 1445 1446 1449 235 1451 1457 1458 1459 1460 1461 1465 1466 1467 1476 1478 245 1443 1443 1465 1443 1465 1443 1465
1271 1271
743 743
1142 1062 1185 1178 1142
1697 1694 1702 1703 1706 526
1698 1694 1695 1699 1701 1702 1711 1712 602
289 289
1207 1301 1229
1818 393 1784
2373 2373
0 0
954 954
1664 1664
2231 2231
785 785
1131 1131
1132 1132
1294 1294
1134 1134
1758 1758
1518 1518
320 1573 2379 344
1674 1674
373 373
868 2330 1645 733 868 868
1694 1695 1697 1698 1699 1701 1702 1711 1712 602
2388 1621 733 1654 3 1684
1718 1718
2207 725 2196 2286 1539 2249 2288
1726 1726
1786 1786
329 329
739 739
330 330
744 744
746 746
747 747
745 745
738 738
748 748
1793 1793
1018 1018
1650 1650
2350 2350
2107 2107
1745 1745
1756 1756
1757 1757
1064 1064
1765 1765
1773 1773
315 315
1788 1788
1789 1789
1791 1791
1792 1792
1799 1799
1833 1755
393 393
563 568 569 445 624
694 405 708 1493
2260 2260
2235 2119 790 791 1544
2365 1611 1641 1643 733 1653 3
1805 1805
1810 1810
1813 1813
1815 1815
1817 1817
1053 1072 1111 1110 1096 1117 1131 1034 1137 1160 1189 1110
875 875
1355 1355
1388 1388
1829 1829
1543 1543
63 63
2241 2176 445 2233 2236 2237 2239 2243
1706 1697 1703 1711 1712
159 159
2146 2086 2185
1345 1345
648 391 397 1412 75 76 228 1434 1443 1446 1460 1465 1467 622 623 624 1476 1478 1684
1012 391 2159 771 1020 1641 1653 496 918 1010
198 489
2020 2020
1862 1862
1865 1865
1052 1052
1911 1904
1318 1318
1962 1962
1963 1963
1911 1911
1904 1904 1911 475
1887 1887
1045 1045
803 803
86 115
1137 1053 1072 1111 1110 1096 1117 1131 1034 1160 1189 1110
1987 1987
560 560
1702 1694 1695 1697 1698 1701 1711 1712 324
1763 1849 1767 1799 1840 1853
1117 63 1053 1072 1111 1110 1096 1131 1034 1137 1160 1189 1110
2305 2093 445 2209 2211 2247 2272 2273 2276
1249 1249
1234 1234
1787 1716 1717 1745 1765 1799 1813 471 1815 1829 1840 1855 1880
2051 2051
1975 1975
934 396 749 749 461 761 483 797 849 827 827 832 833 461
791 2119 776 790 1544
1703 1703
1496 2175 2186 2404 1523 493
982 982
1564 1561 1635
1199 1199
1368 1323 2074 1368 1368
1695 1694 1698 1701 1702 1711 1712
945 2107 937 942 1003
811 811
729 391 413 723 808 781 805 806 815 819 711
1314 1314 1314
717 776 814
1961 1920 1921
317 298 440 526 538
847 847
1770 1746
2252 2252
1670 1670
1110 1110 1110 393 1053 445 1072 1111 1110 1110 1096 1117 254 2040 1131 1316 364 1328 1156 1034 1137 1160 1189 1110 1110
1160 1053 1072 1111 1110 1096 1117 1131 1034 1137 1189 1110
559 559
1987 1987
2345 1673
2255 2255
1673 1673
843 847
973 973
714 714
2299 393 2148 400 445 489 2289 526
713 2115 708 2157 2157 2158 718 1630 734 1559 1580 1659 1662 381 776 807 1676 814 2268 1679 818 1565 822 525 713
674 235
821 734 776 814 818
376 68 489
1121 1058 1084 489
1178 1036 1055 1062 1127 1301 489 1141 1142 1185
381 381
2128 2087 2101 2123 2116 2132 2133 2138 2140 2142 2143 2186 2198 2206 2213 2231 2240 2288
71 696 393 31 708 63 1641 90 1573 107 526 185
1892 489
291 354 440 446 278 366
1020 771 1641 1012 1573 1653 918 526
2077 2077
310 310
442 394 427 146 522
2277 2197 509 682
446 47 354 440 83 291 278 146 366 624
394 47 427 146
2074 2074
1975 1975
1096 1111 1110 1117 1131 1160 1189 2288 1110
2288 708 2404 1310 2254 2288 344 526 2288 2288
906 916
1282 1282
354 541 440 569 446 291 278 366 2288
1230 1346 960 489 1366
2240 2240
1951 1647 862 2299
1790 1739 1794 1821 1835 1860 682
939 1394 1016 960 289 975 999 964 932 975 975
6 393 2147 399 708 2330 411 2159 63 1647 445 2401 2402 1653 2404 1 525 7 8 9
1786 1786
161 161
532 436 1498 459 436 436
332 331
1252 1252
366 541 393 354 440 446 291 278 146 624
259 259
428 32 427 1525 460
1252 1261 1316
1891 1891 69 775 489 1960 810 839
1937 1929 1931
2324 2333 2334 445 375
83 23 43 83
650 666 772 682
2080 2193
2039 2039
2211 2092 2093 2209 2255 2276 2305 2211
1906 1774
1958 1905 1908 498 499
1905 1908 1958 534
1908 1905 1958
273 273
2059 2059
2125 727 2214 2308
377 186 393 458 1926 624
769 494
1776 1717 471 494 1832
347 347
2209 2093 445 2211 2255 2276 2305
1418 1418
616 568 569 615 624 526
150 150
1853 1853
541 541
1116 1115 1115 1115
1351 1351
753 753
1759 393 400 1837 1784 1802
1690 1690
1950 1953 1954 1955 1956 1957
1141 69 1525 1087 2062 1176 1177 1598
287 287
614 547 623 624 526
1486 416
581 581
1778 1755
2057 2057
1218 1208 1007 1385 1264 1231 1299 489 1234 1340 1350
2165 2165
146 31 32 399 43 47 1493 61 75 445 91 107 109 110 119 125 846 128 140 509 159 526 185
642 569 635 624
1715 1715
2333 2333
1461 1461
1975 1975
1400 1403 1407 1412 1414 1417 1418 1420 1423 226 1430 228 1433 1434 1435 1440 1447 1446 233 235 1457 1465 1467 1479 245 1434 1434
815 705 723 808 729 805
2093 445 458 2209 2211 2247 2272 2276 2305
1956 489 2233 1950 1953 1954 1955 1957
1638 1535 1607 708 2330 1621 1627 1628 1629 1635 859 1637 1636 1658 1641 1525 1645 1646 1643 1648 1647 457 1654 1653 1661 1660 1 3 5 2104 1673 1527 525 1684 1685 859 859 859
1870 1870
176 393 1621 1643 445 1653 526 1684
1957 1950 1953 1954 1955 1956
670 670
1954 1950 1953 1955 1956 1957 2302
1275 1380 1573 1271 1331 1347
406 697 1717 2107 399 400 401 406 445 525
1155 1098 902 397 430 1064 464 984 787 1155 1155
1007 399 353 1007 250 445 1007
2046 393 1990 1995 2066 2074
256 1007 254 257 256 256 1007
866 696 708 713 1498 866 1509 315 866 866 866 866
697 445
540 43 409 49 61 432 440 575 449 136 505 536 538
56 393 56 496 383 384
2399 2394 1832
391 14 24 393 400 1412 76 76 808 1417 1434 117 1443 781 496 805 1465 1467 819 391
1953 1525 464 489 1950 1954 1955 1956 1957
658 658
1334 400 489 1245 1316 1326 1330 509 1334 1334
257 249 251 2074
1446 1398 1400 1404 220 1411 1412 1414 1416 1418 1420 1428 226 1430 228 1434 1439 1442 1443 1444 1445 1446 1449 1457 1458 1459 1460 1461 1465 1466 1467 1471 1475 1476 1478 1446 1465 1446 1465 1465
252 253 254 255 489 259
1207 1207
942 942
1955 2404 1950 1953 1954 1956 1957 1955
671 671
558 548 554 557 568 569 579 593 600 606 624
2086 2146 2159 2185
185 26 31 123 52 69 90 107 108 124 670 155 676
89 19 20 26 31 52 1412 221 89 90 96 124 682 244 185 89 89
290 290
2302 489 1952 510
26 213 31 52 221 89 228 1443 124 155
292 266 713 69 292 525
1907 1901 1527
635 642 624
215 215 1722 52 69 669 1832 215
871 1611 1641 1653 876
744 1540 742 2220
210 1901 1647 445 489 805 819 819 210
965 400 405 1421 445 458 489 874 1466 525 965
745 745
502 405 277 960 476 489 493 624 526
1571 1551 1434 461 849 1571 1571
553 553
1952 473 2302
1714 1714
1430 1430
115 399 86 95
465 465
424 424
946 1573 975 515 1478
1194 1086 1086 1086
303 1527
643 569 624
1087 1141 2062 1176
1520 476
1010 771 1020 1641 1012 1653 918 526
1065 1065
1336 1573
1388 1388
213 213 89 445 228 229 124 235 140 247
227 227 228 237
277 277
1435 1435
0 0
1777 1746 471
262 509 526
97 393 526
1304 400 1645 1305
2276 2092 2093 2159 445 2209 2211 2247 2255 2272 2273 2305
368 451 471 368
287 287
729 729
1077 1078 1079 489 1130 496
1768 1823 393 1736 1727 1868 1732 1733 1846 1873 1874 1802 1803 1782 1781 1779 1812 1721
1974 1974
547 546 568 569 622 623 624
246 220 1413 224 225 226 227 228 229 232 233 235 236 1465 1468 241 242 243 244 245 246 247
1412 1412
877 1492
296 713 1679
612 623
2039 2039
1712 1694 1695 1698 1699 1701 1702 1703 1706 1708 1711 493
499 708 498 1958
2039 2039
1509 1509
2069 2069
1708 1706 1712
67 16 68 445
2275 2275
2225 2148 2199 2293 2294
2262 471
880 306
1090 1090
880 880
2378 489
1324 1324
779 391 778 808 489 711
192 907
1874 1823 393 1736 1868 1732 1733 1846 1873 1802 1803 1782 1781 1779 1812 1721
1055 1055
1846 1823 393 1736 1868 1732 1733 1873 1874 1802 1803 1782 1781 1779 1812 1721
1779 1823 393 1736 1868 1732 1733 1846 1873 1874 1802 1803 1782 1781 1812 1721
543 568 624
2152 706 526
1749 1749
33 33
2323 887 325 922 972 932 1549
62 216 221 107 124
1352 1352
50 50
1777 1777
668 31 663 107 670 673 682 185
2208 393 2101 2139 405 411 2188 2186 458 489 2274 6
1305 1304
1733 1823 393 1736 1868 1732 1846 1873 1874 1802 1803 1782 1781 1779 1812 1721
1782 1823 393 1736 1868 1732 1733 1846 1873 1874 1802 1803 1781 1779 1812 1721
1781 1800 1823 393 1736 1868 1732 1733 1846 1873 1874 1802 1803 1782 471 1831 1779 1812 1721
1812 1823 393 1736 1868 1732 1733 1846 1873 1874 1802 1803 1782 1781 1779 1721
201 201
1304 1304
1174 1174
874 1126 1832 965
2091 2126 2148 2174 2197 2091 2091
276 276
625 555 556 582 595 602 609 611 617 624
437 1658 733 1897 682
1047 1047
440 440
195 1502 734 818 1481
1575 890 1555 1619 1626 1585 1592 515 1601 1575 1575
82 186 63 100 101 133
1188 1188
1674 922
1774 235
1179 1179
1089 1089
101 101 186 26 27 31 123 43 63 166 90 100 133 1390 1393 100 100
2189 2163 2162 393 2306 2216 2202 2226 2314 2180 2151
2153 2148 2154 2174
1565 1565
2172 2090 2148 2174 2197
604 554 558 569 592 600 603 606 624
877 877
990 990
778 63 960 808 779 509 711
103 103
1024 895 1064 1073 1269 1089 1095 2066 1190 1476
2362 393 510 526
1426 1422 1456 1467
636 568
2311 393 2122 2330 411 1648 1
805 805
2338 2338
1919 1919
1038 972
2089 2089
2274 2139 2197
2016 1970 1972 1983 2004 2013 920 2014 2015 1262 2033 254 2060 1468 921
2048 2048
252 252
2156 393 2202 2296 2312
2163 393 1628 2202 2208 2314 2312
2212 400 2175 2288
1253 1224 1227 1228 1261 1255 1281 1316 1320 1330 1331 1351 1376
2149 393 2330 1648 2191
997 997
1273 1273
702 702
1764 1764
414 417 57 451 471 521
716 1654 1653 1661 1684
1946 1946
1948 1948
1947 1919 1944 1946 1948 375 1947
1542 1489 1540 1546 772 1490 1523 1517 510
123 123
2210 393 2330 2202 1648 2156 2151
996 996
780 780
1560 1560
978 978
2346 2346
2039 2039
488 488
1173 1173
660 660
2139 2139
152 89
816 816
2327 1621 1641 1653 1801 3
1078 1077 1079 1089 1173
2291 2291
2107 2107
2173 445 2173
1510 75 346 536
2145 2145
2089 2126 2139 2186 2197
840 489
1366 1366
693 693
2087 2087
724 724
1715 1715
1400 1400
2123 2123
2105 2105
2108 2108
2109 2109
2110 2110
2111 2111
2113 2113
2116 2116
2118 2118
2114 2114
2120 2120
2121 2121
2124 2124
2129 2129
2130 2130
2132 2132
2135 2135
2137 2137
2138 2138
2146 2146
2147 2147
2141 2141
2142 2142
2143 2143
1617 1617
270 270
2153 2153
1040 1040
408 408
2331 2331
2158 2158
2160 2160
1044 1044
2161 2161
1619 1619
716 716
2332 2332
1901 1901
1561 1561
275 275
562 562
1625 1625
1626 1626
719 719
1627 1627
352 352
1628 1628
429 429
906 906
876 1641 1653 871
986 986
1573 2337 280 445 933 1573
402 402
2008 2008
1520 1520
1269 1269