5534 
1637 
3436 1549 
7237 5607 
9012 
6328 8138 4574 
3343 
7296 66 8533 4152 3161 7675 
1417 8242 5468 7903 
8357 6854 328 1100 1236 244 1303 
8552 4649 9201 6097 6296 1789 
8033 137 9164 1293 1295 8753 7698 1941 6838 1433 8122 
6183 1064 1928 7751 4462 6896 8657 6419 1012 4246 8287 7390 5343 
7301 2314 6158 5520 4241 1943 6295 537 8984 5025 1444 1061 7334 1832 8235 8365 303 4145 9011 3510 3127 5816 7352 6203 7356 2111 3144 1233 4570 227 4455 5863 490 5739 5229 8179 118 6262 2557 
5764 1541 7813 1810 2834 1173 3477 1820 797 1053 3869 32 2208 7970 4643 5799 8104 681 2089 6831 7090 3128 1981 2751 2368 4159 6343 8264 336 9171 4953 5726 7264 7904 4578 6883 2405 7525 2536 2665 8427 4460 7792 6515 6899 1910 2809 636 
3073 5132 525 4621 8215 4633 6689 3620 3110 6189 5680 5170 59 2621 4674 7753 2126 5205 6230 6233 2141 6237 5733 2666 107 4714 115 7283 1144 5240 1658 8314 3196 9341 8834 5623 7814 652 6284 655 4752 6805 1179 4263 3247 6323 8887 3769 9402 2235 5820 1215 8898 6342 8390 5322 3789 6864 5332 2773 8405 2264 2779 732 1758 6374 4839 5868 4845 5873 7413 2806 8958 4865 3334 6407 5897 4363 5902 8466 7446 7450 5407 3361 1828 5927 8999 1837 302 7992 3385 4922 3387 6458 7997 5438 1357 6478 3409 3925 7001 3933 8031 4450 6498 362 4458 2412 5995 368 2930 884 5498 6522 7037 386 903 7048 4490 1934 917 5526 8597 5016 411 1437 8094 7072 8608 1958 5039 2992 7600 7095 3000 8638 9152 7109 5070 980 9173 6615 9181 8158 3039 6626 7655 5102 5615 9199 1010 2547 4599 8696 2559 
8199 11 6155 2063 2071 24 29 8222 8223 8226 42 8245 4150 6202 4157 8253 8266 8283 4191 6243 119 4218 2179 8338 4244 6292 8345 155 8358 2222 6324 2234 2241 4289 8389 8401 2273 6370 8419 6376 236 2285 4333 8442 4352 257 263 8456 4372 6437 2349 8500 312 2360 324 6468 6483 2389 2404 6510 8559 8568 8569 392 393 8590 6546 8603 4508 413 2461 2470 8616 2479 2483 6579 2487 6609 6622 6624 2554 6655 515 6665 524 2578 531 8723 4631 4636 546 6703 6707 2612 6713 6716 2622 6722 8775 4695 2649 4711 4712 2668 2676 629 4729 2689 4737 8839 8842 4751 8848 4764 4770 4775 8874 6829 2735 8912 723 731 6878 2787 741 2793 759 6904 8956 6924 4881 4882 6929 8980 8982 795 805 6949 4905 6956 2866 9013 822 827 4933 4934 844 4948 6998 863 9055 7016 4969 4980 4984 9081 2937 4988 893 9084 7040 2952 7050 908 2958 2967 921 930 7077 935 5031 5037 944 5046 5055 5058 7124 988 9180 990 9186 3054 7151 5104 3058 9205 3075 3079 5130 9227 9234 9236 3094 7191 9241 7194 3099 9252 3114 9266 9271 5182 7231 9296 3158 1116 7266 3171 1129 3178 5228 1133 3182 5237 7290 9340 3197 7293 5255 9352 5257 3218 7314 7316 5285 7347 5305 7355 5311 7359 1220 3268 9412 9419 1231 9424 3281 9425 7380 7406 1268 1272 3330 3336 3344 7441 5398 1306 1321 3371 5420 5448 1356 7504 1395 3447 7547 3454 5502 3462 5511 3471 5522 5524 1456 7602 3515 1496 5605 1513 1514 3571 3573 5624 3586 3590 7686 7694 7710 3617 7718 1577 5674 7729 3641 5695 5697 3652 7775 5730 1636 5737 7795 7805 7823 7838 1705 5807 5810 5812 7866 5834 3809 5857 5858 7905 3814 5866 7921 5874 1783 7932 5896 3849 5905 3861 1816 1818 3879 1840 1847 3906 5961 3920 5968 8024 8025 3930 3931 5981 3936 5984 1893 5989 8044 3949 1906 8053 3971 1926 8071 3976 3978 6047 1953 1955 1959 1966 8120 4029 8126 8134 1994 2001 6109 6115 6119 8174 6143 
0 2049 4096 4097 8196 8198 6151 9 2057 2060 13 2061 8207 6164 21 25 8218 2076 8220 4130 6179 9369 38 39 2086 4137 6184 6185 44 45 6188 8237 6192 2097 4149 54 8247 56 2107 63 64 8256 8260 8263 8270 4175 8279 2136 4187 92 8285 8286 2147 4195 8291 6250 8298 6252 4205 110 6254 6256 8303 2164 2165 6260 4215 6261 121 2169 6266 8311 8979 2174 6273 130 131 4226 6277 2183 136 2185 138 2186 6283 4238 143 6288 6290 8339 8344 154 2204 4252 8349 8350 6307 6308 2213 6309 167 8360 169 170 4265 2220 4267 174 2223 6314 2225 4273 4274 180 2228 4277 8373 4280 8375 8377 2236 189 8380 191 8382 6337 4290 195 8383 6341 4294 2247 6344 6345 2252 4300 6348 4304 4305 2258 8402 4308 6356 2263 6359 2266 2267 224 4322 2277 230 234 2283 4331 4332 6379 239 4335 8433 242 6390 2300 8444 6399 256 2304 8450 4355 4359 4360 265 2313 8460 6416 4369 8464 276 2324 2329 6427 8477 2336 289 8484 2342 295 4392 298 300 2348 2350 8495 2353 8498 307 308 2358 8502 6456 8503 315 4413 6463 2377 2378 331 332 6477 8523 335 2386 2387 6484 2391 4439 4441 6488 350 351 8543 2401 8544 355 4451 4452 6501 6502 360 6505 8550 8554 4463 8560 373 374 2422 4469 4472 6517 8573 388 8580 8584 8586 8588 397 8591 400 2449 8593 405 2453 407 2456 2455 6549 8602 416 417 4512 4514 6563 426 6572 430 2478 4526 8632 6585 6588 8637 2494 6590 2496 2500 4549 4550 4553 4555 461 2514 6610 4564 469 6611 4567 4568 473 2521 8660 478 2527 2529 483 8677 4582 487 2537 491 8689 8694 2556 8700 8705 516 519 2569 2576 4624 8721 532 4629 2582 539 4637 8739 8741 6695 2600 553 6697 2603 8744 4653 8747 8752 2611 8755 4661 8757 4664 8761 6715 574 4677 2632 585 4680 4683 8777 8779 4687 592 4688 4692 4693 8788 599 6744 8794 2652 6755 4708 2663 6762 6763 8811 6766 8814 2672 2673 4721 8815 4724 8821 630 4726 635 4731 2685 638 6779 6780 6781 8827 645 646 2693 2696 2697 4749 8846 6800 658 8851 661 664 2712 4762 6808 8857 671 672 673 2721 8863 676 8867 2726 2727 685 2736 689 8885 6839 6841 699 6845 4805 2760 2761 4808 4809 6859 8906 6865 722 4819 724 726 2775 728 2777 4823 4827 8926 2784 8930 4835 6884 8935 4840 8937 4844 8940 8943 753 8950 762 6907 8954 2813 2814 767 768 6911 8959 9109 776 778 8971 2829 6925 2831 6931 4884 789 790 2839 2840 2841 4885 6932 4892 6938 8989 4897 2850 803 804 6946 6953 2860 9007 4912 4916 6964 4918 6969 6973 6974 9022 4932 4935 6983 2889 9033 2892 846 6991 9038 850 2898 9043 4949 6999 4952 7004 2913 7009 4963 2919 2920 4968 2922 4970 7020 4975 9074 9077 886 889 890 2938 892 7033 2943 2944 7044 7047 907 9103 7058 915 9107 5013 918 2966 7061 2969 7064 7065 924 5020 7067 7071 9114 9117 9118 931 9122 933 2981 2983 7078 5034 9130 941 9134 943 945 9140 2999 5048 5052 5053 7102 3007 7103 7105 9150 963 964 5059 3016 7112 970 5066 3020 973 5069 975 7118 3025 978 5074 7120 5080 985 7128 5085 9184 997 998 3046 3047 5093 5097 9194 1005 9197 1007 9198 3059 5107 7156 7158 5113 3066 5115 7162 9211 1023 1025 9218 1029 3078 7179 1036 3085 7180 1040 9233 7188 7190 9238 1048 5148 1055 3108 5157 5161 5164 7212 1070 7215 1072 1073 1075 1079 5177 3130 7228 3137 9282 5190 3143 5191 3145 7239 1099 7245 3150 7246 5200 7247 5202 7248 9295 9299 5206 7256 5210 9308 5214 5215 1120 3168 3169 1123 3170 3172 1126 5220 7263 7265 7270 1131 9319 3184 7280 1138 3188 5239 3194 7291 1148 5244 7292 3199 3200 7297 9339 1155 9345 3205 9349 1159 7304 1164 7308 5263 7312 1169 7313 5268 1174 7319 1176 1177 1178 3225 5274 5277 7325 3231 3232 5281 7327 1187 3235 9372 1190 3239 3240 7338 1195 5294 1199 7342 1201 5297 3252 7349 9399 1208 3257 9400 3267 7364 5318 7366 5320 7372 3278 3279 9431 5336 3289 7386 9433 3292 1245 3293 5340 7392 9437 5347 5348 1253 1255 5354 5355 1261 3311 3316 7412 1270 5366 7415 1273 9465 9467 7420 5375 7426 7431 5387 1298 5395 3350 5404 1310 5406 7456 5410 5416 7464 7466 5421 7471 5425 3378 5426 3380 5428 7476 1335 1336 5433 7479 5437 1343 7487 3393 3397 7493 5447 7503 5456 3412 3413 7508 3420 3421 7518 5471 7521 1378 1380 5484 3437 5486 5489 7538 5495 1402 3450 3452 5499 7546 1408 3458 1412 5508 5509 7559 7560 3465 5514 7563 7564 7565 3470 1423 1425 5525 1431 7578 1435 1436 1439 3490 5539 7592 3499 5551 1458 3519 5567 3521 1475 1476 5573 1478 7623 7624 3530 3533 7629 3535 1488 1492 1504 7651 5604 7652 7654 3562 5610 5612 5613 7659 3567 1520 7661 3577 3579 3580 1533 7677 3583 7687 5642 1550 5646 1552 5648 7695 5654 1561 1563 7708 5661 3614 5664 5668 7717 1578 7724 3629 3630 5678 7727 1590 1597 5694 1607 7752 3658 5706 5708 3661 5709 7757 3666 5716 7765 5721 1631 3685 7782 1640 5742 3697 3703 5751 5752 7799 3707 5755 7803 5758 5759 3713 1668 7822 3729 7826 7829 1691 1692 3742 1697 7846 3752 5800 7852 1709 3757 7855 5808 3766 7865 5822 3777 3781 7877 1735 3785 1738 5833 1740 7882 7883 7886 5840 1746 7892 5848 1755 3804 5851 7899 7900 7901 1761 1762 7911 7913 1770 7916 1773 3821 7918 5878 7927 1784 7928 1791 7935 1793 7938 7939 3844 5892 3846 3847 7940 7941 7943 1803 5899 9312 3856 7956 1815 5912 1821 3871 5919 1826 7971 7975 5932 5935 3889 1843 3891 5942 3896 7994 5947 7998 1859 1863 1865 8009 8011 8013 5966 5967 8015 8016 8017 5975 8023 1883 5979 8027 1888 3938 1892 3941 3943 5992 1897 8041 1901 3950 3952 8050 1911 8058 1916 3964 1918 3970 8070 8082 1940 8084 1942 3993 8091 6045 8099 8100 6055 4009 4010 6058 8108 1968 6071 4024 4027 8124 6079 1984 6080 6082 1988 6084 8144 4050 8148 4056 2011 8160 8161 8162 2019 8163 2021 2023 8167 6121 6125 2033 4081 4083 2036 2037 6130 8177 8182 8185 2042 6139 2047 
2 3 8195 7 8 8201 10 8206 8208 8209 20 8217 34 35 36 8232 8234 8238 47 49 55 57 8252 65 78 8273 8275 8277 86 91 94 97 8290 8292 8294 105 8299 8306 116 8317 8324 135 8328 8342 8351 160 161 8353 8366 8367 176 8368 178 8370 8369 8374 8376 8381 190 197 204 205 206 207 8396 209 8397 213 8406 215 8411 220 8413 8414 225 226 8418 8422 8425 237 8430 8431 8434 249 253 8445 258 266 268 8471 281 282 287 288 290 293 294 296 299 8492 8493 8497 309 311 8509 8513 322 8517 330 8526 8529 8531 8536 8540 354 8556 365 8558 369 370 378 8575 8587 402 8596 408 8606 418 421 422 424 428 8624 437 441 8635 452 8644 8655 465 8658 8669 8678 8679 489 492 8684 8686 498 500 501 8695 8697 8701 510 8702 8707 518 522 8715 8718 527 530 8724 8725 534 8727 8729 542 543 544 8737 547 8740 8742 558 8751 560 562 569 8762 8764 579 8772 583 8776 8778 8780 595 597 8789 600 8793 602 605 8797 608 8800 8806 616 618 620 622 625 8818 628 8824 639 8832 8833 642 8840 8845 654 8858 8865 675 677 8870 8871 682 8876 686 688 8881 690 8882 695 697 8889 8897 710 711 8907 8909 8917 8922 738 746 749 754 8946 760 761 771 772 773 8965 8966 783 791 794 8991 8992 8994 811 812 9004 9005 815 9006 9009 9010 9017 829 832 9025 834 838 9030 9034 9035 845 9041 9042 852 9045 9047 856 857 859 860 9056 866 9062 871 9065 875 876 878 880 9082 9085 894 896 9088 898 9089 9092 902 9096 9105 914 9112 922 926 9123 9124 937 940 9132 9136 947 9144 9147 957 960 961 9153 967 9159 971 972 9163 9168 983 9177 989 9183 995 1004 1008 1009 9202 1011 9204 1014 9208 9217 9222 1031 1038 9232 1047 9240 1050 9242 9245 9246 9248 1058 9250 1062 9254 9255 1065 9258 9261 1074 9267 1076 9268 1082 1083 1085 9277 1087 9281 1096 1097 1104 1109 1110 9302 1118 1121 9313 9314 1124 9322 1136 1142 9334 9337 1146 1152 1158 9353 9356 1166 9361 1175 9368 9375 9382 1191 1193 9388 1200 9393 1203 9395 1210 1212 1213 9409 1218 9410 9417 9428 1237 1254 9449 9460 9468 1277 1285 1297 1300 1305 1314 1315 1317 1323 1337 1340 1341 1344 1358 1361 1362 1364 1366 1382 1389 1390 1391 1403 1407 1414 1415 1419 1422 1424 1427 1432 1454 1466 1467 1472 1473 1474 1481 1489 1490 1493 1495 1506 1508 1551 1555 1556 1558 1564 1572 1574 1575 1576 1586 1593 1595 1599 1606 1608 1612 1613 1615 1625 1633 1638 1648 1650 1664 1672 1674 1678 1679 1685 1702 1727 1730 1741 1742 1745 1753 1754 1756 1763 1767 1778 1790 1804 1809 1811 1829 1833 1844 1846 1852 1867 1868 1876 1882 1894 1922 1927 1931 1936 1954 1961 1974 1979 1997 2012 2015 2016 2027 2029 2030 2044 2048 2053 2067 2070 2084 2103 2109 2110 2115 2117 2132 2137 2139 2143 2151 2152 2153 2156 2158 2160 2193 2196 2214 2215 2217 2218 2221 2229 2251 2254 2260 2265 2271 2276 2281 2282 2291 2292 2295 2305 2309 2310 2312 2315 2332 2343 2375 2379 2388 2390 2406 2408 2413 2414 2428 2429 2445 2448 2454 2459 2473 2477 2485 2505 2509 2511 2512 2513 2525 2535 2549 2561 2566 2575 2591 2596 2599 2606 2609 2617 2618 2620 2628 2629 2633 2647 2664 2671 2690 2694 2701 2702 2703 2718 2722 2731 2738 2746 2747 2749 2752 2758 2765 2770 2771 2785 2791 2792 2794 2795 2798 2807 2808 2816 2826 2837 2848 2849 2858 2861 2871 2886 2887 2891 2896 2899 2903 2914 2924 2928 2936 2942 2945 2951 2959 2963 2968 2973 2975 2976 2982 2984 2994 3005 3006 3015 3017 3026 3028 3030 3045 3056 3057 3063 3069 3070 3076 3080 3088 3089 3091 3098 3101 3102 3103 3107 3117 3123 3124 3126 3138 3142 3152 3154 3156 3159 3163 3166 3183 3186 3190 3193 3207 3220 3221 3237 3243 3245 3246 3253 3254 3259 3272 3282 3287 3296 3297 3299 3300 3307 3321 3326 3327 3345 3346 3353 3362 3372 3373 3377 3388 3391 3403 3410 3411 3430 3439 3441 3442 3444 3449 3457 3466 3478 3480 3493 3495 3506 3516 3525 3526 3531 3534 3541 3545 3549 3551 3553 3557 3565 3572 3575 3578 3584 3593 3595 3596 3606 3626 3635 3636 3639 3643 3644 3651 3654 3660 3662 3669 3687 3688 3696 3699 3700 3705 3706 3710 3711 3714 3715 3717 3722 3731 3735 3737 3740 3743 3748 3765 3775 3779 3783 3793 3794 3795 3806 3813 3816 3819 3828 3830 3831 3832 3834 3837 3845 3857 3860 3862 3863 3870 3876 3878 3882 3883 3893 3895 3900 3901 3907 3908 3916 3927 3932 3939 3940 3942 3946 3953 3958 3962 3980 3985 3996 4004 4019 4025 4035 4049 4057 4067 4069 4070 4073 4079 4080 4082 4084 4086 4106 4108 4110 4119 4124 4139 4142 4148 4155 4158 4160 4166 4186 4190 4200 4204 4206 4208 4223 4231 4249 4254 4255 4264 4270 4276 4291 4299 4302 4309 4310 4327 4330 4336 4340 4341 4356 4362 4365 4377 4379 4380 4383 4384 4385 4388 4405 4407 4411 4412 4418 4419 4425 4426 4435 4446 4459 4464 4466 4471 4473 4483 4484 4492 4504 4506 4516 4517 4518 4524 4533 4537 4539 4543 4552 4563 4572 4573 4575 4576 4580 4588 4590 4604 4610 4612 4613 4614 4615 4619 4626 4628 4630 4639 4648 4651 4655 4658 4659 4660 4667 4672 4699 4703 4713 4727 4732 4736 4739 4740 4745 4748 4750 4753 4759 4760 4763 4765 4766 4767 4769 4772 4773 4774 4776 4777 4778 4795 4799 4801 4813 4822 4854 4855 4859 4863 4872 4876 4878 4886 4895 4913 4919 4928 4931 4936 4945 4950 4960 4966 4967 4973 4978 4981 4991 5001 5008 5010 5019 5021 5022 5036 5042 5045 5068 5079 5089 5092 5106 5108 5116 5117 5118 5120 5126 5135 5137 5149 5150 5155 5163 5180 5192 5218 5226 5227 5233 5235 5236 5246 5256 5259 5265 5271 5289 5290 5316 5319 5327 5329 5338 5341 5344 5351 5353 5356 5360 5361 5369 5371 5378 5379 5381 5382 5390 5391 5392 5396 5403 5408 5411 5422 5431 5432 5436 5452 5453 5454 5458 5490 5492 5493 5521 5530 5531 5541 5546 5555 5565 5568 5583 5600 5601 5614 5616 5629 5634 5639 5643 5647 5653 5658 5663 5667 5671 5712 5713 5719 5734 5740 5745 5749 5750 5768 5769 5773 5781 5783 5785 5786 5801 5802 5803 5805 5806 5819 5828 5830 5838 5839 5845 5847 5861 5864 5872 5882 5889 5890 5900 5906 5917 5924 5930 5934 5937 5956 5959 5971 5972 5973 5978 6000 6004 6011 6014 6018 6019 6025 6027 6034 6035 6040 6049 6051 6059 6060 6066 6075 6076 6085 6095 6096 6098 6103 6105 6136 6145 6152 6156 6159 6162 6165 6175 6177 6199 6201 6207 6212 6217 6227 6238 6239 6240 6255 6269 6274 6276 6286 6297 6299 6302 6305 6311 6313 6319 6322 6325 6327 6330 6335 6336 6346 6350 6363 6373 6378 6385 6386 6387 6401 6403 6408 6420 6433 6439 6440 6444 6448 6451 6491 6492 6503 6504 6506 6514 6528 6529 6540 6545 6547 6551 6552 6555 6558 6573 6576 6580 6581 6586 6606 6621 6635 6639 6641 6643 6647 6669 6672 6676 6677 6684 6685 6686 6691 6696 6702 6704 6708 6709 6717 6723 6735 6737 6740 6743 6745 6747 6753 6758 6767 6770 6771 6773 6774 6787 6794 6823 6824 6828 6833 6834 6847 6852 6855 6863 6866 6870 6872 6875 6877 6881 6886 6891 6901 6902 6906 6909 6912 6913 6916 6921 6928 6944 6957 6960 6961 6965 6967 6977 6985 6988 6990 6992 6993 6996 7008 7012 7013 7022 7026 7029 7035 7043 7055 7056 7057 7062 7075 7097 7114 7125 7129 7131 7132 7133 7139 7144 7146 7147 7148 7161 7168 7169 7178 7183 7185 7195 7196 7202 7203 7207 7217 7226 7229 7233 7243 7254 7257 7258 7261 7268 7271 7274 7275 7278 7279 7288 7294 7305 7307 7321 7333 7336 7339 7340 7348 7362 7373 7374 7388 7389 7408 7409 7416 7421 7427 7428 7436 7439 7440 7451 7453 7459 7463 7477 7492 7500 7506 7513 7514 7516 7519 7529 7535 7536 7542 7545 7558 7562 7572 7579 7580 7583 7586 7594 7598 7609 7612 7613 7618 7626 7635 7637 7646 7670 7680 7683 7685 7689 7691 7697 7699 7701 7705 7712 7733 7739 7742 7746 7749 7755 7783 7784 7786 7787 7791 7793 7796 7802 7817 7824 7832 7848 7860 7867 7880 7884 7889 7894 7896 7898 7917 7930 7948 7955 7957 7966 7967 7982 7985 7995 8000 8005 8010 8014 8028 8032 8034 8037 8039 8046 8059 8061 8069 8076 8078 8079 8089 8092 8093 8110 8114 8119 8133 8136 8143 8146 8151 8172 8186 
8194 4 6 18 8216 31 8224 33 8230 41 8236 46 8239 51 52 8246 8251 8254 67 8259 8267 8272 81 83 89 90 95 96 8289 98 100 8295 8302 112 113 114 120 8313 124 8318 8322 8329 8330 8331 8334 144 153 8347 8348 162 165 8362 8364 179 8372 186 8378 8384 200 8393 8394 8395 8398 208 210 211 217 221 231 232 8423 8426 240 243 8435 8437 248 251 8449 260 269 272 278 279 8470 8474 286 8482 291 8486 8490 301 304 8499 8504 8505 8506 316 8512 321 8515 8516 325 326 327 8519 8521 8527 339 342 8534 8535 347 349 8541 356 8549 358 8555 367 371 8566 377 379 8572 398 8594 406 419 8613 429 433 435 8636 445 447 450 8643 8645 455 456 457 8647 459 460 8650 462 8651 8659 471 8665 8667 479 488 8680 8682 8685 496 497 8692 503 509 8703 512 8704 517 520 521 8713 8714 529 536 8735 8746 8748 557 8749 559 566 8765 8766 575 578 8770 586 588 8785 596 598 603 604 607 8802 612 613 617 8816 627 8819 8830 8831 643 8838 648 651 656 657 8849 659 8852 8853 8854 8856 665 669 8862 8864 8866 8869 8872 8873 691 692 8891 8894 704 8896 706 8901 8902 713 719 8918 8919 735 8928 742 8934 747 748 8939 8941 8942 752 8945 8951 8955 764 8961 8962 8964 8970 781 8973 8975 8978 792 8985 8986 8987 798 801 8995 8997 9000 9001 9002 814 816 9023 9024 9026 836 837 9029 841 843 9040 9046 9048 9049 861 9054 9057 867 9061 9066 9067 9070 879 9075 9078 887 888 891 9083 899 904 905 906 9097 9100 9102 9111 9113 9116 9121 9125 9127 9128 9135 9139 9141 950 952 9146 956 958 9157 968 9160 9162 9165 9169 9179 9182 994 9188 9189 999 9192 1001 1002 9207 9212 9216 1028 1030 1039 9231 1041 9237 1051 1052 1054 9247 1066 1067 1068 9262 1071 9269 9272 1081 9275 9280 9287 9289 9300 9301 1111 1113 1119 9317 1132 9324 1134 9330 1141 1145 9342 1151 9344 1154 9347 1157 9355 1168 1170 1171 9365 9367 9371 9373 1183 1184 1186 9387 1197 9389 9390 1202 1206 1209 9401 9405 9406 9407 1221 1223 1224 9415 9418 1230 9422 9423 1234 1241 9435 1247 1250 1251 1252 9442 9444 9447 9448 1257 9450 9451 1260 9454 1263 1265 9459 9461 9464 1276 1283 1287 1290 1291 1292 1296 1299 1301 1312 1313 1318 1328 1332 1334 1338 1342 1351 1352 1353 1355 1359 1372 1373 1374 1379 1384 1394 1404 1405 1409 1410 1413 1416 1420 1426 1430 1445 1448 1452 1457 1460 1463 1468 1470 1479 1501 1511 1521 1523 1524 1527 1530 1535 1538 1542 1565 1566 1584 1591 1603 1605 1620 1628 1630 1634 1641 1643 1651 1653 1654 1659 1662 1676 1682 1687 1689 1698 1706 1707 1718 1719 1724 1729 1732 1743 1748 1750 1757 1759 1764 1766 1774 1779 1787 1788 1792 1797 1808 1812 1838 1839 1842 1845 1851 1855 1857 1866 1869 1870 1872 1879 1880 1890 1907 1912 1913 1919 1925 1933 1952 1956 1962 1969 1970 1972 1978 1980 1983 1987 1990 1991 1996 2002 2003 2004 2008 2014 2025 2040 2046 2052 2059 2062 2065 2066 2069 2073 2081 2083 2085 2088 2090 2094 2095 2101 2102 2108 2118 2119 2120 2133 2135 2140 2154 2155 2157 2167 2172 2173 2184 2189 2200 2203 2205 2216 2219 2233 2237 2246 2250 2257 2280 2286 2287 2289 2290 2296 2299 2317 2321 2323 2326 2330 2333 2338 2339 2351 2363 2366 2369 2373 2380 2384 2394 2397 2400 2416 2417 2419 2425 2427 2432 2436 2441 2443 2450 2464 2472 2482 2495 2504 2507 2508 2523 2530 2532 2538 2540 2553 2572 2574 2583 2588 2589 2590 2594 2597 2605 2607 2610 2614 2615 2623 2624 2627 2634 2640 2644 2662 2667 2678 2680 2684 2688 2692 2695 2699 2704 2710 2717 2729 2748 2753 2757 2764 2783 2789 2799 2800 2802 2804 2805 2812 2823 2827 2830 2842 2845 2852 2854 2863 2864 2868 2869 2872 2877 2880 2883 2890 2895 2901 2906 2910 2929 2947 2948 2949 2962 2965 2974 2977 2978 2980 2996 2997 2998 3002 3003 3004 3010 3022 3048 3055 3062 3087 3090 3100 3111 3112 3116 3118 3132 3139 3141 3155 3162 3165 3176 3179 3180 3187 3201 3203 3215 3222 3223 3226 3228 3236 3251 3275 3276 3291 3294 3302 3305 3308 3313 3324 3329 3339 3340 3341 3354 3356 3358 3360 3375 3379 3381 3382 3384 3392 3394 3406 3417 3424 3427 3429 3438 3446 3455 3464 3468 3474 3475 3476 3489 3491 3494 3498 3501 3502 3504 3505 3511 3518 3522 3524 3527 3536 3537 3539 3540 3542 3543 3547 3555 3556 3558 3559 3561 3566 3568 3582 3585 3587 3597 3600 3604 3611 3612 3621 3627 3642 3650 3653 3655 3657 3665 3675 3678 3679 3682 3686 3693 3694 3708 3712 3718 3720 3723 3730 3739 3744 3753 3756 3762 3771 3772 3778 3780 3786 3790 3801 3808 3817 3820 3822 3823 3824 3829 3835 3842 3850 3851 3853 3854 3858 3886 3892 3899 3909 3912 3917 3924 3944 3956 3957 3961 3965 3966 3981 3982 3983 3986 3987 3989 3990 3992 3999 4006 4011 4013 4014 4018 4022 4030 4031 4032 4037 4038 4051 4052 4064 4066 4074 4095 4101 4103 4105 4107 4112 4113 4120 4126 4129 4132 4134 4135 4140 4146 4147 4153 4168 4170 4178 4182 4188 4189 4196 4198 4202 4213 4217 4220 4225 4233 4250 4259 4268 4271 4281 4283 4284 4286 4287 4288 4292 4295 4296 4301 4312 4316 4339 4342 4343 4353 4357 4358 4370 4375 4376 4378 4382 4386 4389 4394 4396 4398 4400 4432 4454 4456 4457 4467 4470 4479 4482 4487 4488 4496 4503 4515 4520 4522 4525 4527 4528 4532 4535 4536 4546 4558 4560 4561 4565 4569 4571 4583 4587 4607 4616 4617 4620 4622 4625 4627 4632 4634 4638 4654 4668 4669 4678 4682 4694 4697 4702 4705 4716 4730 4735 4738 4742 4746 4747 4754 4756 4781 4784 4788 4793 4807 4810 4825 4831 4833 4841 4842 4848 4850 4851 4852 4856 4857 4858 4860 4864 4869 4877 4880 4889 4890 4891 4896 4914 4920 4924 4942 4943 4944 4951 4954 4959 4962 4971 4976 4982 4998 5000 5002 5003 5005 5015 5040 5049 5050 5051 5076 5086 5088 5090 5095 5111 5125 5133 5142 5143 5156 5162 5165 5166 5167 5175 5176 5179 5181 5184 5195 5221 5222 5241 5245 5249 5250 5258 5270 5275 5280 5282 5284 5286 5293 5296 5298 5306 5307 5313 5314 5326 5337 5339 5342 5345 5362 5365 5368 5373 5374 5383 5385 5393 5400 5419 5427 5435 5439 5449 5450 5457 5461 5466 5474 5475 5478 5487 5491 5496 5504 5535 5537 5548 5557 5559 5560 5564 5572 5577 5578 5580 5581 5584 5586 5592 5594 5595 5596 5597 5598 5606 5609 5617 5620 5625 5650 5656 5660 5665 5669 5676 5690 5691 5704 5715 5732 5735 5743 5744 5754 5775 5778 5780 5782 5784 5804 5809 5824 5841 5842 5854 5859 5860 5865 5867 5880 5883 5898 5907 5909 5911 5916 5923 5945 5950 5953 5955 5976 5983 5985 5999 6012 6017 6020 6022 6026 6030 6037 6041 6048 6061 6074 6087 6089 6099 6106 6113 6132 6133 6138 6147 6161 6167 6169 6171 6172 6180 6182 6206 6208 6209 6210 6219 6220 6222 6226 6232 6244 6247 6253 6263 6265 6268 6279 6282 6289 6303 6316 6321 6329 6349 6352 6354 6365 6383 6398 6402 6410 6413 6426 6435 6438 6453 6464 6472 6473 6474 6475 6480 6487 6490 6497 6499 6500 6518 6521 6523 6524 6538 6548 6556 6559 6562 6564 6567 6569 6570 6575 6582 6584 6587 6591 6600 6601 6603 6608 6614 6616 6618 6619 6629 6638 6640 6642 6645 6650 6671 6681 6683 6687 6690 6693 6706 6710 6718 6719 6720 6727 6729 6730 6736 6738 6741 6749 6759 6772 6776 6783 6812 6816 6819 6821 6822 6826 6827 6830 6832 6835 6843 6853 6857 6858 6867 6889 6892 6894 6897 6898 6915 6917 6920 6922 6933 6950 6955 6962 6978 6981 7002 7021 7030 7034 7041 7051 7052 7059 7063 7069 7070 7076 7083 7084 7092 7094 7100 7104 7113 7115 7117 7127 7130 7138 7142 7152 7166 7172 7174 7211 7214 7218 7224 7225 7234 7238 7255 7259 7269 7276 7284 7295 7311 7318 7320 7328 7330 7344 7360 7363 7365 7369 7371 7376 7382 7387 7395 7399 7405 7411 7422 7423 7429 7435 7443 7445 7448 7449 7455 7460 7485 7488 7497 7499 7507 7512 7520 7528 7534 7537 7539 7548 7551 7557 7567 7568 7573 7584 7591 7596 7599 7601 7605 7606 7622 7628 7631 7642 7647 7648 7649 7660 7662 7667 7674 7676 7682 7692 7693 7696 7709 7711 7714 7719 7722 7723 7735 7743 7750 7760 7770 7771 7779 7788 7789 7794 7797 7801 7816 7818 7839 7840 7843 7844 7859 7863 7864 7871 7872 7893 7895 7908 7910 7922 7923 7924 7944 7945 7946 7947 7950 7953 7954 7958 7968 7972 7977 7984 7987 8002 8012 8035 8043 8045 8048 8060 8065 8066 8068 8081 8085 8097 8102 8111 8112 8121 8140 8142 8149 8150 8152 8154 8157 8159 8164 8171 8183 8187 8188 
8192 8197 8204 8210 8211 23 27 8219 37 8231 43 8243 8257 8258 8262 73 76 87 88 8281 8282 8284 99 101 108 109 8301 111 8307 122 126 132 133 8326 139 141 8333 145 8337 147 149 151 8346 158 166 8359 168 173 175 182 193 194 8387 198 201 203 8404 8408 218 8416 8420 8421 8424 235 8428 8429 8436 245 8439 8440 8441 250 252 254 259 261 8453 264 8458 8462 273 277 8469 280 8473 8476 8479 8480 292 8487 8496 314 318 8510 8511 329 338 343 344 345 8537 8538 359 8563 8565 384 387 8579 391 394 395 401 8598 8604 8610 8612 8614 8620 8622 431 8623 8628 8630 439 440 8633 448 449 8646 8652 8653 464 8656 466 467 470 472 8664 476 8671 480 481 8674 484 485 8683 493 494 495 8687 506 507 8699 8709 8711 8712 8719 8722 545 8743 552 555 8756 567 8769 580 581 8773 8774 587 590 8791 8796 8799 611 8804 614 615 8807 619 8812 624 8817 8820 8829 8835 8836 8837 650 8847 660 8855 8859 8860 8861 674 8868 683 684 8875 8877 8880 693 8892 702 703 705 709 8908 718 721 8913 8914 8916 727 8920 8924 734 736 8929 739 8931 8932 8933 743 744 745 8938 755 757 8949 775 8969 780 784 8976 8977 788 8981 8983 8988 799 800 8996 8998 807 809 810 9008 819 823 9021 830 9031 9032 9036 9037 849 854 9051 9052 9053 862 9058 9063 9072 881 897 9091 901 9093 9095 916 9110 919 920 9115 928 929 9120 932 934 9129 9131 9137 946 9138 949 951 9143 955 9148 9149 9154 965 966 969 9170 9172 981 9174 9178 991 996 9191 1006 1016 1017 9209 1021 1022 9213 9214 9215 9221 1033 1034 9226 9228 9235 1044 9239 1049 1056 1057 9249 9251 1060 9256 9257 1077 1078 1084 9276 1086 1088 1089 9284 1094 1095 9286 9288 9290 9292 9293 9294 1107 1117 1127 1130 1137 9329 1140 9332 1143 9336 9343 9350 1161 9357 9363 1172 9364 9366 9370 1182 1185 9379 9380 9381 1192 9384 1196 9392 9394 9396 1205 1207 1211 9404 9408 1217 9416 1226 1228 9420 9426 1239 1246 9438 1248 1249 9440 9441 9445 1256 1258 1262 9455 9456 9458 1269 9463 1274 9466 9469 1284 1288 1319 1325 1330 1331 1354 1363 1369 1381 1386 1418 1421 1434 1438 1440 1442 1446 1449 1450 1455 1459 1469 1471 1477 1480 1483 1497 1498 1499 1502 1515 1517 1519 1522 1526 1529 1531 1536 1537 1540 1545 1546 1547 1553 1554 1559 1567 1568 1569 1571 1573 1579 1580 1581 1583 1585 1587 1589 1596 1611 1616 1619 1623 1624 1626 1627 1629 1632 1639 1652 1663 1665 1675 1680 1681 1686 1690 1694 1703 1710 1716 1721 1731 1733 1744 1749 1769 1771 1772 1777 1781 1786 1796 1798 1800 1801 1807 1813 1814 1819 1823 1825 1827 1841 1849 1854 1886 1889 1896 1920 1921 1924 1929 1930 1938 1944 1950 1963 1967 1975 1976 1977 1992 1993 1995 1998 2005 2009 2017 2024 2026 2038 2051 2054 2064 2068 2075 2078 2080 2082 2096 2100 2104 2112 2121 2123 2127 2148 2149 2150 2159 2162 2168 2175 2177 2187 2188 2190 2209 2211 2226 2227 2232 2239 2243 2248 2269 2275 2288 2302 2303 2307 2318 2319 2335 2340 2352 2359 2364 2371 2381 2382 2385 2393 2395 2403 2407 2415 2430 2439 2447 2460 2463 2476 2480 2481 2484 2491 2497 2501 2502 2503 2515 2516 2520 2522 2539 2541 2548 2550 2551 2562 2564 2571 2573 2581 2585 2592 2593 2602 2613 2616 2625 2626 2631 2635 2638 2641 2648 2650 2655 2657 2659 2675 2682 2707 2713 2716 2723 2725 2739 2741 2743 2762 2763 2768 2774 2776 2781 2782 2790 2796 2810 2811 2818 2822 2825 2832 2856 2875 2881 2885 2897 2904 2911 2912 2916 2918 2926 2927 2931 2939 2941 2950 2956 2957 2960 2961 2964 2972 2985 2987 2988 2989 3001 3009 3032 3033 3034 3036 3041 3052 3060 3067 3071 3092 3093 3096 3104 3109 3120 3121 3122 3133 3135 3136 3140 3146 3147 3153 3157 3160 3167 3173 3175 3185 3189 3210 3211 3212 3214 3224 3227 3238 3241 3248 3266 3277 3284 3286 3301 3312 3314 3315 3317 3320 3322 3325 3333 3337 3348 3351 3359 3367 3368 3376 3383 3389 3390 3395 3400 3401 3408 3418 3423 3425 3426 3428 3448 3451 3460 3463 3467 3481 3483 3485 3492 3496 3497 3507 3513 3514 3520 3523 3538 3550 3554 3570 3581 3588 3592 3599 3601 3603 3605 3616 3624 3628 3631 3632 3633 3646 3648 3656 3659 3663 3664 3667 3668 3670 3671 3676 3684 3689 3692 3702 3719 3728 3738 3754 3760 3763 3764 3774 3782 3792 3799 3811 3818 3825 3827 3833 3838 3841 3848 3855 3866 3868 3872 3873 3877 3880 3881 3884 3885 3888 3894 3904 3910 3913 3915 3918 3919 3921 3922 3928 3929 3947 3951 3954 3955 3960 3967 3973 3974 3977 3994 3995 3997 4001 4002 4008 4036 4040 4045 4046 4048 4053 4054 4059 4061 4063 4071 4072 4077 4092 4100 4109 4117 4125 4141 4143 4144 4154 4156 4161 4162 4165 4167 4169 4173 4174 4181 4183 4193 4194 4197 4199 4201 4207 4210 4211 4219 4222 4235 4242 4245 4248 4251 4253 4258 4262 4269 4282 4285 4303 4306 4311 4319 4323 4325 4328 4334 4344 4364 4373 4374 4387 4395 4397 4399 4408 4417 4424 4438 4442 4445 4449 4453 4461 4465 4477 4480 4485 4491 4501 4502 4510 4519 4521 4529 4530 4531 4538 4547 4557 4559 4562 4581 4584 4585 4591 4593 4594 4608 4609 4618 4623 4640 4641 4642 4645 4663 4673 4681 4684 4685 4696 4715 4717 4719 4723 4743 4768 4785 4787 4792 4794 4797 4806 4814 4815 4817 4828 4834 4871 4874 4888 4894 4898 4900 4903 4907 4908 4910 4917 4925 4926 4927 4930 4957 4958 4961 4990 4994 4995 4996 5006 5009 5011 5023 5026 5028 5029 5030 5032 5035 5043 5044 5060 5065 5071 5084 5087 5096 5100 5101 5110 5128 5131 5136 5139 5147 5152 5158 5159 5160 5172 5183 5187 5188 5199 5204 5207 5208 5211 5217 5223 5230 5232 5243 5251 5252 5254 5260 5261 5266 5269 5278 5283 5299 5300 5301 5302 5303 5304 5308 5310 5330 5334 5335 5349 5352 5367 5370 5377 5380 5384 5389 5394 5397 5399 5402 5414 5417 5423 5424 5446 5465 5467 5473 5476 5481 5497 5500 5503 5512 5515 5518 5528 5538 5540 5544 5552 5553 5563 5566 5569 5575 5576 5582 5585 5589 5590 5628 5631 5638 5645 5652 5675 5684 5685 5696 5707 5710 5720 5738 5741 5753 5757 5760 5763 5770 5774 5791 5792 5793 5797 5825 5826 5829 5832 5835 5844 5870 5875 5877 5881 5884 5885 5886 5887 5888 5891 5895 5901 5903 5904 5910 5914 5918 5920 5922 5929 5936 5938 5946 5951 5952 5954 5958 5970 5974 5980 5986 5987 5991 6009 6010 6021 6028 6031 6032 6033 6036 6039 6042 6043 6056 6063 6065 6067 6083 6088 6090 6093 6100 6101 6117 6124 6126 6135 6146 6149 6150 6160 6173 6187 6193 6194 6195 6198 6213 6215 6218 6225 6229 6234 6235 6242 6249 6270 6278 6287 6294 6304 6306 6310 6318 6326 6332 6333 6338 6347 6361 6362 6377 6380 6391 6411 6418 6421 6429 6436 6441 6442 6443 6445 6446 6447 6454 6455 6459 6460 6465 6466 6469 6471 6481 6493 6494 6496 6508 6509 6516 6520 6526 6531 6532 6534 6536 6541 6543 6544 6550 6554 6560 6583 6592 6593 6594 6605 6612 6627 6630 6637 6644 6646 6661 6662 6664 6674 6675 6678 6680 6682 6692 6698 6724 6726 6733 6742 6746 6751 6754 6757 6764 6768 6769 6775 6777 6782 6789 6790 6798 6799 6802 6804 6807 6811 6818 6820 6837 6848 6873 6876 6885 6887 6895 6903 6905 6908 6910 6923 6926 6934 6935 6948 6958 6963 6971 6972 6976 6979 6986 6997 7000 7005 7007 7017 7018 7023 7028 7032 7036 7039 7045 7046 7060 7073 7074 7088 7089 7091 7101 7106 7110 7121 7123 7135 7136 7143 7155 7159 7160 7165 7170 7173 7184 7186 7187 7192 7198 7199 7208 7209 7213 7216 7220 7221 7223 7235 7242 7250 7251 7260 7273 7282 7289 7298 7299 7310 7315 7317 7329 7331 7332 7337 7345 7350 7357 7358 7370 7381 7385 7400 7403 7414 7417 7418 7425 7434 7437 7444 7452 7457 7462 7468 7470 7481 7491 7501 7505 7510 7517 7522 7524 7527 7531 7532 7540 7541 7549 7550 7553 7554 7555 7566 7574 7575 7576 7577 7589 7590 7593 7608 7614 7620 7621 7627 7630 7632 7634 7636 7653 7664 7668 7681 7690 7700 7702 7721 7731 7734 7736 7740 7754 7756 7766 7772 7776 7778 7804 7806 7807 7812 7815 7819 7828 7837 7842 7849 7851 7856 7858 7868 7870 7874 7878 7879 7887 7891 7907 7912 7914 7919 7929 7936 7937 7952 7963 7965 7979 7983 7993 8007 8020 8021 8029 8042 8047 8056 8064 8067 8072 8075 8080 8083 8090 8095 8096 8103 8105 8117 8123 8128 8130 8131 8137 8168 8169 8173 8175 8178 8189 
1 8193 8200 8202 8203 8205 19 8213 8214 28 8221 30 8225 8227 8228 8229 48 50 8244 53 8248 8250 60 62 68 69 70 71 8261 8265 75 8268 79 8271 82 8274 8278 8288 8293 102 103 104 8296 8297 8304 8305 117 8310 8315 128 8323 8325 134 8327 140 142 8335 8340 150 152 156 8352 8354 8355 8361 172 8371 181 8379 188 8386 199 202 8400 8403 212 8407 8410 219 8412 222 8417 228 233 8432 247 8447 8448 8452 8455 8457 267 8461 270 8463 274 8467 8468 8472 283 284 285 8475 8478 8481 8489 8494 8501 8507 317 8514 8518 8522 333 8528 337 8532 341 8539 8545 8548 8551 361 8562 372 8564 376 8570 8571 380 381 8574 383 8576 385 8577 389 396 8589 399 8592 403 8595 409 8605 414 415 8615 8625 434 8627 436 438 8631 8634 444 446 8639 8640 8642 451 453 454 8648 8649 458 463 8661 8662 8663 475 477 8673 482 8675 486 8681 8690 8691 8693 502 505 508 8710 523 8716 526 528 8720 535 8728 8730 540 541 8736 8738 548 549 551 8745 554 8750 8754 563 564 8758 8759 568 8760 570 571 8763 8768 577 8771 589 8782 591 8786 8787 8790 601 609 610 8808 8810 621 8813 623 626 8822 8823 8828 640 644 662 666 667 668 679 680 8884 8886 698 8890 701 8895 707 8899 8903 712 8904 8905 715 716 8910 720 725 8923 733 737 8936 751 8944 8947 756 8952 8953 763 8960 769 770 8967 8968 777 8972 782 785 786 787 793 8993 808 9003 817 818 9014 9015 824 9018 9019 828 9020 831 833 9027 839 840 842 848 9044 853 9050 864 865 868 9060 9064 873 9068 9071 9073 882 883 885 9079 9080 9086 9087 9090 900 9101 910 9104 913 9106 9108 923 927 9119 936 939 942 948 9142 953 9151 9155 979 982 984 986 992 993 9187 9193 1003 9195 9206 1015 1018 1020 1024 1026 1027 9219 9220 9224 1035 9229 9230 1042 1043 1045 1046 9253 1063 9259 1069 9263 9265 9278 9279 9283 1092 1093 9285 1098 1101 1103 1105 1106 9297 1108 1112 1114 1115 9306 9309 9311 1122 9315 9316 1125 1128 1135 9327 9331 1147 1149 1150 1153 9346 1156 9351 1160 1163 1165 9358 1167 9359 1180 1181 9374 9376 9377 9378 1189 9383 1194 9391 9397 9398 1214 1216 9413 1222 1225 1227 9429 9430 9432 9434 1244 9443 1259 9452 9453 1264 9457 1266 1267 1275 1278 1279 1280 1282 1289 1294 1304 1307 1308 1316 1322 1324 1327 1329 1333 1346 1347 1348 1350 1365 1368 1371 1375 1376 1383 1387 1388 1392 1393 1396 1398 1399 1401 1406 1411 1447 1453 1465 1491 1494 1500 1507 1509 1512 1518 1544 1548 1557 1560 1562 1570 1588 1594 1600 1601 1602 1604 1609 1617 1618 1622 1645 1646 1649 1655 1660 1661 1669 1671 1673 1695 1696 1700 1704 1708 1711 1712 1714 1715 1717 1723 1726 1728 1734 1747 1752 1765 1775 1776 1780 1782 1785 1795 1817 1824 1831 1834 1836 1848 1850 1853 1856 1862 1873 1875 1877 1885 1887 1895 1898 1900 1902 1903 1904 1905 1909 1914 1932 1960 1964 1971 1973 1986 1999 2000 2013 2028 2035 2041 2045 2056 2058 2072 2074 2087 2098 2099 2105 2106 2114 2116 2124 2128 2130 2131 2134 2138 2144 2145 2146 2161 2163 2166 2171 2197 2210 2212 2230 2231 2242 2245 2253 2255 2256 2259 2261 2262 2278 2279 2297 2298 2301 2308 2320 2322 2325 2337 2341 2345 2354 2355 2356 2361 2367 2370 2374 2376 2383 2398 2399 2409 2411 2418 2423 2424 2426 2431 2433 2434 2438 2457 2466 2471 2474 2475 2488 2489 2493 2499 2510 2526 2528 2531 2533 2534 2542 2544 2545 2546 2552 2555 2558 2563 2565 2580 2584 2587 2595 2608 2619 2637 2642 2651 2656 2660 2670 2686 2691 2700 2706 2709 2715 2719 2720 2728 2732 2733 2734 2737 2740 2742 2744 2750 2754 2755 2766 2767 2769 2786 2797 2803 2815 2820 2821 2828 2835 2836 2838 2844 2847 2851 2857 2865 2867 2873 2874 2878 2893 2894 2905 2907 2909 2921 2925 2953 2954 2955 2970 2986 2990 2993 3008 3012 3013 3014 3019 3023 3031 3035 3038 3043 3044 3051 3061 3064 3068 3074 3081 3082 3083 3084 3095 3106 3125 3129 3131 3148 3151 3164 3177 3181 3191 3195 3204 3213 3217 3250 3255 3263 3265 3269 3270 3274 3280 3285 3290 3298 3303 3309 3310 3328 3332 3335 3355 3365 3374 3386 3398 3399 3402 3404 3405 3407 3415 3416 3419 3422 3432 3433 3435 3440 3445 3456 3469 3472 3473 3482 3486 3488 3500 3508 3528 3529 3546 3548 3569 3574 3576 3591 3607 3610 3618 3619 3623 3625 3637 3647 3649 3672 3673 3674 3677 3680 3690 3691 3704 3709 3721 3724 3725 3726 3727 3732 3734 3736 3746 3747 3749 3750 3751 3759 3761 3770 3773 3784 3787 3797 3798 3805 3807 3810 3812 3826 3836 3839 3840 3852 3864 3874 3875 3890 3897 3898 3905 3911 3914 3934 3935 3945 3948 3963 3968 3969 3972 3979 3984 3988 3998 4000 4005 4007 4012 4015 4017 4021 4023 4026 4028 4042 4055 4060 4075 4085 4087 4089 4091 4093 4094 4099 4104 4114 4115 4116 4118 4121 4123 4138 4151 4163 4171 4172 4176 4177 4179 4180 4184 4185 4212 4216 4227 4232 4234 4236 4237 4240 4243 4261 4272 4279 4293 4313 4314 4317 4318 4320 4324 4326 4329 4338 4348 4349 4351 4354 4390 4391 4393 4401 4402 4404 4406 4409 4415 4416 4429 4430 4431 4433 4436 4440 4443 4444 4447 4474 4475 4478 4481 4486 4493 4495 4497 4498 4499 4505 4507 4523 4534 4540 4541 4544 4545 4548 4551 4554 4556 4566 4579 4586 4589 4592 4595 4596 4598 4600 4602 4603 4605 4611 4635 4652 4657 4670 4671 4675 4676 4679 4690 4691 4700 4701 4707 4710 4718 4722 4728 4733 4734 4741 4755 4757 4758 4761 4780 4783 4790 4791 4796 4798 4800 4804 4811 4816 4824 4829 4830 4836 4837 4838 4843 4846 4847 4849 4861 4867 4868 4870 4873 4883 4899 4901 4904 4909 4923 4937 4940 4941 4946 4947 4955 4956 4965 4974 4979 4985 4987 4989 4993 5012 5014 5024 5033 5038 5054 5057 5061 5062 5064 5067 5073 5081 5082 5083 5091 5094 5098 5099 5109 5114 5119 5121 5127 5129 5134 5141 5146 5153 5154 5169 5171 5178 5186 5193 5194 5197 5198 5203 5209 5213 5216 5219 5225 5231 5234 5242 5247 5253 5262 5267 5273 5276 5287 5288 5292 5312 5321 5324 5325 5328 5333 5346 5357 5358 5359 5388 5413 5418 5430 5434 5440 5445 5462 5464 5472 5477 5479 5480 5483 5494 5510 5517 5519 5527 5529 5533 5536 5543 5547 5549 5550 5554 5570 5574 5587 5588 5591 5593 5603 5608 5618 5619 5627 5630 5632 5633 5636 5640 5644 5649 5659 5662 5670 5672 5682 5683 5692 5699 5701 5705 5714 5717 5723 5724 5727 5728 5729 5731 5746 5762 5765 5766 5767 5772 5776 5777 5779 5788 5789 5790 5794 5798 5814 5815 5827 5846 5850 5852 5853 5862 5869 5871 5908 5915 5921 5926 5928 5933 5940 5943 5948 5949 5957 5960 5963 5964 5965 5969 5982 5988 5990 5993 5996 5998 6002 6003 6005 6008 6013 6015 6023 6038 6052 6054 6057 6062 6064 6073 6081 6086 6091 6094 6102 6104 6111 6112 6116 6122 6127 6128 6129 6142 6157 6163 6168 6170 6174 6178 6186 6196 6197 6200 6216 6221 6223 6224 6231 6236 6241 6245 6251 6257 6264 6267 6275 6280 6281 6293 6298 6301 6315 6317 6320 6331 6334 6339 6340 6351 6353 6355 6360 6364 6368 6371 6372 6388 6389 6392 6394 6395 6396 6397 6400 6406 6414 6415 6417 6424 6430 6434 6450 6457 6461 6462 6470 6476 6479 6482 6485 6486 6489 6495 6511 6512 6519 6525 6535 6537 6557 6561 6566 6574 6577 6589 6597 6598 6602 6607 6613 6617 6623 6628 6633 6634 6636 6648 6649 6652 6653 6654 6656 6660 6663 6666 6667 6668 6673 6679 6694 6699 6700 6701 6705 6711 6714 6725 6728 6750 6760 6761 6778 6785 6786 6788 6792 6793 6795 6797 6801 6803 6809 6810 6815 6817 6825 6836 6842 6846 6849 6850 6851 6860 6861 6868 6871 6874 6879 6888 6890 6900 6918 6930 6936 6941 6943 6945 6952 6959 6968 6975 6982 6987 6995 7003 7011 7024 7025 7049 7053 7066 7079 7081 7082 7085 7086 7093 7099 7108 7111 7116 7126 7137 7149 7154 7157 7164 7175 7176 7181 7182 7189 7197 7200 7210 7219 7222 7227 7236 7240 7241 7244 7252 7267 7272 7277 7281 7285 7286 7300 7303 7306 7309 7324 7326 7351 7353 7367 7368 7375 7377 7378 7379 7384 7391 7393 7394 7396 7397 7398 7402 7407 7410 7424 7430 7432 7433 7447 7461 7465 7467 7474 7475 7478 7480 7484 7489 7490 7494 7496 7502 7515 7530 7533 7581 7582 7585 7587 7588 7595 7611 7616 7619 7625 7638 7641 7644 7645 7656 7657 7658 7665 7671 7672 7673 7679 7684 7688 7703 7715 7716 7725 7726 7730 7732 7738 7741 7745 7748 7759 7762 7763 7768 7781 7798 7808 7809 7821 7827 7830 7831 7850 7854 7861 7862 7873 7875 7881 7885 7890 7897 7902 7915 7920 7925 7926 7931 7951 7959 7960 7973 7974 7976 7980 7981 7986 7990 7991 7996 8001 8004 8006 8008 8018 8030 8038 8051 8052 8054 8057 8062 8074 8077 8086 8087 8088 8098 8113 8115 8116 8125 8132 8135 8139 8145 8147 8156 8165 8180 8181 8191 
6144 2050 4098 6148 5 4102 2055 6153 6154 12 14 15 16 17 4111 8212 22 6166 26 4122 2077 2079 4127 4128 6176 4131 4133 6181 40 4136 8233 2091 2092 2093 6190 6191 8240 8241 8249 58 6204 61 2113 6211 4164 6214 74 2122 77 2125 8269 80 2129 84 85 6228 8276 8280 93 2142 4192 6246 6248 106 4203 8300 4209 6258 6259 8308 8309 4214 8312 2170 123 8316 125 4221 127 2176 129 2178 4224 2180 2181 2182 4228 4229 4230 8321 8332 6285 2191 2192 4239 146 2194 148 2195 2198 4247 6291 2201 2202 8343 6300 157 2206 159 2207 4256 4257 163 164 4260 8356 6312 4266 171 8363 8582 2224 177 8583 4275 4278 183 184 185 187 2238 192 2240 8385 196 2244 8388 8391 8392 2249 4297 4298 8399 4307 6357 214 6358 216 8184 8409 4315 2268 2270 223 2272 4321 2274 6366 6367 229 6369 6375 8415 2284 6381 238 6382 6384 241 4337 2293 246 2294 8438 4345 4346 4347 6393 8443 4350 8446 2306 8451 6404 6405 262 2311 8454 4361 6409 8459 6412 4366 271 4367 4368 8465 275 4371 6422 2327 2328 6423 6425 2331 6428 4381 2334 6431 6432 8483 2344 297 2346 2347 8488 8491 305 306 4403 6449 2357 310 6452 8609 313 2362 4410 8508 2365 4414 319 320 323 2372 4420 4421 4422 4423 6467 8520 4427 4428 8524 334 4434 8530 340 4437 346 348 2396 8542 352 353 2402 4448 8546 357 8547 8553 2410 6507 364 8557 366 6513 8561 4468 2421 375 8567 4476 382 6527 6530 2435 8578 2437 390 6533 2440 4489 2442 6539 2444 8581 2446 4494 6542 8585 2451 404 2452 4500 8599 8600 6553 410 2458 412 4509 2462 4511 8601 4513 8607 2467 420 2468 2469 423 6565 425 6568 427 8611 8617 8618 8619 8621 6578 8626 8629 2486 442 443 2490 2492 4542 8641 2498 6595 6596 6599 2506 6604 8654 468 2518 2519 474 2524 6620 8668 8670 8672 4577 6625 8676 6631 6632 2543 8688 499 4597 504 4601 8698 6651 4606 511 2560 513 514 6657 6658 6659 8706 2567 8708 2570 9059 8717 6670 2577 2579 533 8726 538 2586 8731 8732 8734 6688 4644 550 2598 4646 2601 4647 4650 556 2604 4656 561 565 4662 6712 4665 4666 572 573 8767 576 6721 582 2630 584 2636 6732 4686 2639 6734 593 594 2643 4689 2645 2646 6739 8783 8784 4698 8792 6748 2653 606 2654 4704 6752 4706 8795 6756 2661 4709 8801 8803 8805 8809 2669 6765 4720 2674 2677 4725 631 632 633 634 2679 2681 637 2683 2687 6784 641 8825 8826 647 6791 649 2698 8841 6796 653 8843 8844 2705 8850 663 2711 2714 6813 670 6814 4771 2724 2730 4779 4782 687 8878 4786 8883 4789 694 696 2745 6840 8888 700 6844 8893 4802 4803 708 2756 8900 2759 6856 714 4812 717 6862 8911 4818 8915 2772 4820 4821 6869 729 730 2778 2780 4826 8921 8925 4832 6880 6882 8927 740 2788 6893 750 2801 8948 4853 758 765 766 4862 8957 4866 2819 6914 8963 774 6919 2824 779 4875 8974 4879 6927 2833 4887 6937 2843 796 4893 2846 6939 6940 6942 802 8990 2853 806 2855 4902 6951 4906 2859 6954 813 4915 820 821 2870 6966 9016 825 826 4921 2876 6970 2879 6271 2882 835 2884 6272 6980 9028 2888 6984 4938 4939 6989 847 9039 6994 851 2900 855 2908 7006 7010 2915 4964 869 870 2917 872 7014 874 2923 4972 877 7015 7019 9069 4977 7027 2932 2933 2934 2935 4983 7031 4986 9076 2940 7038 895 4992 8319 2946 7042 4997 8320 4999 9094 9098 9099 5004 909 7054 911 912 5007 5017 5018 2971 7068 925 5027 9126 7080 938 9133 7087 5041 2995 5047 7096 9145 954 7098 959 5056 962 3011 7107 9156 9158 5063 9161 3018 3021 974 7119 976 977 3024 3027 5072 3029 5075 5077 5078 7122 8336 987 9175 3037 7134 9176 3040 9185 3042 7140 7141 9190 1000 3049 3050 7145 9196 3053 7150 5103 9200 5105 7153 9203 1013 5112 3065 9210 1019 7163 7167 5123 5124 3077 9223 1032 7177 9225 1037 3086 5138 5140 5144 3097 5145 7193 9243 5151 3105 7201 1059 7204 7205 7206 9166 3113 9167 3115 9260 3119 5168 9264 5173 5174 9270 1080 9273 9274 3134 7230 7232 5185 1090 1091 5189 9291 5196 3149 1102 7249 9298 7253 9304 9305 9307 5212 7262 9310 3174 9318 5224 9320 9321 9323 9325 9326 9328 9333 5238 7287 3192 9335 9338 3198 5248 3202 3206 7302 3208 3209 1162 3216 5264 9360 3219 8781 9362 5272 7322 3229 3230 5279 3233 3234 1188 7335 9385 3242 5291 3244 7341 5295 7343 3249 7346 1204 3256 3258 7354 3260 3261 3262 5309 3264 7361 9403 1219 5315 5317 9411 3271 9414 3273 5323 1229 9421 1232 1235 3283 5331 9427 7383 1240 3288 1242 1243 9436 3295 9439 5350 9446 3304 7401 3306 7404 5363 5364 3318 1271 9462 7419 5372 5376 1281 3331 1286 3338 5386 3342 7438 7442 3347 1302 3352 5401 1309 3357 1311 5405 5409 7454 3363 3364 5412 3366 5415 1320 3369 3370 7458 7469 1326 7472 7473 5429 7482 1339 7483 7486 1345 5441 5442 3396 1349 5444 7495 7498 5451 5455 1360 5459 5460 7509 3414 1367 5463 7511 1370 5469 5470 1377 7523 7526 3431 1385 5482 5485 5488 7604 3443 7543 1400 7544 5501 7552 5505 5506 3459 5507 3461 7556 5513 7561 5516 7569 7570 5523 1428 7571 3479 3484 5532 1441 1443 5542 5545 1451 7597 3503 7603 5556 1461 1462 3509 1464 3512 5558 5561 5562 3517 7607 7610 7615 7617 5571 1482 5579 1484 1485 1486 1487 7633 7639 3544 7640 7643 1503 3552 1505 5599 5602 7650 1510 3560 3563 1516 3564 7663 7666 1525 5621 5622 1528 7669 5626 1532 1534 7678 1539 5635 3589 5637 1543 5641 3594 3598 3602 5651 5655 3608 3609 5657 7704 7706 3613 7707 3615 7713 5666 7720 5673 5677 1582 5679 7728 5681 3634 3638 5686 1592 3640 5687 5688 5689 5693 1598 7737 7744 5698 7747 5700 5702 5703 1610 1614 5711 7758 7761 7764 1621 5718 7767 7769 5722 5725 7773 7774 3681 7777 1635 3683 7780 5736 7785 1642 1644 1647 3695 3698 5747 5748 3701 1656 1657 7800 5756 5761 1666 1667 3716 7810 1670 7811 5771 7820 7825 1683 1684 3733 1688 7833 5787 7835 1693 3741 7836 3745 7841 1699 5795 1701 5796 7845 7847 3755 7853 3758 1713 7857 5811 5813 3767 1720 3768 1722 5817 5818 1725 5821 5823 3776 7869 5831 1736 1737 1739 3788 5836 5837 3791 7888 5843 3796 1751 3800 5849 3802 3803 5855 1760 5856 7906 7909 3815 1768 5876 5879 7933 7934 1794 3843 5893 5894 1799 7942 1802 1805 1806 7949 3859 3865 5913 3867 7961 7962 1822 7964 7969 5925 1830 7978 1835 5931 3887 5939 7988 5941 7989 5944 3902 1858 8003 1860 1861 1864 5962 1874 3923 8019 1878 3926 8022 1881 5977 8026 1884 3937 1891 8036 8040 5994 1899 5997 6001 8049 1908 6006 3959 6007 8055 1915 1917 8063 6016 3975 6024 8073 6029 1935 1937 1939 3991 1945 1946 1947 1948 1949 6044 1951 6046 6050 4003 1957 6053 8101 8106 8107 1965 8109 4016 4020 6068 6069 6070 6072 8118 6077 1982 6078 8127 1985 4033 4034 8129 4039 4041 4043 4044 6092 8141 4047 2006 2007 8153 2010 4058 6107 6108 4062 6110 8155 4065 2018 6114 2020 4068 2022 6118 6120 8166 8170 6123 4076 4078 2031 8176 2034 6131 6134 2039 4088 6137 2043 6140 6141 8190 
3072 2817 1923 9348 2568 4744 1429 3349 2199 6806 8341 7834 7323 9244 8733 3487 2465 6947 678 9386 6571 1198 2862 2991 4911 8879 3645 6205 3903 7999 8255 7876 6731 3532 8525 5201 2517 1238 2902 2392 858 8798 2658 3434 363 5611 7790 2032 1139 2420 1397 3319 3453 
1871 
5122 
9354 
9303 
7171 2979 8485 
1989 
8666 
2708 
5443 
3622 
432 
4090 
4929 72 2316 1677 3323 255 
