0 771
0 810
0 813
1 422
1 875
1 915
2 815
2 976
2 987
3 753
3 897
3 996
4 216
4 832
4 890
5 207
5 803
5 937
6 140
6 947
6 996
7 82
7 707
7 948
8 450
8 495
8 927
9 884
9 963
9 998
10 496
10 646
10 989
11 126
11 263
11 884
12 34
12 202
12 906
13 363
13 405
13 638
14 117
14 399
14 622
15 456
15 769
15 981
16 798
16 854
16 917
17 282
17 782
17 956
18 910
18 919
18 972
19 887
19 975
19 997
20 681
20 715
20 951
21 458
21 870
21 949
22 849
22 954
22 966
23 453
23 809
23 948
24 873
24 911
24 958
25 825
25 963
25 999
26 407
26 984
26 996
27 468
27 592
27 794
28 267
28 785
28 869
29 969
29 974
29 998
30 804
30 836
30 884
31 202
31 423
31 966
32 205
32 810
32 973
33 576
33 852
33 944
34 12
34 801
34 981
35 354
35 905
35 979
36 890
36 974
36 978
37 669
37 742
37 819
38 873
38 876
38 992
39 233
39 886
39 943
40 806
40 900
40 989
41 622
41 742
41 959
42 587
42 743
42 977
43 661
43 823
43 872
44 802
44 944
44 947
45 197
45 208
45 818
46 354
46 937
46 979
47 813
47 958
47 963
48 660
48 970
48 976
49 958
49 970
49 975
50 725
50 899
50 908
51 63
51 942
51 982
52 719
52 784
52 980
53 537
53 780
53 992
54 349
54 689
54 996
55 650
55 919
55 987
56 272
56 692
56 967
57 931
57 968
57 978
58 417
58 682
58 690
59 249
59 728
59 997
60 417
60 654
60 996
61 694
61 980
61 994
62 173
62 346
62 932
63 51
63 374
63 891
64 328
64 876
64 916
65 981
65 988
65 999
66 735
66 862
66 975
67 296
67 367
67 867
68 876
68 923
68 992
69 487
69 532
69 842
70 269
70 300
70 836
71 737
71 819
71 994
72 100
72 483
72 924
73 974
73 986
73 990
74 683
74 908
74 972
75 516
75 774
75 917
76 698
76 935
76 985
77 738
77 937
77 968
78 303
78 972
78 999
79 664
79 920
79 975
80 229
80 847
80 987
81 723
81 990
81 991
82 7
82 856
82 962
83 294
83 651
83 867
84 131
84 847
84 853
85 406
85 673
85 978
86 767
86 877
86 993
87 974
87 979
87 987
88 953
88 958
88 994
89 556
89 824
89 989
90 735
90 916
90 978
91 941
91 968
91 973
92 343
92 898
92 990
93 697
93 806
93 986
94 599
94 694
94 725
95 693
95 957
95 998
96 470
96 473
96 951
97 746
97 788
97 928
98 869
98 979
98 998
99 181
99 308
99 911
100 72
100 721
100 906
101 608
101 857
101 882
102 700
102 884
102 946
103 597
103 900
103 985
104 451
104 817
104 991
105 659
105 667
105 790
106 811
106 883
106 996
107 668
107 720
107 987
108 689
108 853
108 912
109 445
109 924
109 988
110 200
110 384
110 396
111 489
111 860
111 921
112 507
112 986
112 998
113 909
113 916
113 999
114 115
114 472
114 839
115 114
115 889
115 980
116 119
116 734
116 903
117 14
117 210
117 847
118 889
118 973
118 995
119 116
119 905
119 950
120 598
120 814
120 940
121 308
121 934
121 938
122 858
122 977
122 984
123 836
123 935
123 995
124 782
124 825
124 865
125 948
125 964
125 977
126 11
126 478
126 562
127 295
127 798
127 901
128 501
128 926
128 959
129 602
129 939
129 982
130 862
130 864
130 975
131 84
131 564
131 928
132 619
132 848
132 912
133 244
133 443
133 460
134 414
134 967
134 989
135 562
135 907
135 999
136 342
136 557
136 991
137 909
137 976
137 995
138 506
138 836
138 980
139 885
139 968
139 987
140 6
140 971
140 978
141 408
141 932
141 968
142 778
142 899
142 933
143 748
143 980
143 993
144 364
144 890
144 992
145 677
145 680
145 915
146 600
146 733
146 962
147 247
147 343
147 906
148 928
148 963
148 988
149 368
149 709
149 911
150 589
150 849
150 940
151 894
151 963
151 980
152 979
152 982
152 988
153 936
153 983
153 990
154 716
154 894
154 937
155 823
155 885
155 922
156 521
156 991
156 992
157 776
157 835
157 975
158 786
158 954
158 996
159 365
159 763
159 831
160 242
160 362
160 792
161 771
161 984
161 998
162 187
162 529
162 571
163 917
163 965
163 984
164 290
164 580
164 868
165 616
165 787
165 990
166 773
166 877
166 996
167 797
167 980
167 999
168 740
168 910
168 986
169 581
169 692
169 955
170 649
170 698
170 958
171 628
171 726
171 986
172 571
172 834
172 870
173 62
173 522
173 931
174 288
174 945
174 993
175 666
175 676
175 776
176 620
176 958
176 977
177 222
177 833
177 960
178 631
178 781
178 920
179 524
179 978
179 988
180 672
180 681
180 849
181 99
181 420
181 464
182 818
182 893
182 980
183 962
183 975
183 976
184 605
184 764
184 781
185 908
185 993
185 995
186 339
186 745
186 789
187 162
187 837
187 971
188 760
188 878
188 989
189 515
189 572
189 976
190 357
190 570
190 890
191 915
191 952
191 982
192 599
192 854
192 891
193 279
193 400
193 640
194 784
194 942
194 965
195 833
195 931
195 997
196 240
196 820
196 970
197 45
197 351
197 938
198 347
198 703
198 874
199 484
199 630
199 800
200 110
200 876
200 934
201 252
201 897
201 981
202 12
202 31
202 727
203 543
203 598
203 851
204 410
204 789
204 984
205 32
205 831
205 979
206 550
206 923
206 976
207 5
207 921
207 971
208 45
208 277
208 994
209 853
209 878
209 997
210 117
210 324
210 721
211 712
211 940
211 987
212 829
212 887
212 955
213 621
213 933
213 962
214 828
214 982
214 991
215 690
215 930
215 995
216 4
216 554
216 582
217 752
217 764
217 979
218 535
218 694
218 724
219 815
219 838
219 908
220 860
220 872
220 935
221 689
221 915
221 993
222 177
222 810
222 945
223 536
223 564
223 970
224 610
224 939
224 997
225 906
225 949
225 953
226 299
226 836
226 926
227 475
227 511
227 726
228 254
228 876
228 911
229 80
229 691
229 995
230 469
230 744
230 992
231 279
231 828
231 942
232 491
232 496
232 962
233 39
233 903
233 945
234 579
234 637
234 983
235 522
235 562
235 856
236 530
236 969
236 986
237 462
237 666
237 772
238 540
238 848
238 889
239 899
239 939
239 972
240 196
240 782
240 795
241 727
241 739
241 973
242 160
242 979
242 996
243 736
243 839
243 932
244 133
244 386
244 988
245 800
245 810
245 962
246 821
246 947
246 992
247 147
247 620
247 898
248 711
248 940
248 982
249 59
249 974
249 994
250 257
250 419
250 900
251 939
251 951
251 995
252 201
252 491
252 850
253 264
253 844
253 997
254 228
254 400
254 582
255 537
255 660
255 811
256 740
256 821
256 979
257 250
257 885
257 957
258 295
258 947
258 986
259 438
259 847
259 992
260 930
260 959
260 981
261 538
261 553
261 631
262 722
262 892
262 979
263 11
263 387
263 944
264 253
264 916
264 995
265 419
265 964
265 985
266 686
266 755
266 949
267 28
267 887
267 933
268 642
268 955
268 974
269 70
269 318
269 863
270 776
270 866
270 969
271 883
271 889
271 950
272 56
272 980
272 992
273 744
273 834
273 996
274 776
274 943
274 990
275 458
275 780
275 878
276 834
276 921
276 990
277 208
277 939
277 968
278 819
278 821
278 958
279 193
279 231
279 891
280 679
280 879
280 972
281 959
281 985
281 993
282 17
282 636
282 895
282 959
283 813
283 925
283 935
283 936
284 752
284 932
284 965
284 998
285 738
285 786
285 932
285 980
286 514
286 818
286 860
286 899
287 535
287 783
287 800
287 974
288 174
288 433
288 728
288 948
289 323
289 399
289 613
289 955
290 164
290 954
290 961
290 998
291 789
291 876
291 882
291 980
292 506
292 509
292 907
292 929
293 371
293 736
293 848
293 903
294 83
294 366
294 950
294 990
295 127
295 258
295 356
295 596
296 67
296 838
296 902
296 923
297 470
297 504
297 871
297 912
298 675
298 834
298 929
298 932
299 226
299 338
299 768
299 948
300 70
300 544
300 952
300 988
301 525
301 671
301 716
301 894
302 448
302 864
302 941
302 993
303 78
303 688
303 766
303 851
304 560
304 821
304 975
304 977
305 836
305 952
305 954
305 997
306 618
306 871
306 934
306 976
307 881
307 949
307 958
307 959
308 99
308 121
308 714
308 765
309 667
309 740
309 753
309 969
310 574
310 686
310 852
310 985
311 577
311 867
311 890
311 901
312 476
312 628
312 960
312 975
313 316
313 470
313 848
313 896
314 685
314 752
314 822
314 857
315 437
315 642
315 763
315 949
316 313
316 439
316 951
316 988
317 938
317 970
317 980
317 986
318 269
318 533
318 661
318 836
319 570
319 737
319 868
319 875
320 956
320 978
320 990
320 991
321 583
321 599
321 993
321 999
322 637
322 787
322 791
322 975
323 289
323 862
323 930
323 980
324 210
324 622
324 732
324 993
325 607
325 755
325 975
325 987
326 717
326 778
326 814
326 954
327 402
327 693
327 969
327 995
328 64
328 710
328 834
328 965
329 819
329 874
329 889
329 955
330 490
330 573
330 605
330 787
331 332
331 491
331 494
331 842
332 331
332 579
332 978
332 998
333 921
333 943
333 953
333 994
334 811
334 833
334 841
334 879
335 696
335 955
335 995
335 999
336 809
336 837
336 926
336 981
337 568
337 724
337 943
337 989
338 299
338 669
338 838
338 866
339 186
339 727
339 914
339 977
340 790
340 938
340 966
340 982
341 403
341 862
341 877
341 947
342 136
342 870
342 951
342 995
343 92
343 147
343 626
343 922
344 431
344 793
344 949
344 989
345 680
345 887
345 963
345 990
346 62
346 834
346 926
346 956
347 198
347 692
347 843
347 851
348 624
348 881
348 931
348 982
349 54
349 499
349 706
349 871
350 536
350 551
350 650
350 851
351 197
351 575
351 626
351 942
352 430
352 604
352 928
352 956
353 447
353 895
353 988
353 997
354 35
354 46
354 934
354 953
355 404
355 528
355 692
355 726
356 295
356 947
356 955
356 997
357 190
357 572
357 855
357 935
358 381
358 844
358 902
358 998
359 576
359 843
359 950
359 992
360 500
360 679
360 982
360 999
361 560
361 875
361 976
361 982
362 160
362 850
362 880
362 947
363 13
363 834
363 916
363 983
364 144
364 743
364 917
364 930
365 159
365 627
365 900
365 930
366 294
366 434
366 601
366 962
367 67
367 382
367 717
367 948
368 149
368 375
368 650
368 879
369 657
369 687
369 829
369 998
370 791
370 954
370 988
370 990
371 293
371 565
371 971
371 982
372 643
372 852
372 976
372 997
373 511
373 865
373 970
373 976
374 63
374 899
374 991
374 994
375 368
375 611
375 885
375 939
376 489
376 825
376 841
376 993
377 398
377 498
377 877
377 944
378 720
378 867
378 892
378 997
379 616
379 642
379 769
379 863
380 488
380 729
380 876
380 893
381 358
381 488
381 558
381 632
382 367
382 970
382 971
382 983
383 755
383 836
383 860
383 885
384 110
384 884
384 898
384 986
385 422
385 429
385 507
385 816
386 244
386 901
386 919
386 954
387 263
387 473
387 630
387 969
388 611
388 885
388 939
388 984
389 651
389 705
389 813
389 864
390 557
390 744
390 968
390 976
391 533
391 686
391 921
391 960
392 551
392 565
392 606
392 988
393 426
393 509
393 902
393 918
394 615
394 704
394 899
394 921
395 699
395 961
395 988
395 990
396 110
396 593
396 722
396 870
397 464
397 613
397 796
397 955
398 377
398 821
398 881
398 992
399 14
399 289
399 740
399 819
400 193
400 254
400 909
400 994
401 572
401 863
401 980
401 985
402 327
402 941
402 960
402 998
403 341
403 587
403 709
403 861
404 355
404 653
404 907
404 964
405 13
405 665
405 748
405 963
406 85
406 784
406 918
406 984
407 26
407 625
407 768
407 909
408 141
408 596
408 637
408 988
409 909
409 923
409 943
409 988
410 204
410 573
410 934
410 943
411 516
411 838
411 940
411 979
412 471
412 903
412 933
412 977
413 424
413 860
413 888
413 970
414 134
414 844
414 865
414 996
415 928
415 970
415 974
415 980
416 535
416 573
416 942
416 944
417 58
417 60
417 848
417 972
418 785
418 805
418 830
418 972
419 250
419 265
419 459
419 678
420 181
420 899
420 925
420 960
421 514
421 529
421 730
421 874
422 1
422 385
422 909
422 977
423 31
423 845
423 885
423 946
424 413
424 746
424 985
424 993
425 820
425 891
425 975
425 989
426 393
426 776
426 851
426 969
427 453
427 505
427 761
427 961
428 864
428 906
428 966
428 994
429 385
429 803
429 869
429 999
430 352
430 952
430 992
430 997
431 344
431 827
431 979
431 986
432 861
432 876
432 950
432 995
433 288
433 738
433 803
433 855
434 366
434 742
434 816
434 853
435 821
435 898
435 943
435 984
436 578
436 785
436 974
436 981
437 315
437 474
437 968
437 992
438 259
438 565
438 680
438 962
439 316
439 627
439 884
439 896
440 584
440 749
440 905
440 929
441 945
441 951
441 964
441 982
442 909
442 961
442 964
442 972
443 133
443 857
443 989
443 997
444 924
444 957
444 975
444 996
445 109
445 761
445 951
445 998
446 814
446 903
446 969
446 970
447 353
447 480
447 711
447 753
448 302
448 596
448 808
448 934
449 737
449 757
449 918
449 967
450 8
450 646
450 953
450 984
451 104
451 629
451 734
451 854
451 985
452 627
452 817
452 880
452 943
452 990
453 23
453 427
453 559
453 786
453 991
454 621
454 804
454 845
454 893
454 944
455 541
455 696
455 887
455 933
455 988
456 15
456 568
456 643
456 939
456 953
457 744
457 844
457 902
457 937
457 979
458 21
458 275
458 464
458 513
458 956
459 419
459 728
459 801
459 883
459 902
460 133
460 742
460 857
460 913
460 944
461 463
461 481
461 548
461 873
461 914
462 237
462 747
462 793
462 835
462 890
463 461
463 720
463 793
463 965
463 967
464 181
464 397
464 458
464 835
464 995
465 476
465 624
465 840
465 874
465 965
466 814
466 832
466 850
466 921
466 937
467 766
467 878
467 949
467 983
467 995
468 27
468 656
468 880
468 947
468 994
469 230
469 890
469 900
469 921
469 983
470 96
470 297
470 313
470 777
470 974
471 412
471 569
471 953
471 989
471 997
472 114
472 672
472 760
472 866
472 916
473 96
473 387
473 707
473 885
473 961
474 437
474 751
474 864
474 925
474 999
475 227
475 824
475 846
475 930
475 935
476 312
476 465
476 710
476 792
476 897
477 579
477 818
477 827
477 930
477 969
478 126
478 824
478 863
478 943
478 991
479 508
479 551
479 779
479 904
479 994
480 447
480 781
480 941
480 969
480 977
481 461
481 847
481 915
481 964
481 984
482 809
482 839
482 841
482 842
482 948
483 72
483 508
483 512
483 917
483 996
484 199
484 870
484 898
484 959
484 998
485 604
485 843
485 895
485 913
485 917
486 555
486 726
486 753
486 928
486 997
487 69
487 770
487 903
487 918
487 951
488 380
488 381
488 571
488 982
488 987
489 111
489 376
489 494
489 780
489 957
490 330
490 591
490 631
490 778
490 943
491 232
491 252
491 331
491 686
491 979
492 500
492 523
492 901
492 948
492 977
493 700
493 704
493 741
493 914
493 964
494 331
494 489
494 847
494 967
494 985
495 8
495 817
495 919
495 926
495 975
496 10
496 232
496 688
496 709
496 770
497 623
497 889
497 899
497 905
497 969
498 377
498 513
498 775
498 845
498 930
499 349
499 657
499 897
499 927
499 931
500 360
500 492
500 783
500 921
500 933
501 128
501 634
501 712
501 917
501 965
502 687
502 711
502 869
502 973
502 983
503 694
503 752
503 898
503 969
503 972
504 297
504 633
504 655
504 970
504 998
505 427
505 743
505 746
505 984
505 985
506 138
506 292
506 527
506 938
506 969
507 112
507 385
507 875
507 879
507 996
508 479
508 483
508 826
508 922
508 959
509 292
509 393
509 829
509 982
509 990
510 752
510 801
510 903
510 948
510 996
511 227
511 373
511 874
511 984
511 989
512 483
512 775
512 804
512 840
512 932
513 458
513 498
513 772
513 959
513 969
514 286
514 421
514 782
514 894
514 946
515 189
515 743
515 915
515 961
515 976
516 75
516 411
516 721
516 858
516 964
517 595
517 800
517 887
517 931
517 978
518 614
518 958
518 969
518 997
518 999
519 623
519 828
519 877
519 971
519 986
520 758
520 897
520 957
520 971
520 994
521 156
521 690
521 730
521 888
521 945
522 173
522 235
522 717
522 923
522 996
523 492
523 739
523 747
523 871
523 900
524 179
524 528
524 664
524 870
524 998
525 301
525 708
525 862
525 929
525 994
526 561
526 791
526 963
526 967
526 985
527 506
527 533
527 660
527 711
527 994
528 355
528 524
528 646
528 805
528 837
529 162
529 421
529 844
529 968
529 988
530 236
530 955
530 963
530 970
530 980
531 813
531 862
531 873
531 893
531 927
532 69
532 751
532 907
532 967
532 982
533 318
533 391
533 527
533 872
533 952
534 782
534 883
534 934
534 940
534 956
535 218
535 287
535 416
535 780
535 960
536 223
536 350
536 723
536 789
536 913
537 53
537 255
537 723
537 992
537 994
538 261
538 635
538 892
538 965
538 983
539 689
539 775
539 872
539 954
539 985
540 238
540 849
540 872
540 897
540 989
541 455
541 588
541 864
541 965
541 995
542 731
542 899
542 938
542 944
542 995
543 203
543 692
543 740
543 785
543 994
544 300
544 562
544 707
544 990
544 997
545 645
545 656
545 974
545 984
545 990
546 884
546 911
546 921
546 956
546 978
547 551
547 914
547 965
547 987
547 991
548 461
548 737
548 829
548 869
548 929
549 750
549 810
549 880
549 897
549 972
550 206
550 808
550 819
550 866
550 956
551 350
551 392
551 479
551 547
551 717
552 553
552 642
552 796
552 845
552 927
553 261
553 552
553 877
553 949
553 988
554 216
554 862
554 948
554 985
554 999
555 486
555 681
555 994
555 996
555 997
556 89
556 714
556 830
556 863
556 904
557 136
557 390
557 738
557 791
557 895
558 381
558 797
558 834
558 875
558 943
558 982
559 453
559 727
559 886
559 940
559 958
559 987
560 304
560 361
560 635
560 928
560 976
560 998
561 526
561 701
561 888
561 918
561 935
561 988
562 126
562 135
562 235
562 544
562 563
562 886
563 562
563 903
563 919
563 966
563 973
563 978
564 131
564 223
564 746
564 758
564 920
564 924
565 371
565 392
565 438
565 615
565 629
565 835
566 655
566 720
566 859
566 952
566 984
566 985
567 607
567 695
567 903
567 955
567 958
567 967
568 337
568 456
568 738
568 941
568 952
568 967
569 471
569 628
569 855
569 913
569 978
569 993
570 190
570 319
570 832
570 910
570 961
570 971
571 162
571 172
571 488
571 634
571 836
571 983
572 189
572 357
572 401
572 726
572 783
572 928
573 330
573 410
573 416
573 741
573 764
573 768
574 310
574 744
574 780
574 808
574 904
574 916
575 351
575 756
575 890
575 892
575 937
575 942
576 33
576 359
576 728
576 762
576 768
576 869
577 311
577 646
577 779
577 872
577 979
577 991
578 436
578 590
578 627
578 882
578 914
578 963
579 234
579 332
579 477
579 706
579 780
579 998
580 164
580 584
580 662
580 714
580 835
580 980
581 169
581 679
581 701
581 867
581 910
581 967
582 216
582 254
582 602
582 740
582 984
582 997
583 321
583 636
583 917
583 968
583 983
583 989
584 440
584 580
584 767
584 866
584 930
584 974
585 744
585 760
585 910
585 927
585 932
585 960
586 666
586 753
586 915
586 968
586 976
586 982
587 42
587 403
587 722
587 746
587 800
587 816
588 541
588 748
588 814
588 920
588 966
588 990
589 150
589 788
589 808
589 815
589 934
589 965
590 578
590 825
590 891
590 923
590 957
590 995
591 490
591 769
591 838
591 884
591 921
591 964
592 27
592 670
592 859
592 945
592 952
592 964
593 396
593 625
593 896
593 904
593 925
593 983
594 701
594 792
594 886
594 917
594 964
594 970
595 517
595 662
595 703
595 733
595 931
595 996
596 295
596 408
596 448
596 625
596 935
596 982
597 103
597 633
597 675
597 858
597 974
597 987
598 120
598 203
598 671
598 825
598 851
598 982
599 94
599 192
599 321
599 602
599 884
599 932
600 146
600 680
600 713
600 732
600 910
600 987
601 366
601 776
601 888
601 893
601 991
601 998
602 129
602 582
602 599
602 842
602 961
602 984
603 668
603 842
603 866
603 928
603 972
603 979
604 352
604 485
604 735
604 899
604 924
604 954
605 184
605 330
605 849
605 885
605 904
605 977
606 392
606 693
606 718
606 933
606 995
606 999
607 325
607 567
607 695
607 712
607 762
607 877
608 101
608 767
608 888
608 977
608 989
608 992
609 668
609 846
609 901
609 910
609 928
609 960
610 224
610 710
610 768
610 786
610 963
610 986
611 375
611 388
611 617
611 757
611 989
611 997
612 727
612 907
612 936
612 939
612 944
612 960
613 289
613 397
613 759
613 933
613 993
613 996
614 518
614 748
614 844
614 847
614 936
614 993
615 394
615 565
615 743
615 923
615 959
615 997
616 165
616 379
616 881
616 971
616 972
616 986
617 611
617 712
617 777
617 931
617 983
617 986
618 306
618 777
618 860
618 947
618 966
618 980
619 132
619 821
619 935
619 949
619 956
619 962
620 176
620 247
620 636
620 753
620 925
620 959
621 213
621 454
621 874
621 950
621 965
621 987
622 14
622 41
622 324
622 640
622 978
622 992
623 497
623 519
623 670
623 859
623 928
623 984
624 348
624 465
624 807
624 963
624 966
624 985
625 407
625 593
625 596
625 818
625 894
625 981
626 343
626 351
626 798
626 879
626 922
626 940
627 365
627 439
627 452
627 578
627 695
627 916
628 171
628 312
628 569
628 943
628 954
628 995
629 451
629 565
629 665
629 880
629 996
629 999
630 199
630 387
630 673
630 696
630 852
630 912
631 178
631 261
631 490
631 905
631 983
631 984
632 381
632 738
632 843
632 951
632 957
632 992
633 504
633 597
633 743
633 825
633 845
633 988
634 501
634 571
634 764
634 805
634 823
634 883
634 985
635 538
635 560
635 729
635 874
635 901
635 921
635 931
636 282
636 583
636 620
636 735
636 926
636 946
636 981
637 234
637 322
637 408
637 639
637 693
637 761
637 970
638 13
638 739
638 766
638 856
638 940
638 957
638 991
639 637
639 729
639 790
639 894
639 916
639 938
639 967
640 193
640 622
640 859
640 927
640 982
640 994
640 997
641 669
641 818
641 873
641 929
641 953
641 983
641 998
642 268
642 315
642 379
642 552
642 731
642 854
642 946
643 372
643 456
643 733
643 740
643 816
643 820
643 941
644 855
644 919
644 927
644 932
644 990
644 991
644 999
645 545
645 911
645 924
645 970
645 977
645 993
645 996
646 10
646 450
646 528
646 577
646 894
646 961
646 991
647 660
647 790
647 797
647 808
647 896
647 972
647 973
648 737
648 788
648 894
648 897
648 905
648 982
648 999
649 170
649 804
649 925
649 938
649 958
649 963
649 999
650 55
650 350
650 368
650 847
650 974
650 975
650 979
651 83
651 389
651 762
651 794
651 843
651 880
651 955
652 753
652 903
652 937
652 949
652 952
652 968
652 993
653 404
653 659
653 786
653 815
653 914
653 979
653 991
654 60
654 784
654 831
654 916
654 936
654 970
654 980
655 504
655 566
655 783
655 913
655 977
655 986
655 999
656 468
656 545
656 657
656 788
656 838
656 946
656 971
657 369
657 499
657 656
657 839
657 844
657 918
657 997
658 698
658 724
658 731
658 770
658 919
658 937
658 996
659 105
659 653
659 708
659 817
659 881
659 961
659 991
660 48
660 255
660 527
660 647
660 850
660 983
660 999
661 43
661 318
661 677
661 815
661 872
661 978
661 989
662 580
662 595
662 664
662 667
662 941
662 949
662 990
663 703
663 772
663 802
663 978
663 983
663 990
663 992
664 79
664 524
664 662
664 855
664 868
664 961
664 979
665 405
665 629
665 668
665 900
665 924
665 976
665 990
666 175
666 237
666 586
666 692
666 937
666 978
666 998
667 105
667 309
667 662
667 716
667 840
667 863
667 924
668 107
668 603
668 609
668 665
668 673
668 855
668 918
669 37
669 338
669 641
669 676
669 759
669 837
669 975
670 592
670 623
670 705
670 831
670 881
670 941
670 954
671 301
671 598
671 757
671 858
671 865
671 951
671 952
672 180
672 472
672 833
672 839
672 901
672 911
672 996
673 85
673 630
673 668
673 913
673 936
673 981
673 982
674 744
674 896
674 946
674 984
674 990
674 992
674 996
675 298
675 597
675 773
675 887
675 938
675 950
675 977
676 175
676 669
676 702
676 703
676 743
676 934
676 993
677 145
677 661
677 815
677 835
677 869
677 905
677 941
678 419
678 699
678 755
678 824
678 863
678 868
678 950
679 280
679 360
679 581
679 765
679 910
679 946
679 992
680 145
680 345
680 438
680 600
680 834
680 864
680 998
681 20
681 180
681 555
681 779
681 849
681 911
681 914
682 58
682 701
682 714
682 885
682 936
682 987
682 995
683 74
683 752
683 801
683 886
683 923
683 953
683 972
684 791
684 829
684 897
684 920
684 950
684 980
684 986
685 314
685 703
685 754
685 904
685 932
685 973
685 978
686 266
686 310
686 391
686 491
686 942
686 972
686 986
687 369
687 502
687 707
687 788
687 931
687 939
687 956
688 303
688 496
688 867
688 955
688 975
688 988
688 996
689 54
689 108
689 221
689 539
689 771
689 906
689 994
690 58
690 215
690 521
690 928
690 943
690 952
690 994
691 229
691 770
691 818
691 915
691 938
691 965
691 985
692 56
692 169
692 347
692 355
692 543
692 666
692 702
693 95
693 327
693 606
693 637
693 902
693 955
693 976
694 61
694 94
694 218
694 503
694 715
694 730
694 929
695 567
695 607
695 627
695 804
695 805
695 828
695 856
695 984
696 335
696 455
696 630
696 704
696 887
696 899
696 907
696 960
697 93
697 702
697 805
697 956
697 969
697 970
697 980
697 992
698 76
698 170
698 658
698 784
698 840
698 912
698 942
698 962
699 395
699 678
699 755
699 827
699 870
699 898
699 940
699 981
700 102
700 493
700 701
700 722
700 855
700 902
700 946
700 992
701 561
701 581
701 594
701 682
701 700
701 891
701 898
701 966
702 676
702 692
702 697
702 883
702 947
702 963
702 995
702 997
703 198
703 595
703 663
703 676
703 685
703 706
703 849
703 950
704 394
704 493
704 696
704 734
704 859
704 944
704 973
704 979
705 389
705 670
705 949
705 951
705 963
705 971
705 984
705 991
706 349
706 579
706 703
706 847
706 879
706 912
706 979
706 998
707 7
707 473
707 544
707 687
707 708
707 933
707 939
707 969
708 525
708 659
708 707
708 860
708 882
708 905
708 980
708 993
709 149
709 403
709 496
709 725
709 754
709 771
709 892
709 956
710 328
710 476
710 610
710 839
710 852
710 863
710 981
710 998
711 248
711 447
711 502
711 527
711 768
711 890
711 905
711 977
712 211
712 501
712 607
712 617
712 805
712 845
712 930
712 952
713 600
713 865
713 910
713 927
713 964
713 975
713 979
713 999
714 308
714 556
714 580
714 682
714 811
714 958
714 960
714 973
715 20
715 694
715 771
715 781
715 870
715 884
715 995
715 996
716 154
716 301
716 667
716 858
716 871
716 889
716 976
716 998
717 326
717 367
717 522
717 551
717 901
717 938
717 965
717 999
718 606
718 724
718 738
718 889
718 958
718 967
718 973
718 994
719 52
719 757
719 792
719 808
719 887
719 890
719 928
719 997
720 107
720 378
720 463
720 566
720 745
720 922
720 945
720 957
721 100
721 210
721 516
721 802
721 835
721 970
721 980
721 988
722 262
722 396
722 587
722 700
722 813
722 871
722 886
722 920
723 81
723 536
723 537
723 888
723 910
723 951
723 974
723 984
724 218
724 337
724 658
724 718
724 725
724 832
724 934
724 997
725 50
725 94
725 709
725 724
725 826
725 857
725 925
725 988
726 171
726 227
726 355
726 486
726 572
726 923
726 965
726 993
727 202
727 241
727 339
727 559
727 612
727 773
727 913
727 919
728 59
728 288
728 459
728 576
728 747
728 828
728 871
728 968
729 380
729 635
729 639
729 822
729 938
729 939
729 953
729 992
730 421
730 521
730 694
730 836
730 870
730 918
730 939
730 983
731 542
731 642
731 658
731 837
731 842
731 846
731 975
731 985
732 324
732 600
732 735
732 895
732 940
732 959
732 975
732 979
733 146
733 595
733 643
733 817
733 856
733 875
733 965
733 994
734 116
734 451
734 704
734 802
734 854
734 931
734 951
734 995
735 66
735 90
735 604
735 636
735 732
735 905
735 946
735 955
736 243
736 293
736 739
736 801
736 812
736 841
736 848
736 886
737 71
737 319
737 449
737 548
737 648
737 912
737 931
737 985
737 987
738 77
738 285
738 433
738 557
738 568
738 632
738 718
738 890
738 962
739 241
739 523
739 638
739 736
739 751
739 906
739 922
739 974
739 993
740 168
740 256
740 309
740 399
740 543
740 582
740 643
740 760
740 972
741 493
741 573
741 883
741 897
741 940
741 966
741 987
741 989
741 998
742 37
742 41
742 434
742 460
742 769
742 866
742 923
742 958
742 960
743 42
743 364
743 505
743 515
743 615
743 633
743 676
743 901
743 987
744 230
744 273
744 390
744 457
744 574
744 585
744 674
744 748
744 979
745 186
745 720
745 781
745 922
745 989
745 995
745 996
745 997
745 999
746 97
746 424
746 505
746 564
746 587
746 946
746 981
746 989
746 995
747 462
747 523
747 728
747 756
747 764
747 821
747 858
747 988
747 998
748 143
748 405
748 588
748 614
748 744
748 876
748 898
748 908
748 914
749 440
749 763
749 768
749 824
749 835
749 936
749 962
749 977
749 991
750 549
750 780
750 873
750 920
750 947
750 949
750 956
750 973
750 987
751 474
751 532
751 739
751 774
751 820
751 857
751 912
751 974
751 982
752 217
752 284
752 314
752 503
752 510
752 683
752 925
752 938
752 989
753 3
753 309
753 447
753 486
753 586
753 620
753 652
753 783
753 993
754 685
754 709
754 877
754 927
754 957
754 960
754 986
754 992
754 994
755 266
755 325
755 383
755 678
755 699
755 800
755 902
755 906
755 920
756 575
756 747
756 781
756 837
756 846
756 909
756 932
756 958
756 990
757 449
757 611
757 671
757 719
757 811
757 814
757 973
757 980
757 983
758 520
758 564
758 819
758 826
758 907
758 925
758 960
758 964
758 991
759 613
759 669
759 782
759 832
759 852
759 871
759 907
759 926
759 980
760 188
760 472
760 585
760 740
760 811
760 827
760 926
760 950
760 961
761 427
761 445
761 637
761 796
761 799
761 809
761 827
761 867
761 878
762 576
762 607
762 651
762 773
762 962
762 974
762 979
762 987
762 994
763 159
763 315
763 749
763 812
763 820
763 886
763 957
763 972
763 979
764 184
764 217
764 573
764 634
764 747
764 771
764 883
764 919
764 974
765 308
765 679
765 823
765 848
765 872
765 971
765 978
765 982
765 992
766 303
766 467
766 638
766 769
766 827
766 881
766 903
766 930
766 934
767 86
767 584
767 608
767 915
767 945
767 947
767 953
767 969
767 983
768 299
768 407
768 573
768 576
768 610
768 711
768 749
768 898
768 975
769 15
769 379
769 591
769 742
769 766
769 854
769 954
769 973
769 998
770 487
770 496
770 658
770 691
770 791
770 795
770 890
770 898
770 935
771 0
771 161
771 689
771 709
771 715
771 764
771 923
771 976
771 986
772 237
772 513
772 663
772 829
772 891
772 930
772 936
772 970
772 980
772 990
773 166
773 675
773 727
773 762
773 830
773 840
773 897
773 915
773 960
773 976
774 75
774 751
774 782
774 859
774 903
774 916
774 922
774 939
774 952
774 993
775 498
775 512
775 539
775 947
775 952
775 972
775 983
775 986
775 993
775 998
776 157
776 175
776 270
776 274
776 426
776 601
776 795
776 822
776 925
776 971
777 470
777 617
777 618
777 778
777 840
777 843
777 852
777 902
777 906
777 929
778 142
778 326
778 490
778 777
778 812
778 855
778 935
778 944
778 982
778 995
779 479
779 577
779 681
779 792
779 795
779 880
779 919
779 933
779 964
779 983
780 53
780 275
780 489
780 535
780 574
780 579
780 750
780 949
780 970
780 992
781 178
781 184
781 480
781 715
781 745
781 756
781 794
781 879
781 909
781 931
782 17
782 124
782 240
782 514
782 534
782 759
782 774
782 786
782 883
782 936
783 287
783 500
783 572
783 655
783 753
783 839
783 908
783 936
783 953
783 977
784 52
784 194
784 406
784 654
784 698
784 786
784 904
784 934
784 961
784 987
785 28
785 418
785 436
785 543
785 787
785 828
785 871
785 913
785 982
785 984
786 158
786 285
786 453
786 610
786 653
786 782
786 784
786 843
786 863
786 928
787 165
787 322
787 330
787 785
787 801
787 856
787 981
787 982
787 991
787 994
788 97
788 589
788 648
788 656
788 687
788 809
788 956
788 962
788 976
788 977
789 186
789 204
789 291
789 536
789 802
789 860
789 920
789 950
789 963
789 980
790 105
790 340
790 639
790 647
790 879
790 886
790 912
790 951
790 971
790 995
791 322
791 370
791 526
791 557
791 684
791 770
791 829
791 894
791 975
791 986
792 160
792 476
792 594
792 719
792 779
792 825
792 910
792 938
792 963
792 984
793 344
793 462
793 463
793 843
793 852
793 929
793 937
793 975
793 989
793 995
794 27
794 651
794 781
794 851
794 877
794 922
794 949
794 978
794 994
794 995
795 240
795 770
795 776
795 779
795 913
795 932
795 949
795 957
795 981
795 995
796 397
796 552
796 761
796 847
796 935
796 956
796 968
796 978
796 996
796 999
797 167
797 558
797 647
797 826
797 843
797 943
797 970
797 980
797 983
797 991
798 16
798 127
798 626
798 799
798 863
798 876
798 891
798 912
798 927
798 971
799 761
799 798
799 805
799 859
799 922
799 941
799 954
799 975
799 981
799 986
800 199
800 245
800 287
800 517
800 587
800 755
800 894
800 913
800 946
800 963
801 34
801 459
801 510
801 683
801 736
801 787
801 863
801 883
801 929
801 988
802 44
802 663
802 721
802 734
802 789
802 890
802 891
802 904
802 952
802 992
803 5
803 429
803 433
803 917
803 921
803 935
803 945
803 953
803 978
803 987
804 30
804 454
804 512
804 649
804 695
804 878
804 925
804 936
804 942
804 993
805 418
805 528
805 634
805 695
805 697
805 712
805 799
805 922
805 933
805 950
806 40
806 93
806 809
806 822
806 869
806 937
806 950
806 966
806 977
806 986
807 624
807 810
807 828
807 831
807 856
807 857
807 935
807 945
807 955
807 998
808 448
808 550
808 574
808 589
808 647
808 719
808 862
808 901
808 936
808 967
808 991
809 23
809 336
809 482
809 761
809 788
809 806
809 910
809 920
809 932
809 963
809 996
810 0
810 32
810 222
810 245
810 549
810 807
810 850
810 890
810 896
810 925
810 975
811 106
811 255
811 334
811 714
811 757
811 760
811 840
811 934
811 945
811 952
811 953
812 736
812 763
812 778
812 858
812 872
812 883
812 919
812 955
812 971
812 975
812 995
813 0
813 47
813 283
813 389
813 531
813 722
813 842
813 899
813 908
813 960
813 999
814 120
814 326
814 446
814 466
814 588
814 757
814 815
814 864
814 871
814 993
814 996
815 2
815 219
815 589
815 653
815 661
815 677
815 814
815 816
815 871
815 883
815 984
816 385
816 434
816 587
816 643
816 815
816 830
816 858
816 868
816 878
816 904
816 987
817 104
817 452
817 495
817 659
817 733
817 820
817 852
817 908
817 910
817 956
817 996
818 45
818 182
818 286
818 477
818 625
818 641
818 691
818 899
818 916
818 979
818 985
819 37
819 71
819 278
819 329
819 399
819 550
819 758
819 826
819 983
819 997
819 998
820 196
820 425
820 643
820 751
820 763
820 817
820 878
820 966
820 972
820 982
820 990
821 246
821 256
821 278
821 304
821 398
821 435
821 619
821 747
821 850
821 926
821 974
822 314
822 729
822 776
822 806
822 823
822 831
822 922
822 937
822 949
822 951
822 956
823 43
823 155
823 634
823 765
823 822
823 900
823 930
823 940
823 959
823 984
823 993
824 89
824 475
824 478
824 678
824 749
824 851
824 898
824 909
824 933
824 959
824 967
824 989
825 25
825 124
825 376
825 590
825 598
825 633
825 792
825 842
825 872
825 955
825 985
825 992
826 508
826 725
826 758
826 797
826 819
826 861
826 882
826 924
826 929
826 968
826 975
826 983
827 431
827 477
827 699
827 760
827 761
827 766
827 853
827 889
827 934
827 958
827 981
827 984
828 214
828 231
828 519
828 695
828 728
828 785
828 807
828 926
828 956
828 960
828 981
828 994
829 212
829 369
829 509
829 548
829 684
829 772
829 791
829 834
829 947
829 970
829 980
829 996
830 418
830 556
830 773
830 816
830 860
830 898
830 920
830 930
830 951
830 956
830 981
830 987
831 159
831 205
831 654
831 670
831 807
831 822
831 867
831 879
831 926
831 943
831 976
831 994
832 4
832 466
832 570
832 724
832 759
832 842
832 849
832 853
832 862
832 924
832 945
832 950
833 177
833 195
833 334
833 672
833 862
833 869
833 875
833 876
833 887
833 976
833 978
833 996
834 172
834 273
834 276
834 298
834 328
834 346
834 363
834 558
834 680
834 829
834 907
834 958
835 157
835 462
835 464
835 565
835 580
835 677
835 721
835 749
835 915
835 916
835 989
835 996
836 30
836 70
836 123
836 138
836 226
836 305
836 318
836 383
836 571
836 730
836 862
836 913
837 187
837 336
837 528
837 669
837 731
837 756
837 886
837 920
837 950
837 958
837 981
837 995
838 219
838 296
838 338
838 411
838 591
838 656
838 874
838 877
838 908
838 938
838 948
838 962
839 114
839 243
839 482
839 657
839 672
839 710
839 783
839 876
839 928
839 945
839 952
839 964
840 465
840 512
840 667
840 698
840 773
840 777
840 811
840 859
840 900
840 957
840 968
840 969
841 334
841 376
841 482
841 736
841 860
841 899
841 927
841 941
841 949
841 970
841 979
841 983
841 992
842 69
842 331
842 482
842 602
842 603
842 731
842 813
842 825
842 832
842 852
842 872
842 894
842 914
843 347
843 359
843 485
843 632
843 651
843 777
843 786
843 793
843 797
843 881
843 926
843 969
843 993
844 253
844 358
844 414
844 457
844 529
844 614
844 657
844 846
844 850
844 909
844 931
844 987
844 994
845 423
845 454
845 498
845 552
845 633
845 712
845 880
845 927
845 957
845 976
845 977
845 988
845 989
846 475
846 609
846 731
846 756
846 844
846 851
846 852
846 863
846 915
846 926
846 942
846 992
846 996
847 80
847 84
847 117
847 259
847 481
847 494
847 614
847 650
847 706
847 796
847 853
847 946
847 959
848 132
848 238
848 293
848 313
848 417
848 736
848 765
848 887
848 907
848 962
848 969
848 976
848 994
849 22
849 150
849 180
849 540
849 605
849 681
849 703
849 832
849 905
849 918
849 972
849 977
849 994
850 252
850 362
850 466
850 660
850 810
850 821
850 844
850 857
850 868
850 896
850 960
850 966
850 981
851 203
851 303
851 347
851 350
851 426
851 598
851 794
851 824
851 846
851 878
851 887
851 922
851 925
852 33
852 310
852 372
852 630
852 710
852 759
852 777
852 793
852 817
852 842
852 846
852 888
852 917
853 84
853 108
853 209
853 434
853 827
853 832
853 847
853 867
853 888
853 893
853 898
853 967
853 975
854 16
854 192
854 451
854 642
854 734
854 769
854 857
854 866
854 919
854 956
854 959
854 976
854 996
855 357
855 433
855 569
855 644
855 664
855 668
855 700
855 778
855 897
855 906
855 919
855 963
855 986
856 82
856 235
856 638
856 695
856 733
856 787
856 807
856 857
856 877
856 878
856 912
856 924
856 997
857 101
857 314
857 443
857 460
857 725
857 751
857 807
857 850
857 854
857 856
857 896
857 953
857 959
858 122
858 516
858 597
858 671
858 716
858 747
858 812
858 816
858 861
858 868
858 887
858 921
858 986
859 566
859 592
859 623
859 640
859 704
859 774
859 799
859 840
859 866
859 953
859 958
859 968
859 969
859 983
860 111
860 220
860 286
860 383
860 413
860 618
860 708
860 789
860 830
860 841
860 906
860 963
860 991
860 992
861 403
861 432
861 826
861 858
861 862
861 879
861 913
861 937
861 947
861 963
861 974
861 990
861 997
861 999
862 66
862 130
862 323
862 341
862 525
862 531
862 554
862 808
862 832
862 833
862 836
862 861
862 914
862 982
863 269
863 379
863 401
863 478
863 556
863 667
863 678
863 710
863 786
863 798
863 801
863 846
863 867
863 981
864 130
864 302
864 389
864 428
864 474
864 541
864 680
864 814
864 906
864 929
864 935
864 949
864 962
864 976
865 124
865 373
865 414
865 671
865 713
865 873
865 886
865 904
865 945
865 946
865 953
865 977
865 987
865 993
866 270
866 338
866 472
866 550
866 584
866 603
866 742
866 854
866 859
866 870
866 911
866 972
866 984
866 999
867 67
867 83
867 311
867 378
867 581
867 688
867 761
867 831
867 853
867 863
867 881
867 925
867 954
867 959
867 995
868 164
868 319
868 664
868 678
868 816
868 850
868 858
868 879
868 891
868 892
868 904
868 918
868 956
868 967
868 988
869 28
869 98
869 429
869 502
869 548
869 576
869 677
869 806
869 833
869 924
869 952
869 960
869 989
869 993
869 999
870 21
870 172
870 342
870 396
870 484
870 524
870 699
870 715
870 730
870 866
870 909
870 935
870 965
870 979
870 992
871 297
871 306
871 349
871 523
871 716
871 722
871 728
871 759
871 785
871 814
871 815
871 891
871 911
871 961
871 966
872 43
872 220
872 533
872 539
872 540
872 577
872 661
872 765
872 812
872 825
872 842
872 914
872 944
872 968
872 985
873 24
873 38
873 461
873 531
873 641
873 750
873 865
873 885
873 915
873 949
873 957
873 966
873 971
873 972
873 987
874 198
874 329
874 421
874 465
874 511
874 621
874 635
874 838
874 904
874 919
874 936
874 968
874 983
874 996
874 997
875 1
875 319
875 361
875 507
875 558
875 733
875 833
875 888
875 896
875 961
875 966
875 978
875 983
875 988
875 998
876 38
876 64
876 68
876 200
876 228
876 291
876 380
876 432
876 748
876 798
876 833
876 839
876 905
876 912
876 958
877 86
877 166
877 341
877 377
877 519
877 553
877 607
877 754
877 794
877 838
877 856
877 942
877 954
877 964
877 985
878 188
878 209
878 275
878 467
878 761
878 804
878 816
878 820
878 851
878 856
878 882
878 892
878 894
878 901
878 942
879 280
879 334
879 368
879 507
879 626
879 706
879 781
879 790
879 831
879 861
879 868
879 905
879 909
879 923
879 924
880 362
880 452
880 468
880 549
880 629
880 651
880 779
880 845
880 881
880 883
880 887
880 923
880 971
880 985
880 999
881 307
881 348
881 398
881 616
881 659
881 670
881 766
881 843
881 867
881 880
881 888
881 959
881 974
881 978
881 982
882 101
882 291
882 578
882 708
882 826
882 878
882 909
882 931
882 940
882 964
882 973
882 991
882 993
882 994
882 999
883 106
883 271
883 459
883 534
883 634
883 702
883 741
883 764
883 782
883 801
883 812
883 815
883 880
883 969
883 981
884 9
884 11
884 30
884 102
884 384
884 439
884 546
884 591
884 599
884 715
884 895
884 896
884 928
884 941
884 956
885 139
885 155
885 257
885 375
885 383
885 388
885 423
885 473
885 605
885 682
885 873
885 928
885 938
885 946
885 969
885 993
886 39
886 559
886 562
886 594
886 683
886 722
886 736
886 763
886 790
886 837
886 865
886 891
886 893
886 916
886 962
886 974
887 19
887 212
887 267
887 345
887 455
887 517
887 675
887 696
887 719
887 833
887 848
887 851
887 858
887 880
887 950
887 958
888 413
888 521
888 561
888 601
888 608
888 723
888 852
888 853
888 875
888 881
888 895
888 903
888 917
888 918
888 981
888 991
889 115
889 118
889 238
889 271
889 329
889 497
889 716
889 718
889 827
889 893
889 904
889 925
889 936
889 942
889 965
889 993
890 4
890 36
890 144
890 190
890 311
890 462
890 469
890 575
890 711
890 719
890 738
890 770
890 802
890 810
890 922
890 961
891 63
891 192
891 279
891 425
891 590
891 701
891 772
891 798
891 802
891 868
891 871
891 886
891 897
891 938
891 939
891 945
892 262
892 378
892 538
892 575
892 709
892 868
892 878
892 900
892 910
892 920
892 925
892 944
892 954
892 957
892 966
892 987
893 182
893 380
893 454
893 531
893 601
893 853
893 886
893 889
893 900
893 901
893 902
893 914
893 936
893 942
893 958
893 966
894 151
894 154
894 301
894 514
894 625
894 639
894 646
894 648
894 791
894 800
894 842
894 878
894 895
894 901
894 987
894 991
895 282
895 353
895 485
895 557
895 732
895 884
895 888
895 894
895 926
895 930
895 967
895 969
895 979
895 985
895 987
895 997
896 313
896 439
896 593
896 647
896 674
896 810
896 850
896 857
896 875
896 884
896 902
896 909
896 941
896 954
896 971
896 986
896 989
897 3
897 201
897 476
897 499
897 520
897 540
897 549
897 648
897 684
897 741
897 773
897 855
897 891
897 911
897 931
897 940
897 963
898 92
898 247
898 384
898 435
898 484
898 503
898 699
898 701
898 748
898 768
898 770
898 824
898 830
898 853
898 922
898 929
898 944
899 50
899 142
899 239
899 286
899 374
899 394
899 420
899 497
899 542
899 604
899 696
899 813
899 818
899 841
899 929
899 932
899 997
900 40
900 103
900 250
900 365
900 469
900 523
900 665
900 823
900 840
900 892
900 893
900 932
900 937
900 944
900 957
900 964
900 981
901 127
901 311
901 386
901 492
901 609
901 635
901 672
901 717
901 743
901 808
901 878
901 893
901 894
901 912
901 936
901 942
901 962
902 296
902 358
902 393
902 457
902 459
902 693
902 700
902 755
902 777
902 893
902 896
902 940
902 953
902 957
902 978
902 982
902 993
903 116
903 233
903 293
903 412
903 446
903 487
903 510
903 563
903 567
903 652
903 766
903 774
903 888
903 911
903 986
903 988
903 995
904 479
904 556
904 574
904 593
904 605
904 685
904 784
904 802
904 816
904 865
904 868
904 874
904 889
904 936
904 942
904 978
904 988
905 35
905 119
905 440
905 497
905 631
905 648
905 677
905 708
905 711
905 735
905 849
905 876
905 879
905 936
905 951
905 953
905 977
905 993
906 12
906 100
906 147
906 225
906 428
906 689
906 739
906 755
906 777
906 855
906 860
906 864
906 918
906 922
906 926
906 950
906 968
906 994
907 135
907 292
907 404
907 532
907 612
907 696
907 758
907 759
907 834
907 848
907 912
907 919
907 920
907 930
907 931
907 959
907 967
907 991
908 50
908 74
908 185
908 219
908 748
908 783
908 813
908 817
908 838
908 911
908 917
908 925
908 946
908 952
908 962
908 966
908 989
908 999
909 113
909 137
909 400
909 407
909 409
909 422
909 442
909 756
909 781
909 824
909 844
909 870
909 879
909 882
909 896
909 931
909 939
909 976
910 18
910 168
910 570
910 581
910 585
910 600
910 609
910 679
910 713
910 723
910 792
910 809
910 817
910 892
910 914
910 935
910 941
910 993
911 24
911 99
911 149
911 228
911 546
911 645
911 672
911 681
911 866
911 871
911 897
911 903
911 908
911 930
911 938
911 950
911 968
911 990
912 108
912 132
912 297
912 630
912 698
912 706
912 737
912 751
912 790
912 798
912 856
912 876
912 901
912 907
912 921
912 959
912 964
912 991
913 460
913 485
913 536
913 569
913 655
913 673
913 727
913 785
913 795
913 800
913 836
913 861
913 918
913 947
913 961
913 963
913 975
913 987
913 994
914 339
914 461
914 493
914 547
914 578
914 653
914 681
914 748
914 842
914 862
914 872
914 893
914 910
914 921
914 933
914 944
914 948
914 971
914 982
915 1
915 145
915 191
915 221
915 481
915 515
915 586
915 691
915 767
915 773
915 835
915 846
915 873
915 944
915 948
915 954
915 967
915 973
915 995
916 64
916 90
916 113
916 264
916 363
916 472
916 574
916 627
916 639
916 654
916 774
916 818
916 835
916 886
916 927
916 945
916 962
916 977
916 979
917 16
917 75
917 163
917 364
917 483
917 485
917 501
917 583
917 594
917 803
917 852
917 888
917 908
917 927
917 940
917 957
917 959
917 973
917 986
918 393
918 406
918 449
918 487
918 561
918 657
918 668
918 730
918 849
918 868
918 888
918 906
918 913
918 922
918 947
918 966
918 978
918 983
918 989
919 18
919 55
919 386
919 495
919 563
919 644
919 658
919 727
919 764
919 779
919 812
919 854
919 855
919 874
919 907
919 957
919 966
919 981
919 985
920 79
920 178
920 564
920 588
920 684
920 722
920 750
920 755
920 789
920 809
920 830
920 837
920 892
920 907
920 928
920 931
920 942
920 954
920 968
920 996
921 111
921 207
921 276
921 333
921 391
921 394
921 466
921 469
921 500
921 546
921 591
921 635
921 803
921 858
921 912
921 914
921 933
921 950
921 954
921 955
922 155
922 343
922 508
922 626
922 720
922 739
922 745
922 774
922 794
922 799
922 805
922 822
922 851
922 890
922 898
922 906
922 918
922 928
922 995
922 998
923 68
923 206
923 296
923 409
923 522
923 590
923 615
923 683
923 726
923 742
923 771
923 879
923 880
923 934
923 944
923 958
923 972
923 973
923 981
923 984
924 72
924 109
924 444
924 564
924 604
924 645
924 665
924 667
924 826
924 832
924 856
924 869
924 879
924 939
924 941
924 944
924 948
924 967
924 976
924 991
924 998
925 283
925 420
925 474
925 593
925 620
925 649
925 725
925 752
925 758
925 776
925 804
925 810
925 851
925 867
925 889
925 892
925 908
925 937
925 943
925 967
925 998
926 128
926 226
926 336
926 346
926 495
926 636
926 759
926 760
926 821
926 828
926 831
926 843
926 846
926 895
926 906
926 947
926 966
926 976
926 978
926 980
926 985
926 992
927 8
927 499
927 531
927 552
927 585
927 640
927 644
927 713
927 754
927 798
927 841
927 845
927 916
927 917
927 933
927 934
927 940
927 948
927 951
927 960
927 983
927 985
928 97
928 131
928 148
928 352
928 415
928 486
928 560
928 572
928 603
928 609
928 623
928 690
928 719
928 786
928 839
928 884
928 885
928 920
928 922
928 953
928 960
928 987
929 292
929 298
929 440
929 525
929 548
929 641
929 694
929 777
929 793
929 801
929 826
929 864
929 898
929 899
929 943
929 946
929 959
929 964
929 967
929 968
929 977
929 983
929 999
930 215
930 260
930 323
930 364
930 365
930 475
930 477
930 498
930 584
930 712
930 766
930 772
930 823
930 830
930 895
930 907
930 911
930 940
930 965
930 982
930 989
930 997
930 999
931 57
931 173
931 195
931 348
931 499
931 517
931 595
931 617
931 635
931 687
931 734
931 737
931 781
931 844
931 882
931 897
931 907
931 909
931 920
931 935
931 940
931 972
931 983
932 62
932 141
932 243
932 284
932 285
932 298
932 512
932 585
932 599
932 644
932 685
932 756
932 795
932 809
932 899
932 900
932 935
932 944
932 955
932 961
932 970
932 990
932 992
933 142
933 213
933 267
933 412
933 455
933 500
933 606
933 613
933 707
933 779
933 805
933 824
933 914
933 921
933 927
933 946
933 951
933 955
933 967
933 980
933 985
933 994
933 999
934 121
934 200
934 306
934 354
934 410
934 448
934 534
934 589
934 676
934 724
934 766
934 784
934 811
934 827
934 923
934 927
934 943
934 948
934 950
934 958
934 972
934 981
934 996
935 76
935 123
935 220
935 283
935 357
935 475
935 561
935 596
935 619
935 770
935 778
935 796
935 803
935 807
935 864
935 870
935 910
935 931
935 932
935 942
935 945
935 950
935 980
935 990
936 153
936 283
936 612
936 614
936 654
936 673
936 682
936 749
936 772
936 782
936 783
936 804
936 808
936 874
936 889
936 893
936 901
936 904
936 905
936 938
936 939
936 942
936 983
936 986
937 5
937 46
937 77
937 154
937 457
937 466
937 575
937 652
937 658
937 666
937 793
937 806
937 822
937 861
937 900
937 925
937 946
937 949
937 952
937 969
937 970
937 980
937 998
937 999
938 121
938 197
938 317
938 340
938 506
938 542
938 639
938 649
938 675
938 691
938 717
938 729
938 752
938 792
938 838
938 885
938 891
938 911
938 936
938 946
938 952
938 973
938 989
938 997
939 129
939 224
939 239
939 251
939 277
939 375
939 388
939 456
939 612
939 687
939 707
939 729
939 730
939 774
939 891
939 909
939 924
939 936
939 954
939 964
939 975
939 979
939 987
939 993
940 120
940 150
940 211
940 248
940 411
940 534
940 559
940 626
940 638
940 699
940 732
940 741
940 823
940 882
940 897
940 902
940 917
940 927
940 930
940 931
940 951
940 975
940 982
940 995
941 91
941 302
941 402
941 480
941 568
941 643
941 662
941 670
941 677
941 799
941 841
941 884
941 896
941 910
941 924
941 943
941 959
941 974
941 975
941 978
941 980
941 987
941 991
941 993
942 51
942 194
942 231
942 351
942 416
942 575
942 686
942 698
942 804
942 846
942 877
942 878
942 889
942 893
942 901
942 904
942 920
942 935
942 936
942 951
942 956
942 975
942 995
942 996
943 39
943 274
943 333
943 337
943 409
943 410
943 435
943 452
943 478
943 490
943 558
943 628
943 690
943 797
943 831
943 925
943 929
943 934
943 941
943 945
943 954
943 980
943 989
943 990
943 998
944 33
944 44
944 263
944 377
944 416
944 454
944 460
944 542
944 612
944 704
944 778
944 872
944 892
944 898
944 900
944 914
944 915
944 923
944 924
944 932
944 946
944 971
944 976
944 977
944 993
945 174
945 222
945 233
945 441
945 521
945 592
945 720
945 767
945 803
945 807
945 811
945 832
945 839
945 865
945 891
945 916
945 935
945 943
945 952
945 953
945 963
945 967
945 973
945 978
945 989
945 996
946 102
946 423
946 514
946 636
946 642
946 656
946 674
946 679
946 700
946 735
946 746
946 800
946 847
946 865
946 885
946 908
946 929
946 933
946 937
946 938
946 944
946 949
946 960
946 977
946 985
946 989
947 6
947 44
947 246
947 258
947 341
947 356
947 362
947 468
947 618
947 702
947 750
947 767
947 775
947 829
947 861
947 913
947 918
947 926
947 950
947 951
947 955
947 959
947 962
947 983
947 986
947 990
948 7
948 23
948 125
948 288
948 299
948 367
948 482
948 492
948 510
948 554
948 838
948 914
948 915
948 924
948 927
948 934
948 957
948 961
948 962
948 965
948 968
948 969
948 973
948 988
948 994
948 995
949 21
949 225
949 266
949 307
949 315
949 344
949 467
949 553
949 619
949 652
949 662
949 705
949 750
949 780
949 794
949 795
949 822
949 841
949 864
949 873
949 937
949 946
949 956
949 970
949 987
949 988
949 996
950 119
950 271
950 294
950 359
950 432
950 621
950 675
950 678
950 684
950 703
950 760
950 789
950 805
950 806
950 832
950 837
950 887
950 906
950 911
950 921
950 934
950 935
950 947
950 958
950 968
950 971
950 975
951 20
951 96
951 251
951 316
951 342
951 441
951 445
951 487
951 632
951 671
951 705
951 723
951 734
951 790
951 822
951 830
951 905
951 927
951 933
951 940
951 942
951 947
951 957
951 963
951 964
951 986
951 987
952 191
952 300
952 305
952 430
952 533
952 566
952 568
952 592
952 652
952 671
952 690
952 712
952 774
952 775
952 802
952 811
952 839
952 869
952 908
952 937
952 938
952 945
952 953
952 957
952 958
952 972
952 984
953 88
953 225
953 333
953 354
953 450
953 456
953 471
953 641
953 683
953 729
953 767
953 783
953 803
953 811
953 857
953 859
953 865
953 902
953 905
953 928
953 945
953 952
953 972
953 973
953 981
953 988
953 994
954 22
954 158
954 290
954 305
954 326
954 370
954 386
954 539
954 604
954 628
954 670
954 769
954 799
954 867
954 877
954 892
954 896
954 915
954 920
954 921
954 939
954 943
954 956
954 960
954 961
954 966
954 991
954 994
955 169
955 212
955 268
955 289
955 329
955 335
955 356
955 397
955 530
955 567
955 651
955 688
955 693
955 735
955 807
955 812
955 825
955 921
955 932
955 933
955 947
955 978
955 981
955 988
955 990
955 991
955 993
955 998
956 17
956 320
956 346
956 352
956 458
956 534
956 546
956 550
956 619
956 687
956 697
956 709
956 750
956 788
956 796
956 817
956 822
956 828
956 830
956 854
956 868
956 884
956 942
956 949
956 954
956 965
956 989
956 990
957 95
957 257
957 444
957 489
957 520
957 590
957 632
957 638
957 720
957 754
957 763
957 795
957 840
957 845
957 873
957 892
957 900
957 902
957 917
957 919
957 948
957 951
957 952
957 968
957 973
957 983
957 986
957 995
958 24
958 47
958 49
958 88
958 170
958 176
958 278
958 307
958 518
958 559
958 567
958 649
958 714
958 718
958 742
958 756
958 827
958 834
958 837
958 859
958 876
958 887
958 893
958 923
958 934
958 950
958 952
958 966
959 41
959 128
959 260
959 281
959 282
959 307
959 484
959 508
959 513
959 615
959 620
959 732
959 823
959 824
959 847
959 854
959 857
959 867
959 881
959 907
959 912
959 917
959 929
959 941
959 947
959 962
959 981
959 998
960 177
960 312
960 391
960 402
960 420
960 535
960 585
960 609
960 612
960 696
960 714
960 742
960 754
960 758
960 773
960 813
960 828
960 850
960 869
960 927
960 928
960 946
960 954
960 963
960 973
960 974
960 995
960 997
960 999
961 290
961 395
961 427
961 442
961 473
961 515
961 570
961 602
961 646
961 659
961 664
961 760
961 784
961 871
961 875
961 890
961 913
961 932
961 948
961 954
961 964
961 971
961 972
961 973
961 974
961 981
961 990
961 995
961 997
962 82
962 146
962 183
962 213
962 232
962 245
962 366
962 438
962 619
962 698
962 738
962 749
962 762
962 788
962 838
962 848
962 864
962 886
962 901
962 908
962 916
962 947
962 948
962 959
962 969
962 974
962 985
962 989
962 990
963 9
963 25
963 47
963 148
963 151
963 345
963 405
963 526
963 530
963 578
963 610
963 624
963 649
963 702
963 705
963 789
963 792
963 800
963 809
963 855
963 860
963 861
963 897
963 913
963 945
963 951
963 960
963 972
963 986
963 993
964 125
964 265
964 404
964 441
964 442
964 481
964 493
964 516
964 591
964 592
964 594
964 713
964 758
964 779
964 839
964 877
964 882
964 900
964 912
964 929
964 939
964 951
964 961
964 967
964 978
964 979
964 983
964 985
964 992
964 999
965 163
965 194
965 284
965 328
965 463
965 465
965 501
965 538
965 541
965 547
965 589
965 621
965 691
965 717
965 726
965 733
965 870
965 889
965 930
965 948
965 956
965 968
965 971
965 973
965 974
965 977
965 985
965 994
965 997
965 999
966 22
966 31
966 340
966 428
966 563
966 588
966 618
966 624
966 701
966 741
966 806
966 820
966 850
966 871
966 873
966 875
966 892
966 893
966 908
966 918
966 919
966 926
966 954
966 958
966 974
966 987
966 993
966 995
966 997
966 998
967 56
967 134
967 449
967 463
967 494
967 526
967 532
967 567
967 568
967 581
967 639
967 718
967 808
967 824
967 853
967 868
967 895
967 907
967 915
967 924
967 925
967 929
967 933
967 945
967 964
967 984
967 988
967 989
967 991
967 999
968 57
968 77
968 91
968 139
968 141
968 277
968 390
968 437
968 529
968 583
968 586
968 652
968 728
968 796
968 826
968 840
968 859
968 872
968 874
968 906
968 911
968 920
968 929
968 948
968 950
968 957
968 965
968 972
968 982
968 983
968 998
969 29
969 236
969 270
969 309
969 327
969 387
969 426
969 446
969 477
969 480
969 497
969 503
969 506
969 513
969 518
969 697
969 707
969 767
969 840
969 843
969 848
969 859
969 883
969 885
969 895
969 937
969 948
969 962
969 971
969 989
969 994
970 48
970 49
970 196
970 223
970 317
970 373
970 382
970 413
970 415
970 446
970 504
970 530
970 594
970 637
970 645
970 654
970 697
970 721
970 772
970 780
970 797
970 829
970 841
970 932
970 937
970 949
970 978
970 980
970 989
970 990
970 999
971 140
971 187
971 207
971 371
971 382
971 519
971 520
971 570
971 616
971 656
971 705
971 765
971 776
971 790
971 798
971 812
971 873
971 880
971 896
971 914
971 944
971 950
971 961
971 965
971 969
971 977
971 981
971 986
971 991
971 994
971 997
971 999
972 18
972 74
972 78
972 239
972 280
972 417
972 418
972 442
972 503
972 549
972 603
972 616
972 647
972 683
972 686
972 740
972 763
972 775
972 820
972 849
972 866
972 873
972 923
972 931
972 934
972 952
972 953
972 961
972 963
972 968
972 984
972 988
973 32
973 91
973 118
973 241
973 502
973 563
973 647
973 685
973 704
973 714
973 718
973 750
973 757
973 769
973 882
973 915
973 917
973 923
973 938
973 945
973 948
973 953
973 957
973 960
973 961
973 965
973 979
973 982
973 984
973 986
973 988
973 997
973 999
974 29
974 36
974 73
974 87
974 249
974 268
974 287
974 415
974 436
974 470
974 545
974 584
974 597
974 650
974 723
974 739
974 751
974 762
974 764
974 821
974 861
974 881
974 886
974 941
974 960
974 961
974 962
974 965
974 966
974 987
974 988
974 990
974 995
974 998
975 19
975 49
975 66
975 79
975 130
975 157
975 183
975 304
975 312
975 322
975 325
975 425
975 444
975 495
975 650
975 669
975 688
975 713
975 731
975 732
975 768
975 791
975 793
975 799
975 810
975 812
975 826
975 853
975 913
975 939
975 940
975 941
975 942
975 950
975 998
976 2
976 48
976 137
976 183
976 189
976 206
976 306
976 361
976 372
976 373
976 390
976 515
976 560
976 586
976 665
976 693
976 716
976 771
976 773
976 788
976 831
976 833
976 845
976 848
976 854
976 864
976 909
976 924
976 926
976 944
976 981
976 985
976 991
976 994
976 998
977 42
977 122
977 125
977 176
977 304
977 339
977 412
977 422
977 480
977 492
977 605
977 608
977 645
977 655
977 675
977 711
977 749
977 783
977 788
977 806
977 845
977 849
977 865
977 905
977 916
977 929
977 944
977 946
977 965
977 971
977 985
977 990
977 992
977 997
977 999
978 36
978 57
978 85
978 90
978 140
978 179
978 320
978 332
978 517
978 546
978 563
978 569
978 622
978 661
978 663
978 666
978 685
978 765
978 794
978 796
978 803
978 833
978 875
978 881
978 902
978 904
978 918
978 926
978 941
978 945
978 955
978 964
978 970
978 984
978 985
978 999
979 35
979 46
979 87
979 98
979 152
979 205
979 217
979 242
979 256
979 262
979 411
979 431
979 457
979 491
979 577
979 603
979 650
979 653
979 664
979 704
979 706
979 713
979 732
979 744
979 762
979 763
979 818
979 841
979 870
979 895
979 916
979 939
979 964
979 973
979 985
979 998
979 999
980 52
980 61
980 115
980 138
980 143
980 151
980 167
980 182
980 272
980 285
980 291
980 317
980 323
980 401
980 415
980 530
980 580
980 618
980 654
980 684
980 697
980 708
980 721
980 757
980 759
980 772
980 789
980 797
980 829
980 926
980 933
980 935
980 937
980 941
980 943
980 970
980 991
980 995
981 15
981 34
981 65
981 201
981 260
981 336
981 436
981 625
981 636
981 673
981 699
981 710
981 746
981 787
981 795
981 799
981 827
981 828
981 830
981 837
981 850
981 863
981 883
981 888
981 900
981 919
981 923
981 934
981 953
981 955
981 959
981 961
981 971
981 976
981 984
981 989
981 991
981 997
982 51
982 129
982 152
982 191
982 214
982 248
982 340
982 348
982 360
982 361
982 371
982 441
982 488
982 509
982 532
982 558
982 586
982 596
982 598
982 640
982 648
982 673
982 751
982 765
982 778
982 785
982 787
982 820
982 862
982 881
982 902
982 914
982 930
982 940
982 968
982 973
982 984
982 988
982 998
983 153
983 234
983 363
983 382
983 467
983 469
983 502
983 538
983 571
983 583
983 593
983 617
983 631
983 641
983 660
983 663
983 730
983 757
983 767
983 775
983 779
983 797
983 819
983 826
983 841
983 859
983 874
983 875
983 918
983 927
983 929
983 931
983 936
983 947
983 957
983 964
983 968
983 996
983 997
984 26
984 122
984 161
984 163
984 204
984 388
984 406
984 435
984 450
984 481
984 505
984 511
984 545
984 566
984 582
984 602
984 623
984 631
984 674
984 695
984 705
984 723
984 785
984 792
984 815
984 823
984 827
984 866
984 923
984 952
984 967
984 972
984 973
984 978
984 981
984 982
984 988
984 991
984 992
984 997
985 76
985 103
985 265
985 281
985 310
985 401
985 424
985 451
985 494
985 505
985 526
985 539
985 554
985 566
985 624
985 634
985 691
985 731
985 737
985 818
985 825
985 872
985 877
985 880
985 895
985 919
985 926
985 927
985 933
985 946
985 962
985 964
985 965
985 976
985 977
985 978
985 979
985 986
985 990
985 991
986 73
986 93
986 112
986 168
986 171
986 236
986 258
986 317
986 384
986 431
986 519
986 610
986 616
986 617
986 655
986 684
986 686
986 754
986 771
986 775
986 791
986 799
986 806
986 855
986 858
986 896
986 903
986 917
986 936
986 947
986 951
986 957
986 963
986 971
986 973
986 985
986 992
986 994
986 997
986 998
987 2
987 55
987 80
987 87
987 107
987 139
987 211
987 325
987 488
987 547
987 559
987 597
987 600
987 621
987 682
987 737
987 741
987 743
987 750
987 762
987 784
987 803
987 816
987 830
987 844
987 865
987 873
987 892
987 894
987 895
987 913
987 928
987 939
987 941
987 949
987 951
987 966
987 974
987 992
987 993
987 999
988 65
988 109
988 148
988 152
988 179
988 244
988 300
988 316
988 353
988 370
988 392
988 395
988 408
988 409
988 455
988 529
988 553
988 561
988 633
988 688
988 721
988 725
988 747
988 801
988 845
988 868
988 875
988 903
988 904
988 948
988 949
988 953
988 955
988 967
988 972
988 973
988 974
988 982
988 984
988 995
988 998
988 999
989 10
989 40
989 89
989 134
989 188
989 337
989 344
989 425
989 443
989 471
989 511
989 540
989 583
989 608
989 611
989 661
989 741
989 745
989 746
989 752
989 793
989 824
989 835
989 845
989 869
989 896
989 908
989 918
989 930
989 938
989 943
989 945
989 946
989 956
989 962
989 967
989 969
989 970
989 981
989 990
989 991
989 992
989 996
990 73
990 81
990 92
990 153
990 165
990 274
990 276
990 294
990 320
990 345
990 370
990 395
990 452
990 509
990 544
990 545
990 588
990 644
990 662
990 663
990 665
990 674
990 756
990 772
990 820
990 861
990 911
990 932
990 935
990 943
990 947
990 955
990 956
990 961
990 962
990 970
990 974
990 977
990 985
990 989
990 991
990 992
990 994
991 81
991 104
991 136
991 156
991 214
991 320
991 374
991 453
991 478
991 547
991 577
991 601
991 638
991 644
991 646
991 653
991 659
991 705
991 749
991 758
991 787
991 797
991 808
991 860
991 882
991 888
991 894
991 907
991 912
991 924
991 941
991 954
991 955
991 967
991 971
991 976
991 980
991 981
991 984
991 985
991 989
991 990
991 992
992 38
992 53
992 68
992 144
992 156
992 230
992 246
992 259
992 272
992 359
992 398
992 430
992 437
992 537
992 608
992 622
992 632
992 663
992 674
992 679
992 697
992 700
992 729
992 754
992 765
992 780
992 802
992 825
992 841
992 846
992 860
992 870
992 926
992 932
992 964
992 977
992 984
992 986
992 987
992 989
992 990
992 991
992 996
993 86
993 143
993 174
993 185
993 221
993 281
993 302
993 321
993 324
993 376
993 424
993 569
993 613
993 614
993 645
993 652
993 676
993 708
993 726
993 739
993 753
993 774
993 775
993 804
993 814
993 823
993 843
993 865
993 869
993 882
993 885
993 889
993 902
993 905
993 910
993 939
993 941
993 944
993 955
993 963
993 966
993 987
993 994
993 996
994 61
994 71
994 88
994 208
994 249
994 333
994 374
994 400
994 428
994 468
994 479
994 520
994 525
994 527
994 537
994 543
994 555
994 640
994 689
994 690
994 718
994 733
994 754
994 762
994 787
994 794
994 828
994 831
994 844
994 848
994 849
994 882
994 906
994 913
994 933
994 948
994 953
994 954
994 965
994 969
994 971
994 976
994 986
994 990
994 993
994 999
995 118
995 123
995 137
995 185
995 215
995 229
995 251
995 264
995 327
995 335
995 342
995 432
995 464
995 467
995 541
995 542
995 590
995 606
995 628
995 682
995 702
995 715
995 734
995 745
995 746
995 778
995 790
995 793
995 794
995 795
995 812
995 837
995 867
995 903
995 915
995 922
995 940
995 942
995 948
995 957
995 960
995 961
995 966
995 974
995 980
995 988
995 996
996 3
996 6
996 26
996 54
996 60
996 106
996 158
996 166
996 242
996 273
996 414
996 444
996 483
996 507
996 510
996 522
996 555
996 595
996 613
996 629
996 645
996 658
996 672
996 674
996 688
996 715
996 745
996 796
996 809
996 814
996 817
996 829
996 833
996 835
996 846
996 854
996 874
996 920
996 934
996 942
996 945
996 949
996 983
996 989
996 992
996 993
996 995
996 999
997 19
997 59
997 195
997 209
997 224
997 253
997 305
997 353
997 356
997 372
997 378
997 430
997 443
997 471
997 486
997 518
997 544
997 555
997 582
997 611
997 615
997 640
997 657
997 702
997 719
997 724
997 745
997 819
997 856
997 861
997 874
997 895
997 899
997 930
997 938
997 960
997 961
997 965
997 966
997 971
997 973
997 977
997 981
997 983
997 984
997 986
997 998
997 999
998 9
998 29
998 95
998 98
998 112
998 161
998 284
998 290
998 332
998 358
998 369
998 402
998 445
998 484
998 504
998 524
998 560
998 579
998 601
998 641
998 666
998 680
998 706
998 710
998 716
998 741
998 747
998 769
998 775
998 807
998 819
998 875
998 922
998 924
998 925
998 937
998 943
998 955
998 959
998 966
998 968
998 974
998 975
998 976
998 979
998 982
998 986
998 988
998 997
999 25
999 65
999 78
999 113
999 135
999 167
999 321
999 335
999 360
999 429
999 474
999 518
999 554
999 606
999 629
999 644
999 648
999 649
999 655
999 660
999 713
999 717
999 745
999 796
999 813
999 861
999 866
999 869
999 880
999 882
999 908
999 929
999 930
999 933
999 937
999 960
999 964
999 965
999 967
999 970
999 971
999 973
999 977
999 978
999 979
999 987
999 988
999 994
999 996
999 997
