0 0 120 174 202
1 6 20 25 29 32 42 46 67 68 71 72 73 74 77 78 81 82 83 84 85 86 87 88 89 90 91 92 93 94 96 97 98 99 100 101 102 104 105 107 108 111 113 114 115 116 117 118 119 120 121 122 123 124 125 127 129 130 131 132 133 134 135 136 137 141 142 144 145 146 149 150 151 153 154 155 157 158 159 160 162 163 164 165 166 167 169 172 173 174 175 176 177 179 180 181 182 183 184 185 188 189 191 193 195 197 198 199 200 201 202 203 204 209 210 215 217 218 219 222 223 224 228
2 2
3 3 4
4 4 136
5 5
7 7 136
8 8
10 9 136
11 208
12 11
13 13 14 176
14 13 14
15 73
16 15
17 15
18 18 158 205
19 19
22 22
23 23
24 183
25 162
26 26
27 27 136
28 207
29 28
30 176
34 33
35 71 112
36 36 79
39 39 112
40 39 41
41 39 41 71 74
42 42 151
45 45 113
46 71 74 112 154 186
47 154 186
51 71
52 52 81
53 82
54 53
55 53
56 205
57 82
58 112 122
59 71
60 182
61 60 151
62 228
63 63 86
64 20 64
65 65 86
66 109
68 90
69 70
70 69
72 37 38 102
75 6
77 24 92 96 101 157 166 173 216
80 74
82 82 133 145
83 20 113
85 220
86 14 63
88 109
89 90 207 221
94 90
95 4
96 166 195 205
97 97
98 140 166
100 43 58 124 146 229
103 0 78 103 133 203 224
104 104 118 140
105 105
106 106
108 108 216
109 47 66 133
110 14 63 110 220
115 12 34
116 220
117 220
120 31
122 34
124 124 229
126 84
128 90
130 102 118 157 166
132 35
133 103 109
136 4 27
139 44 118 124 185 216 229
140 98 104 139 185 210
143 80 103
144 144
147 207
148 148
151 49
152 152
153 133
155 133 155 204
156 35 134 156
157 166
158 18 158
159 220
161 46 207
162 44 90
163 21
164 43
165 70
166 96 167 195
167 77 157 166
168 166
170 23 41 170
171 84 111 171
174 127
175 103 133
177 127
178 17 178
179 179
180 180
181 207
182 113 224
183 24
185 140
187 187
190 124 229
192 192
194 118 194 195 216
195 166
196 27 37 90
198 94
200 195
204 204
205 18 56 96 168 195 201
206 33 34 58 146
207 46 147 181 221
208 12 48 78
210 140
211 147 149
212 70 82 129 145 215
213 179 184 210 216
214 214
215 212
216 77
218 111
219 135 147 149 181 183 207 222
220 117 159
221 222
222 207
223 123 132 138 174 193
224 78 88 103 133 175 197
225 76 77 92 98 100 101 151 173 199 206
226 114 146 151 206 225
227 227
228 50 93 99 108 119 174 183 228
229 124 139 182