0 0
1 1
2 1
3 1
4 1
5 1
6 1
7 1
8 1
9 1
10 1
11 1
12 1
13 1
14 1
15 1
16 1
17 1
18 1
19 1
20 1
21 1
22 1
23 1
24 1
25 1
26 1
27 1
28 1
29 1
30 1
31 1
32 1
33 1
34 1
35 1
36 1
37 1
38 1
39 1
40 1
41 1
42 1
43 1
44 1
45 1
46 1
47 1
48 1
49 1
50 1
51 1
52 1
53 1
54 1
55 1
56 1
57 1
58 1
59 1
60 1
61 1
62 1
63 1
64 1
65 1
66 1
67 2
68 2
69 2
70 0
71 2
72 3
73 2
74 2
75 3
76 4
77 3
78 4
79 3
80 2
81 2
82 2
83 2
84 2
85 2
86 2
87 2
88 2
89 2
90 2
91 2
92 2
93 2
94 2
95 3
96 2
97 2
98 2
99 2
100 3
101 2
102 2
103 3
104 2
105 4
106 2
107 4
108 2
109 2
110 3
111 2
112 2
113 2
114 2
115 2
116 2
117 2
118 4
119 2
120 2
121 2
122 2
123 4
124 2
125 2
126 2
127 2
128 2
129 2
130 3
131 2
132 2
133 2
134 2
135 4
136 3
137 4
138 3
139 3
140 0
141 2
142 2
143 2
144 2
145 2
146 2
147 2
148 2
149 2
150 2
151 2
152 2
153 2
154 2
155 2
156 3
157 2
158 2
159 2
160 2
161 2
162 2
163 2
164 2
165 2
166 2
167 0
168 0
169 2
170 3
171 3
172 2
173 2
174 2
175 2
176 2
177 2
178 3
179 2
180 2
181 2
182 2
183 2
184 2
185 2
186 2
187 3
188 2
189 2
190 2
191 2
192 2
193 2
194 2
195 2
196 2
197 3
198 2
199 4
200 2
201 2
202 2
203 2
204 2
205 3
206 3
207 3
208 3
209 3
210 3
211 3
212 3
213 3
214 0
215 0
216 0
217 0
218 0
219 0
220 0
221 0
222 0
223 0
224 0
225 0
226 0
227 0
228 0
229 0