0 0
1 1
2 2
3 2
4 0
5 0
6 0
7 0
8 0
9 0
10 0
11 0
12 3
13 3
14 3
15 3
16 1
17 2
18 2
19 2
20 2
21 3
22 3
23 3
24 1
25 1
26 2
27 3
28 3
29 2
30 2
31 3
32 3
33 3
34 4
35 3
36 3
37 3
38 3
39 2
40 1
41 2
42 3
43 1
44 3
45 3
46 2
47 2
48 2
49 2
50 2
51 2
52 2
53 2
54 2
55 2
56 2
57 2
58 2
59 2
60 2
61 2
62 2
63 2
64 2
65 2
66 2
67 2
68 2
69 2
70 2
71 2
72 3
73 4
74 3
75 1
76 3
77 2
78 2
79 1
80 2
81 0
82 1
83 2
84 2
85 2
86 1
87 2
88 3
89 4
90 3
91 3
92 3
93 2
94 2
95 2
96 1
97 3
98 2
99 1
100 4
101 0
102 3
103 3
104 1
105 2
106 3
107 3
108 3
109 3
110 3
111 2
112 3
113 3
114 3
115 2
116 1
117 2
118 3
119 3
120 3
121 3
122 3
123 3
124 3
125 3
126 3
127 3
128 2
129 3
130 3
131 3
132 3
133 3
134 3
135 3
136 3
137 2
138 1
139 1
140 3
141 4
142 1
143 3
144 3
145 2
146 2
147 1
148 2
149 2
150 3
151 3
152 3
153 3
154 2
155 3
156 2
157 3
158 3
159 4
160 3
161 3
162 2
163 3
164 0
165 2
166 3
167 3
168 3
169 1
170 3
171 3
172 4
173 3
174 1
175 0
176 0
177 0
178 3
179 3
180 4
181 3
182 3
183 3
184 0
185 2
186 3
187 1
188 1
189 1
190 1
191 3
192 3
193 3
194 3
195 2
196 3
197 3
198 1
199 2
200 3
201 2
202 1
203 3
204 3
205 3
206 4
207 3
208 3
209 3
210 0
211 0
212 0
213 0
214 3
215 2
216 2
217 1
218 0
219 3
220 3
221 3
222 1
223 3
224 1
225 2
226 1
227 3
228 3
229 3
230 2
231 1
232 3
233 2
234 3
235 3
236 3
237 3
238 2
239 3
240 2
241 3
242 3
243 3
244 2
245 3
246 3
247 3
248 3
249 3
250 2
251 3
252 3
253 3
254 4
255 0
256 1
257 3
258 3
259 3
260 3
261 2
262 1
263 1
264 1